room_id,host_id,room_type,borough,neighborhood,reviews,overall_satisfaction,accommodates,bedrooms,price,minstay,latitude,longitude,last_modified
9759922,50157583,Shared room,,Weston-Pellam Park (91),1,0.0,4,1.0,84.0,,43.671117,-79.455889,2017-03-12 20:50:20.430803
13234739,18194342,Shared room,,Wychwood (94),0,0.0,4,1.0,65.0,,43.678863,-79.420966,2017-03-12 20:50:19.247223
17576830,45237656,Shared room,,Taylor-Massey (61),0,0.0,8,1.0,58.0,,43.692714,-79.301944,2017-03-12 20:50:17.940090
6523290,8502051,Shared room,,University (79),12,4.0,4,1.0,63.0,,43.666291,-79.401647,2017-03-12 20:49:55.715253
8255036,8502051,Shared room,,University (79),11,4.0,4,1.0,66.0,,43.667135,-79.401506,2017-03-12 20:49:55.712394
4053382,7421135,Shared room,,University (79),28,4.5,4,1.0,68.0,,43.666733,-79.401444,2017-03-12 20:49:55.707443
4849643,7421135,Shared room,,University (79),21,4.5,4,1.0,68.0,,43.66709,-79.40136,2017-03-12 20:49:54.320181
14724462,8502051,Shared room,,University (79),1,0.0,3,1.0,68.0,,43.666314,-79.3999,2017-03-12 20:49:54.307258
17540454,41321159,Shared room,,Moss Park (73),0,0.0,2,1.0,65.0,,43.659475,-79.37522,2017-03-12 20:49:54.294750
15144880,28404168,Shared room,,Roncesvalles (86),1,0.0,2,1.0,46.0,,43.644752,-79.435111,2017-03-12 20:49:51.333028
5650457,29282715,Shared room,,Agincourt North (129),0,0.0,2,1.0,42.0,,43.809097,-79.266163,2017-03-12 20:49:51.329034
14904487,85744469,Shared room,,Hillcrest Village (48),0,0.0,2,1.0,48.0,,43.810351,-79.364102,2017-03-12 20:49:51.322798
5432698,28181139,Shared room,,Bay Street Corridor (76),8,4.5,2,1.0,52.0,,43.667933,-79.388217,2017-03-12 20:49:51.312549
309402,1591140,Shared room,,Mount Pleasant East (99),82,5.0,2,1.0,54.0,,43.70926,-79.377067,2017-03-12 20:49:49.967559
4644945,15902550,Shared room,,Greenwood-Coxwell (65),69,4.5,2,1.0,42.0,,43.671898,-79.326281,2017-03-12 20:49:49.945042
14826150,92612746,Shared room,,Newtonbrook East (50),2,0.0,2,1.0,42.0,,43.781754,-79.412798,2017-03-12 20:49:49.941558
17577034,45237656,Shared room,,Taylor-Massey (61),0,0.0,8,1.0,39.0,,43.692746,-79.301196,2017-03-12 20:49:48.545792
16543728,95344940,Shared room,,Rosedale-Moore Park (98),0,0.0,2,1.0,31.0,,43.687437,-79.390409,2017-03-12 20:49:48.536549
17578548,45237656,Shared room,,Taylor-Massey (61),0,0.0,8,1.0,39.0,,43.692505,-79.30289,2017-03-12 20:49:47.161050
14267631,58788463,Shared room,,West Humber-Clairville (1),20,5.0,5,1.0,34.0,,43.731296,-79.614911,2017-03-12 20:49:47.158861
14281544,61123508,Shared room,,Willowdale East (51),0,0.0,2,1.0,41.0,,43.777932,-79.413402,2017-03-12 20:49:47.154560
7327225,38384255,Shared room,,Englemount-Lawrence (32),1,0.0,2,1.0,38.0,,43.718993,-79.444396,2017-03-12 20:49:47.151544
4492545,12033867,Shared room,,Bayview Village (52),6,4.0,2,1.0,34.0,,43.765312,-79.37981,2017-03-12 20:49:47.148347
14069640,16113742,Shared room,,Annex (95),1,0.0,2,1.0,38.0,,43.670555,-79.40044,2017-03-12 20:49:47.138609
14304567,85627631,Shared room,,Bay Street Corridor (76),12,5.0,2,1.0,33.0,,43.652995,-79.384168,2017-03-12 20:49:47.124524
15691868,101143632,Shared room,,North St.James Town (74),9,5.0,2,1.0,34.0,,43.668137,-79.377837,2017-03-12 20:49:45.668592
7403193,38200142,Shared room,,Moss Park (73),82,4.5,2,1.0,40.0,,43.658045,-79.370957,2017-03-12 20:49:45.651642
9064932,41773942,Shared room,,Moss Park (73),9,5.0,2,1.0,15.0,,43.656716,-79.369365,2017-03-12 20:49:44.360057
16378917,107273982,Shared room,,Moss Park (73),19,4.5,2,1.0,32.0,,43.657898,-79.370908,2017-03-12 20:49:44.342224
1545032,2396097,Shared room,,South Riverdale (70),0,0.0,4,1.0,222.0,,43.663413,-79.338615,2017-03-12 20:49:41.973967
12255652,3999603,Shared room,,Kennedy Park (124),0,0.0,1,1.0,279.0,,43.726491,-79.259565,2017-03-12 20:49:41.971720
3867653,18324268,Shared room,,Willowdale East (51),0,0.0,2,1.0,206.0,,43.768419,-79.410771,2017-03-12 20:49:40.746184
12932508,71007424,Shared room,,Bathurst Manor (34),0,0.0,2,1.0,152.0,,43.760674,-79.445006,2017-03-12 20:49:39.602046
16649787,107490688,Shared room,,Malvern (132),1,0.0,15,1.0,138.0,,43.79569,-79.222512,2017-03-12 20:49:38.370641
13696078,3992568,Shared room,,Waterfront Communities-The Island (77),10,5.0,4,1.0,136.0,,43.632325,-79.356562,2017-03-12 20:49:38.368030
11363128,59535195,Shared room,,Stonegate-Queensway (16),0,0.0,4,1.0,134.0,,43.626149,-79.51394,2017-03-12 20:49:38.365154
6750201,35343671,Shared room,,Waterfront Communities-The Island (77),1,0.0,1,1.0,106.0,,43.637268,-79.399944,2017-03-12 20:49:37.297465
8350059,44011860,Shared room,,Bay Street Corridor (76),0,0.0,1,1.0,107.0,,43.661683,-79.385328,2017-03-12 20:49:37.292304
8540030,44939645,Shared room,,North St.James Town (74),0,0.0,1,1.0,114.0,,43.669105,-79.379104,2017-03-12 20:49:37.289941
8653733,45479090,Shared room,,Kingsway South (15),0,0.0,1,1.0,113.0,,43.650918,-79.497948,2017-03-12 20:49:37.286384
14842824,20057460,Shared room,,South Parkdale (85),1,0.0,2,1.0,103.0,,43.63758,-79.425758,2017-03-12 20:49:35.781182
14529520,31823646,Shared room,,Waterfront Communities-The Island (77),1,0.0,1,1.0,84.0,,43.642749,-79.381017,2017-03-12 20:49:35.778333
3200370,1180733,Shared room,,Church-Yonge Corridor (75),0,0.0,1,1.0,92.0,,43.659827,-79.37725,2017-03-12 20:49:35.775265
9146137,47624987,Shared room,,Banbury-Don Mills (42),1,0.0,1,1.0,96.0,,43.729905,-79.335949,2017-03-12 20:49:35.771856
4463994,20487380,Shared room,,Waterfront Communities-The Island (77),2,0.0,2,1.0,84.0,,43.637713,-79.399604,2017-03-12 20:49:35.768308
7226420,37832344,Shared room,,Palmerston-Little Italy (80),0,0.0,2,1.0,69.0,,43.659271,-79.423631,2017-03-12 20:49:33.332624
12288385,621448,Shared room,,The Beaches (63),1,0.0,4,1.0,75.0,,43.677155,-79.300389,2017-03-12 20:49:33.329992
8614143,45315440,Shared room,,Church-Yonge Corridor (75),0,0.0,1,1.0,65.0,,43.668687,-79.382403,2017-03-12 20:49:33.323707
14136762,48914599,Shared room,,Mount Pleasant East (99),5,5.0,5,1.0,65.0,,43.708279,-79.379613,2017-03-12 20:49:33.321538
16491388,27021513,Shared room,,Greenwood-Coxwell (65),0,0.0,1,1.0,64.0,,43.662692,-79.328058,2017-03-12 20:49:33.319260
15057938,966705,Shared room,,Mimico (includes Humber Bay Shores) (17),0,0.0,1,1.0,68.0,,43.610396,-79.489239,2017-03-12 20:49:33.316748
8575910,43111475,Shared room,,Woodbine Corridor (64),0,0.0,1,1.0,75.0,,43.684191,-79.316149,2017-03-12 20:49:33.311263
16273055,49592459,Shared room,,Pleasant View (46),0,0.0,2,1.0,73.0,,43.798665,-79.336607,2017-03-12 20:49:33.308967
627217,3057451,Shared room,,Weston-Pellam Park (91),0,0.0,1,1.0,76.0,,43.673681,-79.460316,2017-03-12 20:49:33.303747
14826254,5905827,Shared room,,High Park North (88),0,0.0,1,1.0,76.0,,43.657898,-79.463726,2017-03-12 20:49:33.300894
2334361,11508116,Shared room,,Bayview Village (52),0,0.0,1,1.0,73.0,,43.787503,-79.373014,2017-03-12 20:49:33.298816
16282200,21227681,Shared room,,South Riverdale (70),1,0.0,4,1.0,75.0,,43.663795,-79.340356,2017-03-12 20:49:33.295789
13336172,4032576,Shared room,,Bay Street Corridor (76),0,0.0,3,1.0,81.0,,43.668358,-79.389101,2017-03-12 20:49:33.292949
15870170,102880078,Shared room,,Parkwoods-Donalda (45),0,0.0,2,1.0,76.0,,43.762386,-79.330625,2017-03-12 20:49:33.290704
13844027,4883384,Shared room,,South Riverdale (70),1,0.0,2,1.0,65.0,,43.664614,-79.350037,2017-03-12 20:49:33.288206
3517167,16758992,Shared room,,Waterfront Communities-The Island (77),47,4.5,2,1.0,75.0,,43.639158,-79.398186,2017-03-12 20:49:33.284237
629995,1698603,Shared room,,Roncesvalles (86),2,0.0,1,1.0,49.0,,43.643717,-79.432827,2017-03-12 20:49:31.520615
13973367,15349217,Shared room,,Niagara (82),0,0.0,2,1.0,54.0,,43.642086,-79.416882,2017-03-12 20:49:31.518422
13752511,55419966,Shared room,,Waterfront Communities-The Island (77),0,0.0,1,1.0,45.0,,43.642776,-79.400308,2017-03-12 20:49:31.515977
1822329,8024877,Shared room,,Trinity-Bellwoods (81),5,5.0,2,1.0,42.0,,43.647351,-79.410407,2017-03-12 20:49:31.512894
12388076,37832344,Shared room,,Palmerston-Little Italy (80),5,4.5,2,1.0,61.0,,43.659187,-79.42177,2017-03-12 20:49:31.510032
8186245,4769896,Shared room,,Dovercourt-Wallace Emerson-Junction (93),0,0.0,1,1.0,62.0,,43.667181,-79.434396,2017-03-12 20:49:31.507262
11483484,39942053,Shared room,,Cabbagetown-South St.James Town (71),0,0.0,2,1.0,49.0,,43.66366,-79.373365,2017-03-12 20:49:31.504452
13797078,44738680,Shared room,,Church-Yonge Corridor (75),0,0.0,1,1.0,53.0,,43.669869,-79.384438,2017-03-12 20:49:31.502075
6317047,32867050,Shared room,,Niagara (82),20,5.0,2,1.0,44.0,,43.635972,-79.405455,2017-03-12 20:49:31.493140
13892707,49671140,Shared room,,Mount Pleasant West (104),0,0.0,2,1.0,49.0,,43.705793,-79.396371,2017-03-12 20:49:29.864366
1422942,1471640,Shared room,,Niagara (82),13,5.0,2,1.0,54.0,,43.636901,-79.420024,2017-03-12 20:49:29.862127
4021981,17017900,Shared room,,South Parkdale (85),3,4.5,2,1.0,46.0,,43.639267,-79.42242,2017-03-12 20:49:29.859295
842016,1930866,Shared room,,Casa Loma (96),0,0.0,1,1.0,52.0,,43.68536,-79.407455,2017-03-12 20:49:29.856572
739667,3849037,Shared room,,South Riverdale (70),0,0.0,2,1.0,48.0,,43.661329,-79.350818,2017-03-12 20:49:29.853654
7546596,39512527,Shared room,,Willowdale East (51),5,5.0,1,1.0,49.0,,43.762158,-79.409835,2017-03-12 20:49:29.851176
15085017,95457763,Shared room,,Bay Street Corridor (76),0,0.0,1,1.0,58.0,,43.656373,-79.385054,2017-03-12 20:49:29.847861
15889962,13757543,Shared room,,Waterfront Communities-The Island (77),1,0.0,1,1.0,44.0,,43.637469,-79.397239,2017-03-12 20:49:29.845266
13540340,20933645,Shared room,,High Park North (88),1,0.0,1,1.0,46.0,,43.656299,-79.467066,2017-03-12 20:49:29.842665
4477550,5072141,Shared room,,Niagara (82),0,0.0,1,1.0,54.0,,43.642513,-79.414081,2017-03-12 20:49:29.839768
13920619,30614128,Shared room,,West Humber-Clairville (1),1,0.0,1,1.0,42.0,,43.73103,-79.619142,2017-03-12 20:49:29.837344
14893455,93455053,Shared room,,Bathurst Manor (34),0,0.0,1,1.0,58.0,,43.762561,-79.456171,2017-03-12 20:49:29.835037
11228863,14980718,Shared room,,O'Connor-Parkview (54),0,0.0,1,1.0,54.0,,43.706795,-79.295145,2017-03-12 20:49:29.831252
14664497,52020758,Shared room,,Waterfront Communities-The Island (77),3,4.5,1,1.0,55.0,,43.640186,-79.384224,2017-03-12 20:49:29.829083
16645563,110005486,Shared room,,Lansing-Westgate (38),0,0.0,2,1.0,58.0,,43.764446,-79.417303,2017-03-12 20:49:29.826867
6992357,34043971,Shared room,,Waterfront Communities-The Island (77),55,4.5,1,1.0,52.0,,43.639053,-79.398313,2017-03-12 20:49:29.824160
13221610,26743967,Shared room,,Annex (95),0,0.0,1,1.0,54.0,,43.671253,-79.402651,2017-03-12 20:49:29.821977
12977878,68842674,Shared room,,Victoria Village (43),0,0.0,1,1.0,42.0,,43.726825,-79.309692,2017-03-12 20:49:29.814712
12761272,621448,Shared room,,The Beaches (63),2,0.0,1,1.0,46.0,,43.677908,-79.300686,2017-03-12 20:49:27.615148
14580193,90370397,Shared room,,Waterfront Communities-The Island (77),0,0.0,1,1.0,49.0,,43.644355,-79.398918,2017-03-12 20:49:27.612826
14549154,90039246,Shared room,,Kensington-Chinatown (78),1,0.0,1,1.0,50.0,,43.656545,-79.391859,2017-03-12 20:49:27.610777
14920149,16346801,Shared room,,South Parkdale (85),0,0.0,1,1.0,52.0,,43.636097,-79.433059,2017-03-12 20:49:27.608115
12410022,19537956,Shared room,,Waterfront Communities-The Island (77),0,0.0,2,1.0,52.0,,43.644789,-79.390252,2017-03-12 20:49:27.605944
9215523,33964200,Shared room,,Willowdale East (51),0,0.0,1,1.0,46.0,,43.759997,-79.408357,2017-03-12 20:49:27.603638
17511269,4574786,Shared room,,Church-Yonge Corridor (75),0,0.0,2,1.0,54.0,,43.65518,-79.379926,2017-03-12 20:49:27.600261
8168903,43113897,Shared room,,Casa Loma (96),0,0.0,1,1.0,58.0,,43.685054,-79.408889,2017-03-12 20:49:27.597463
13997389,83610525,Shared room,,Mount Pleasant West (104),0,0.0,1,1.0,61.0,,43.707112,-79.395127,2017-03-12 20:49:27.595220
17185023,115570888,Shared room,,Humbermede (22),0,0.0,2,1.0,58.0,,43.748829,-79.538588,2017-03-12 20:49:27.592873
14929781,93875408,Shared room,,Waterfront Communities-The Island (77),3,5.0,1,1.0,49.0,,43.641603,-79.392179,2017-03-12 20:49:27.590355
16042270,12406906,Shared room,,Waterfront Communities-The Island (77),2,0.0,2,1.0,48.0,,43.645681,-79.392304,2017-03-12 20:49:27.588141
8168525,7668155,Shared room,,Caledonia-Fairbank (109),0,0.0,1,1.0,58.0,,43.684594,-79.454688,2017-03-12 20:49:27.585531
17592760,81485952,Shared room,,Taylor-Massey (61),1,0.0,2,1.0,42.0,,43.693495,-79.299111,2017-03-12 20:49:27.583443
14417955,12495313,Shared room,,Church-Yonge Corridor (75),0,0.0,1,1.0,52.0,,43.654041,-79.375727,2017-03-12 20:49:27.579252
14051969,7953406,Shared room,,Waterfront Communities-The Island (77),35,4.5,2,1.0,46.0,,43.642639,-79.382618,2017-03-12 20:49:27.574969
14116577,84901826,Shared room,,Waterfront Communities-The Island (77),25,5.0,1,1.0,42.0,,43.641091,-79.382568,2017-03-12 20:49:27.571669
14102173,80588076,Shared room,,Morningside (135),1,0.0,1,1.0,16.0,,43.78607,-79.196262,2017-03-12 20:49:25.396866
11436560,31554886,Shared room,,Waterfront Communities-The Island (77),0,0.0,12,1.0,23.0,,43.623045,-79.361434,2017-03-12 20:49:25.393815
9648167,143460,Shared room,,Niagara (82),1,0.0,1,1.0,31.0,,43.640253,-79.414157,2017-03-12 20:49:25.391048
14070024,25389259,Shared room,,Waterfront Communities-The Island (77),12,5.0,1,1.0,32.0,,43.645731,-79.391561,2017-03-12 20:49:25.387414
15661553,10323838,Shared room,,Bay Street Corridor (76),3,5.0,2,1.0,37.0,,43.646676,-79.385641,2017-03-12 20:49:24.380164
9739811,50047928,Shared room,,Don Valley Village (47),0,0.0,2,1.0,31.0,,43.787407,-79.365414,2017-03-12 20:49:24.378280
3457807,3082565,Shared room,,Dufferin Grove (83),6,5.0,1,1.0,27.0,,43.66079,-79.430147,2017-03-12 20:49:24.375673
13006818,13964683,Shared room,,Newtonbrook East (50),0,0.0,2,1.0,34.0,,43.781135,-79.412004,2017-03-12 20:49:24.373375
10970420,55296043,Shared room,,Kensington-Chinatown (78),0,0.0,1,1.0,26.0,,43.653141,-79.390161,2017-03-12 20:49:24.367179
10615015,10060235,Shared room,,Don Valley Village (47),0,0.0,1,1.0,20.0,,43.777501,-79.349064,2017-03-12 20:49:24.364388
14094245,82513185,Shared room,,Willowdale West (37),2,0.0,1,1.0,25.0,,43.773085,-79.414078,2017-03-12 20:49:24.358008
9770678,46069619,Shared room,,Caledonia-Fairbank (109),4,4.5,1,1.0,20.0,,43.687141,-79.448457,2017-03-12 20:49:24.352401
12535525,67912447,Shared room,,Church-Yonge Corridor (75),13,4.5,2,1.0,38.0,,43.659906,-79.38003,2017-03-12 20:49:24.349715
14696040,10154821,Shared room,,Willowdale East (51),7,5.0,1,1.0,20.0,,43.770377,-79.410786,2017-03-12 20:49:24.346528
14298347,80588076,Shared room,,Morningside (135),0,0.0,1,1.0,16.0,,43.787937,-79.195982,2017-03-12 20:49:22.625906
9610404,41290214,Shared room,,Bay Street Corridor (76),0,0.0,1,1.0,38.0,,43.669049,-79.38847,2017-03-12 20:49:22.618911
16069289,92986133,Shared room,,Taylor-Massey (61),2,0.0,1,1.0,18.0,,43.694805,-79.291424,2017-03-12 20:49:22.616208
11180488,58184148,Shared room,,Niagara (82),0,0.0,1,1.0,31.0,,43.642393,-79.404476,2017-03-12 20:49:22.613960
8752500,45904649,Shared room,,Bendale (127),1,0.0,1,1.0,27.0,,43.769825,-79.251111,2017-03-12 20:49:22.611355
14232592,80588076,Shared room,,Morningside (135),1,0.0,1,1.0,16.0,,43.78767,-79.196593,2017-03-12 20:49:22.607598
5771714,29943032,Shared room,,Waterfront Communities-The Island (77),13,5.0,1,1.0,40.0,,43.641224,-79.381537,2017-03-12 20:49:22.605053
17576119,45237656,Shared room,,Taylor-Massey (61),0,0.0,8,1.0,20.0,,43.692592,-79.301459,2017-03-12 20:49:22.599781
3796954,7421135,Shared room,,Annex (95),9,3.5,4,1.0,34.0,,43.667448,-79.400603,2017-03-12 20:49:22.597710
16069455,92986133,Shared room,,Taylor-Massey (61),0,0.0,1,1.0,18.0,,43.695187,-79.290583,2017-03-12 20:49:22.593958
16069552,92986133,Shared room,,Oakridge (121),0,0.0,1,1.0,18.0,,43.696489,-79.290372,2017-03-12 20:49:22.591755
11511082,57206085,Shared room,,Annex (95),8,4.0,2,1.0,38.0,,43.667767,-79.405139,2017-03-12 20:49:20.924087
13514885,25594306,Shared room,,Wychwood (94),0,0.0,1,1.0,34.0,,43.680062,-79.433578,2017-03-12 20:49:20.921359
10431136,46069619,Shared room,,Caledonia-Fairbank (109),2,0.0,1,1.0,20.0,,43.68517,-79.44924,2017-03-12 20:49:20.919104
3849396,19845741,Shared room,,Waterfront Communities-The Island (77),3,4.5,1,1.0,38.0,,43.641152,-79.398062,2017-03-12 20:49:20.916152
5946887,8502051,Shared room,,University (79),31,4.5,4,1.0,37.0,,43.666782,-79.401739,2017-03-12 20:49:20.909460
12116444,45693789,Shared room,,Kensington-Chinatown (78),0,0.0,1,1.0,34.0,,43.654758,-79.402673,2017-03-12 20:49:20.906374
12826718,69987979,Shared room,,Bay Street Corridor (76),6,4.5,1,1.0,31.0,,43.668695,-79.389327,2017-03-12 20:49:20.902931
16634374,12767398,Shared room,,Dovercourt-Wallace Emerson-Junction (93),0,0.0,3,1.0,23.0,,43.66535,-79.446292,2017-03-12 20:49:20.896716
885347,4692027,Shared room,,Mimico (includes Humber Bay Shores) (17),7,4.5,3,1.0,10.0,,43.613357,-79.487409,2017-03-12 20:49:20.890239
14723913,8502051,Shared room,,University (79),3,3.5,2,1.0,34.0,,43.665934,-79.400301,2017-03-12 20:49:20.885575
12825217,46069619,Shared room,,Caledonia-Fairbank (109),2,0.0,1,1.0,20.0,,43.685544,-79.448702,2017-03-12 20:49:20.883014
17462198,115370593,Shared room,,Dovercourt-Wallace Emerson-Junction (93),0,0.0,1,1.0,14.0,,43.666317,-79.447244,2017-03-12 20:49:20.879657
144293,699421,Shared room,,Weston (113),4,4.5,1,1.0,20.0,,43.69958,-79.516388,2017-03-12 20:49:20.876685
6829386,1935240,Shared room,,Dovercourt-Wallace Emerson-Junction (93),6,4.5,2,1.0,38.0,,43.663654,-79.439195,2017-03-12 20:49:20.874215
11220512,50836566,Shared room,,Parkwoods-Donalda (45),3,5.0,3,1.0,22.0,,43.764264,-79.343512,2017-03-12 20:49:19.200511
5173230,8502051,Shared room,,University (79),31,4.5,4,1.0,34.0,,43.66609,-79.400077,2017-03-12 20:49:19.196220
10430600,46069619,Shared room,,Caledonia-Fairbank (109),9,4.0,1,1.0,20.0,,43.685298,-79.447214,2017-03-12 20:49:19.193609
7109921,13829706,Shared room,,North St.James Town (74),0,0.0,2,1.0,27.0,,43.670084,-79.370398,2017-03-12 20:49:19.191241
14853143,92986133,Shared room,,Taylor-Massey (61),2,0.0,1,1.0,18.0,,43.696507,-79.291872,2017-03-12 20:49:19.188258
9794244,46069619,Shared room,,Caledonia-Fairbank (109),10,4.0,1,1.0,20.0,,43.685754,-79.448628,2017-03-12 20:49:19.184062
16069655,92986133,Shared room,,Taylor-Massey (61),1,0.0,1,1.0,18.0,,43.696407,-79.291737,2017-03-12 20:49:19.181797
17524245,45237656,Shared room,,Taylor-Massey (61),0,0.0,8,1.0,20.0,,43.692096,-79.302759,2017-03-12 20:49:19.179825
16793539,60997783,Shared room,,Niagara (82),0,0.0,1,1.0,30.0,,43.636992,-79.402599,2017-03-12 20:49:19.177744
10890789,44387155,Shared room,,Flemingdon Park (44),0,0.0,1,1.0,16.0,,43.711758,-79.329179,2017-03-12 20:49:19.175691
17576913,45237656,Shared room,,Taylor-Massey (61),0,0.0,8,1.0,20.0,,43.692134,-79.303101,2017-03-12 20:49:19.173697
4175178,12767398,Shared room,,Dovercourt-Wallace Emerson-Junction (93),3,4.5,2,1.0,18.0,,43.665051,-79.446321,2017-03-12 20:49:19.169239
15815612,37488630,Shared room,,Mount Pleasant West (104),0,0.0,1,1.0,20.0,,43.700217,-79.390757,2017-03-12 20:49:19.161683
8534996,44935357,Shared room,,Tam O'Shanter-Sullivan (118),0,0.0,1,1.0,14.0,,43.781252,-79.295867,2017-03-12 20:49:17.718154
5556172,7921343,Shared room,,Broadview North (57),19,4.5,2,1.0,33.0,,43.688297,-79.349284,2017-03-12 20:49:17.715082
7952411,4388534,Shared room,,Niagara (82),20,4.5,1,1.0,38.0,,43.636016,-79.406298,2017-03-12 20:49:17.709590
17241006,116163679,Shared room,,Waterfront Communities-The Island (77),2,0.0,1,1.0,20.0,,43.640487,-79.400221,2017-03-12 20:49:17.699567
4653026,24085234,Shared room,,Caledonia-Fairbank (109),0,0.0,3,1.0,27.0,,43.68679,-79.459343,2017-03-12 20:49:17.681337
17528508,45237656,Shared room,,Taylor-Massey (61),0,0.0,8,1.0,20.0,,43.694144,-79.299588,2017-03-12 20:49:17.675503
4302779,22266980,Shared room,,Church-Yonge Corridor (75),33,4.5,2,1.0,37.0,,43.656205,-79.375437,2017-03-12 20:49:17.670826
13824780,50157583,Shared room,,Weston-Pellam Park (91),1,0.0,2,1.0,23.0,,43.671368,-79.455856,2017-03-12 20:49:17.661280
17575814,45237656,Shared room,,Taylor-Massey (61),0,0.0,8,1.0,20.0,,43.693483,-79.301694,2017-03-12 20:49:17.658429
3461883,17444616,Shared room,,Waterfront Communities-The Island (77),14,4.5,1,1.0,38.0,,43.647828,-79.400612,2017-03-12 20:49:17.654488
14654985,61573874,Shared room,,Tam O'Shanter-Sullivan (118),0,0.0,2,1.0,20.0,,43.771816,-79.309606,2017-03-12 20:49:16.044032
9598148,47337296,Shared room,,Islington-City Centre West (14),26,4.5,2,1.0,25.0,,43.622481,-79.516255,2017-03-12 20:49:16.041374
15250763,96982944,Shared room,,Willowdale East (51),0,0.0,1,1.0,20.0,,43.76296,-79.411078,2017-03-12 20:49:16.036197
14663206,61573874,Shared room,,Tam O'Shanter-Sullivan (118),0,0.0,4,1.0,20.0,,43.771029,-79.311266,2017-03-12 20:49:16.033342
13843991,61877044,Shared room,,Annex (95),21,4.0,1,1.0,20.0,,43.678888,-79.395488,2017-03-12 20:49:16.015066
13653403,3985338,Shared room,,Waterfront Communities-The Island (77),0,0.0,1,1.0,23.0,,43.642404,-79.383156,2017-03-12 20:49:15.994152
13573684,58652393,Shared room,,Dovercourt-Wallace Emerson-Junction (93),9,5.0,2,1.0,27.0,,43.662406,-79.424549,2017-03-12 20:49:15.987849
7246096,37345630,Shared room,,Bedford Park-Nortown (39),72,5.0,1,1.0,19.0,,43.725283,-79.429374,2017-03-12 20:49:15.984810
16788043,34108478,Shared room,,Oakwood Village (107),0,0.0,2,1.0,35.0,,43.693918,-79.443354,2017-03-12 20:49:15.978748
13980289,76428590,Shared room,,Church-Yonge Corridor (75),12,5.0,1,1.0,38.0,,43.663014,-79.383416,2017-03-12 20:49:15.970135
13992789,13669539,Shared room,,Mount Pleasant West (104),1,0.0,1,1.0,20.0,,43.699764,-79.391528,2017-03-12 20:49:14.453175
15899057,103123027,Shared room,,Willowdale East (51),0,0.0,1,1.0,31.0,,43.759306,-79.407831,2017-03-12 20:49:14.450940
15314455,97321849,Shared room,,Cabbagetown-South St.James Town (71),13,5.0,2,1.0,22.0,,43.66713,-79.372473,2017-03-12 20:49:14.448463
4002741,20667851,Shared room,,Regent Park (72),126,4.5,2,1.0,31.0,,43.658154,-79.3635,2017-03-12 20:49:14.444799
16752719,13155481,Shared room,,Waterfront Communities-The Island (77),0,0.0,1,1.0,38.0,,43.637349,-79.389804,2017-03-12 20:49:14.440088
10209071,52450011,Shared room,,Annex (95),2,0.0,1,1.0,20.0,,43.666556,-79.406115,2017-03-12 20:49:14.436138
15678076,1717897,Shared room,,Yonge-St.Clair (97),0,0.0,2,1.0,29.0,,43.692365,-79.396794,2017-03-12 20:49:14.434075
13808034,7118464,Shared room,,Waterfront Communities-The Island (77),0,0.0,6,1.0,15.0,,43.641494,-79.381145,2017-03-12 20:49:14.431647
14030071,29690015,Shared room,,Englemount-Lawrence (32),17,5.0,2,1.0,34.0,,43.718285,-79.442194,2017-03-12 20:49:14.427719
16181077,105654800,Shared room,,East End-Danforth (62),1,0.0,2,1.0,14.0,,43.688648,-79.300662,2017-03-12 20:49:14.425600
11142185,57906872,Shared room,,Annex (95),1,0.0,2,1.0,26.0,,43.672665,-79.414074,2017-03-12 20:49:14.421638
9918337,50203566,Shared room,,Briar Hill-Belgravia (108),4,4.5,2,1.0,28.0,,43.703311,-79.439338,2017-03-12 20:49:14.417397
14026032,52369289,Shared room,,Annex (95),21,5.0,1,1.0,27.0,,43.66845,-79.404096,2017-03-12 20:49:14.415039
10361301,53327872,Shared room,,Broadview North (57),0,0.0,1,1.0,10.0,,43.689384,-79.34899,2017-03-12 20:49:12.571784
16690972,109493820,Shared room,,Mount Pleasant West (104),1,0.0,2,1.0,18.0,,43.710058,-79.393356,2017-03-12 20:49:12.569620
6756609,28003545,Shared room,,Humewood-Cedarvale (106),1,0.0,2,1.0,36.0,,43.684153,-79.419792,2017-03-12 20:49:12.567439
14828225,92737847,Shared room,,Woodbine-Lumsden (60),1,0.0,2,1.0,23.0,,43.690021,-79.311949,2017-03-12 20:49:12.562580
16131043,105219240,Shared room,,Waterfront Communities-The Island (77),2,0.0,2,1.0,27.0,,43.64396,-79.389596,2017-03-12 20:49:12.559512
11341710,3862144,Shared room,,Moss Park (73),59,4.5,3,1.0,12.0,,43.655757,-79.37095,2017-03-12 20:49:12.556595
17593829,79309268,Shared room,,Cabbagetown-South St.James Town (71),0,0.0,2,1.0,38.0,,43.66362,-79.376378,2017-03-12 20:49:12.551145
17174786,7010032,Shared room,,High Park-Swansea (87),0,0.0,1,1.0,38.0,,43.637278,-79.468559,2017-03-12 20:49:12.549030
7156586,20305492,Shared room,,High Park North (88),3,4.0,2,1.0,31.0,,43.6563,-79.459302,2017-03-12 20:49:12.546059
9790418,30594074,Shared room,,Waterfront Communities-The Island (77),37,5.0,1,1.0,38.0,,43.63919,-79.384825,2017-03-12 20:49:12.537329
15645034,25318376,Shared room,,Trinity-Bellwoods (81),3,4.5,1,1.0,31.0,,43.649509,-79.411068,2017-03-12 20:49:12.534704
14288374,27675405,Shared room,,Lawrence Park South (103),1,0.0,2,1.0,15.0,,43.718789,-79.394661,2017-03-12 20:49:12.531624
13846035,76775244,Shared room,,Mount Pleasant East (99),0,0.0,1,1.0,23.0,,43.710694,-79.38653,2017-03-12 20:49:12.527635
14627498,74070292,Shared room,,Bay Street Corridor (76),19,5.0,2,1.0,38.0,,43.655875,-79.384482,2017-03-12 20:49:10.872990
17267794,104685067,Shared room,,Niagara (82),1,0.0,1,1.0,18.0,,43.642541,-79.412442,2017-03-12 20:49:10.869706
11319669,59204259,Shared room,,Dufferin Grove (83),23,5.0,2,1.0,19.0,,43.653722,-79.433816,2017-03-12 20:49:10.864753
15616954,3862144,Shared room,,Moss Park (73),24,4.5,2,1.0,13.0,,43.657168,-79.369454,2017-03-12 20:49:10.859286
17223256,28242489,Shared room,,Annex (95),6,5.0,3,1.0,20.0,,43.674512,-79.406292,2017-03-12 20:49:10.856555
12336263,53422344,Shared room,,North St.James Town (74),5,5.0,1,1.0,21.0,,43.670176,-79.371557,2017-03-12 20:49:10.853320
12961095,37345630,Shared room,,Bedford Park-Nortown (39),34,4.5,1,1.0,14.0,,43.723793,-79.430611,2017-03-12 20:49:10.850877
15827929,55930757,Shared room,,Waterfront Communities-The Island (77),23,5.0,1,1.0,27.0,,43.638142,-79.398609,2017-03-12 20:49:10.848048
15856806,7959694,Shared room,,South Parkdale (85),11,5.0,2,1.0,22.0,,43.63522,-79.429268,2017-03-12 20:49:10.845751
17608013,45196644,Shared room,,Henry Farm (53),0,0.0,1,1.0,21.0,,43.772821,-79.341622,2017-03-12 20:49:10.843397
13473981,61877044,Shared room,,Rosedale-Moore Park (98),23,4.5,1,1.0,20.0,,43.686547,-79.393429,2017-03-12 20:49:10.840644
8113910,32098475,Shared room,,North St.James Town (74),50,4.5,2,1.0,20.0,,43.671841,-79.374953,2017-03-12 20:49:09.189796
13300956,1783757,Shared room,,Waterfront Communities-The Island (77),32,5.0,1,1.0,37.0,,43.641543,-79.382006,2017-03-12 20:49:09.187476
16100281,8001562,Shared room,,Yonge-St.Clair (97),9,5.0,1,1.0,10.0,,43.695192,-79.397043,2017-03-12 20:49:09.184876
17621436,21933230,Shared room,,Little Portugal (84),0,0.0,2,1.0,27.0,,43.650159,-79.43426,2017-03-12 20:49:09.169847
3994370,20667851,Shared room,,Regent Park (72),121,4.5,1,1.0,30.0,,43.656877,-79.362185,2017-03-12 20:49:09.166215
1370325,7430545,Shared room,,Willowdale East (51),187,5.0,2,1.0,27.0,,43.77771,-79.413526,2017-03-12 20:49:09.161142
15481128,9888132,Shared room,,Willowridge-Martingrove-Richview (7),22,5.0,1,1.0,20.0,,43.685385,-79.53104,2017-03-12 20:49:09.156533
15721230,32440665,Shared room,,Waterfront Communities-The Island (77),21,5.0,2,1.0,31.0,,43.646174,-79.391319,2017-03-12 20:49:09.154033
16527769,107273982,Shared room,,Moss Park (73),0,0.0,2,1.0,24.0,,43.658995,-79.369073,2017-03-12 20:49:09.151527
16771025,34342026,Shared room,,Mount Pleasant West (104),2,0.0,2,1.0,21.0,,43.699164,-79.39168,2017-03-12 20:49:09.149085
14787803,7155858,Shared room,,Bay Street Corridor (76),30,5.0,4,1.0,40.0,,43.6607,-79.386321,2017-03-12 20:49:09.146694
14301195,87364912,Shared room,,East End-Danforth (62),14,4.5,2,1.0,29.0,,43.685413,-79.290146,2017-03-12 20:49:09.144291
17402693,104685067,Shared room,,Niagara (82),0,0.0,1,1.0,19.0,,43.642152,-79.416418,2017-03-12 20:49:09.141864
13172047,43703047,Shared room,,Annex (95),34,4.5,1,1.0,20.0,,43.674939,-79.393879,2017-03-12 20:49:09.139082
12342904,37345630,Shared room,,Englemount-Lawrence (32),28,4.5,1,1.0,16.0,,43.724624,-79.431208,2017-03-12 20:49:09.136540
14520891,89728791,Shared room,,Kensington-Chinatown (78),14,4.5,2,1.0,31.0,,43.650954,-79.392719,2017-03-12 20:49:09.133363
2694740,3771061,Shared room,,Mount Pleasant East (99),90,4.5,1,1.0,13.0,,43.711744,-79.379891,2017-03-12 20:49:09.124723
4922566,20667851,Shared room,,Regent Park (72),123,4.5,1,1.0,30.0,,43.658198,-79.36358,2017-03-12 20:49:09.119374
16048515,104476791,Entire home/apt,,Trinity-Bellwoods (81),0,0.0,12,5.0,764.0,,43.651525,-79.418565,2017-03-12 20:46:34.676771
16718019,110301633,Entire home/apt,,Casa Loma (96),0,0.0,16,4.0,574.0,,43.679651,-79.409405,2017-03-12 20:45:37.576133
4531901,23004422,Entire home/apt,,Bridle Path-Sunnybrook-York Mills (41),7,4.5,6,3.0,375.0,,43.714394,-79.38678,2017-03-12 20:44:45.747745
1501517,8023067,Entire home/apt,,Waterfront Communities-The Island (77),8,5.0,6,2.0,495.0,,43.642366,-79.376294,2017-03-12 20:41:43.190234
2781733,14192890,Entire home/apt,,Waterfront Communities-The Island (77),10,4.5,6,2.0,229.0,,43.643311,-79.390969,2017-03-12 20:41:16.235001
7036299,36890012,Entire home/apt,,Mimico (includes Humber Bay Shores) (17),0,0.0,5,2.0,192.0,,43.621372,-79.483688,2017-03-12 20:40:07.071556
1438852,1147214,Entire home/apt,,Waterfront Communities-The Island (77),127,4.5,6,2.0,180.0,,43.64567,-79.400283,2017-03-12 20:39:58.602655
15825520,11463589,Entire home/apt,,Trinity-Bellwoods (81),1,0.0,11,1.0,153.0,,43.650326,-79.41172,2017-03-12 20:39:58.599954
2244309,11463589,Entire home/apt,,Trinity-Bellwoods (81),16,4.5,11,3.0,153.0,,43.649271,-79.411441,2017-03-12 20:39:22.634754
10685619,47855766,Entire home/apt,,Waterfront Communities-The Island (77),1,0.0,4,1.0,574.0,,43.643928,-79.39107,2017-03-12 20:38:08.672365
2334413,11924523,Entire home/apt,,Woburn (137),0,0.0,6,2.0,284.0,,43.781034,-79.246943,2017-03-12 20:36:54.421896
16479426,321906,Entire home/apt,,Waterfront Communities-The Island (77),8,5.0,4,2.0,191.0,,43.646654,-79.391503,2017-03-12 20:36:12.851152
16120797,105128368,Entire home/apt,,Moss Park (73),0,0.0,4,2.0,192.0,,43.656557,-79.368559,2017-03-12 20:36:11.524845
8107315,27424254,Entire home/apt,,Keelesdale-Eglinton West (110),0,0.0,7,3.0,574.0,,43.689025,-79.470866,2017-03-12 20:27:56.637042
6868764,276090,Entire home/apt,,Leaside-Bennington (56),0,0.0,10,6.0,574.0,,43.692447,-79.363494,2017-03-12 20:27:56.633094
14406688,35015351,Entire home/apt,,Waterfront Communities-The Island (77),3,5.0,10,3.0,687.0,,43.641304,-79.394994,2017-03-12 20:27:55.483186
14088094,19505026,Entire home/apt,,Niagara (82),1,0.0,4,1.0,596.0,,43.637689,-79.407112,2017-03-12 20:27:54.794392
13941571,76175401,Entire home/apt,,Waterfront Communities-The Island (77),3,4.5,13,3.0,443.0,,43.639506,-79.394765,2017-03-12 20:27:51.995372
11412429,21291403,Entire home/apt,,Annex (95),9,4.5,8,4.0,324.0,,43.669192,-79.410301,2017-03-12 20:27:50.591604
14028269,24679122,Entire home/apt,,Waterfront Communities-The Island (77),5,4.5,6,3.0,412.0,,43.640982,-79.381468,2017-03-12 20:27:50.577451
8461590,7354580,Entire home/apt,,Wexford/Maryvale (119),5,4.5,13,6.0,382.0,,43.740916,-79.300127,2017-03-12 20:27:50.567514
14468737,195095,Entire home/apt,,Church-Yonge Corridor (75),0,0.0,4,2.0,344.0,,43.668005,-79.382521,2017-03-12 20:27:49.167598
5651804,1015926,Entire home/apt,,Stonegate-Queensway (16),0,0.0,4,2.0,218.0,,43.640461,-79.505535,2017-03-12 20:27:16.579063
14959188,24616684,Entire home/apt,,Niagara (82),3,5.0,3,1.0,249.0,,43.641378,-79.416248,2017-03-12 20:23:41.813663
15565606,43901185,Entire home/apt,,Waterfront Communities-The Island (77),9,4.5,6,1.0,266.0,,43.644891,-79.402191,2017-03-12 20:23:39.525742
10212591,43901185,Entire home/apt,,Niagara (82),68,5.0,6,1.0,266.0,,43.63492,-79.406701,2017-03-12 20:23:35.991828
5074813,25718103,Entire home/apt,,Waterfront Communities-The Island (77),1,0.0,4,2.0,192.0,,43.642435,-79.381317,2017-03-12 20:23:34.663053
1349839,569339,Entire home/apt,,Kensington-Chinatown (78),17,5.0,5,2.0,192.0,,43.655551,-79.400582,2017-03-12 20:23:33.314987
16406357,6319861,Entire home/apt,,Cabbagetown-South St.James Town (71),0,0.0,4,1.0,192.0,,43.663331,-79.37675,2017-03-12 20:23:31.903773
5898448,22687896,Entire home/apt,,The Beaches (63),1,0.0,6,2.0,192.0,,43.673307,-79.301411,2017-03-12 20:23:31.885184
13466429,26156805,Entire home/apt,,Palmerston-Little Italy (80),1,0.0,8,4.0,192.0,,43.660211,-79.415996,2017-03-12 20:23:31.882324
3611350,13058067,Entire home/apt,,Waterfront Communities-The Island (77),84,4.5,10,2.0,191.0,,43.64156,-79.396666,2017-03-12 20:23:24.959817
4920566,6486426,Entire home/apt,,South Riverdale (70),0,0.0,6,2.0,192.0,,43.660957,-79.348005,2017-03-12 20:23:24.954996
8384532,13834774,Entire home/apt,,Waterfront Communities-The Island (77),0,0.0,4,1.0,192.0,,43.63948,-79.390972,2017-03-12 20:23:23.596714
6971297,25718103,Entire home/apt,,Waterfront Communities-The Island (77),3,3.5,6,2.0,192.0,,43.643157,-79.388229,2017-03-12 20:23:23.588771
6574464,34387079,Entire home/apt,,Moss Park (73),0,0.0,4,2.0,192.0,,43.653275,-79.361961,2017-03-12 20:23:22.216634
7971951,42066872,Entire home/apt,,Niagara (82),1,0.0,4,2.0,192.0,,43.637128,-79.414451,2017-03-12 20:23:19.284392
839123,1919294,Entire home/apt,,Bayview Village (52),2,0.0,4,2.0,152.0,,43.769692,-79.368945,2017-03-12 20:20:51.607798
5251808,4415603,Entire home/apt,,Bay Street Corridor (76),2,0.0,3,0.0,127.0,,43.651766,-79.381679,2017-03-12 20:18:59.050386
8388866,7135549,Entire home/apt,,Waterfront Communities-The Island (77),0,0.0,4,1.0,126.0,,43.644786,-79.387178,2017-03-12 20:18:08.730129
17680017,1015045,Entire home/apt,,Kensington-Chinatown (78),0,0.0,5,2.0,132.0,,43.649742,-79.393383,2017-03-12 20:17:49.012619
719384,1919294,Entire home/apt,,Bayview Village (52),2,0.0,3,1.0,129.0,,43.766857,-79.382853,2017-03-12 20:17:44.480810
17679323,120335138,Entire home/apt,,Mimico (includes Humber Bay Shores) (17),0,0.0,4,1.0,114.0,,43.625755,-79.479872,2017-03-12 20:16:57.921762
8535399,44937354,Entire home/apt,,Mount Pleasant West (104),0,0.0,4,2.0,108.0,,43.709387,-79.395786,2017-03-12 20:14:46.681428
16738214,60660569,Entire home/apt,,Waterfront Communities-The Island (77),0,0.0,3,1.0,114.0,,43.648652,-79.392879,2017-03-12 20:14:26.812280
12322757,12742095,Entire home/apt,,Mount Pleasant West (104),10,5.0,6,2.0,75.0,,43.706205,-79.395326,2017-03-12 20:06:52.241391
10683850,3720395,Entire home/apt,,Mount Pleasant West (104),7,4.5,3,0.0,54.0,,43.699529,-79.390012,2017-03-12 20:06:02.579774
13600486,78196401,Entire home/apt,,Eglinton East (138),0,0.0,3,1.0,46.0,,43.735067,-79.26232,2017-03-12 20:05:42.351522
17592260,1753413,Entire home/apt,,Westminster-Branson (35),0,0.0,3,2.0,34.0,,43.780176,-79.445545,2017-03-12 20:04:53.077397
822085,4316883,Entire home/apt,,Rosedale-Moore Park (98),4,5.0,9,5.0,659.0,,43.688553,-79.378453,2017-03-12 20:04:42.180885
1895914,9700971,Entire home/apt,,Waterfront Communities-The Island (77),16,5.0,10,3.0,649.0,,43.641321,-79.396232,2017-03-12 20:04:42.166411
6808015,35638798,Entire home/apt,,Oakwood Village (107),42,4.5,6,2.0,692.0,,43.680733,-79.435765,2017-03-12 20:04:42.161302
272628,1367540,Entire home/apt,,Moss Park (73),15,3.5,8,4.0,350.0,,43.655416,-79.371858,2017-03-12 20:04:37.624938
17325839,116955662,Entire home/apt,,Waterfront Communities-The Island (77),0,0.0,8,4.0,383.0,,43.646255,-79.400575,2017-03-12 20:04:37.621045
5750046,9700971,Entire home/apt,,Waterfront Communities-The Island (77),10,4.5,12,3.0,401.0,,43.639256,-79.39617,2017-03-12 20:04:36.080921
6395547,16532762,Entire home/apt,,Cabbagetown-South St.James Town (71),2,0.0,4,2.0,478.0,,43.666721,-79.365422,2017-03-12 20:04:34.332887
6919553,36163394,Entire home/apt,,Waterfront Communities-The Island (77),0,0.0,4,2.0,458.0,,43.640713,-79.395441,2017-03-12 20:04:34.324393
14807955,21018901,Entire home/apt,,Waterfront Communities-The Island (77),0,0.0,4,2.0,496.0,,43.646181,-79.39396,2017-03-12 20:04:33.271758
5953807,30202371,Entire home/apt,,Runnymede-Bloor West Village (89),0,0.0,8,4.0,381.0,,43.656326,-79.479142,2017-03-12 20:04:33.267362
7915935,16529722,Entire home/apt,,Kingsway South (15),25,5.0,10,4.0,344.0,,43.651666,-79.499352,2017-03-12 20:04:33.260052
5135056,26547168,Entire home/apt,,Playter Estates-Danforth (67),0,0.0,6,3.0,382.0,,43.679439,-79.350398,2017-03-12 20:04:31.639185
15949568,35965162,Entire home/apt,,Junction Area (90),0,0.0,4,2.0,449.0,,43.678748,-79.475883,2017-03-12 20:04:31.635402
6939805,29001866,Entire home/apt,,High Park North (88),7,4.5,7,4.0,371.0,,43.658674,-79.469687,2017-03-12 20:04:31.620213
4662790,8869258,Entire home/apt,,Cabbagetown-South St.James Town (71),5,4.5,8,4.0,344.0,,43.665909,-79.363385,2017-03-12 20:04:31.615028
2531934,12966791,Entire home/apt,,Waterfront Communities-The Island (77),24,5.0,4,2.0,405.0,,43.636606,-79.399586,2017-03-12 20:04:30.215440
2261653,11548987,Entire home/apt,,Waterfront Communities-The Island (77),6,4.0,4,2.0,458.0,,43.648921,-79.366814,2017-03-12 20:04:28.985708
6728813,35236039,Entire home/apt,,South Riverdale (70),0,0.0,7,4.0,382.0,,43.664908,-79.339298,2017-03-12 20:04:28.978930
16612237,24715593,Entire home/apt,,Junction Area (90),2,0.0,16,0.0,458.0,,43.672683,-79.477944,2017-03-12 20:04:28.970366
16768484,37567822,Entire home/apt,,South Riverdale (70),0,0.0,6,4.0,382.0,,43.662296,-79.345882,2017-03-12 20:04:28.968141
17078652,43615080,Entire home/apt,,Waterfront Communities-The Island (77),0,0.0,5,1.0,344.0,,43.641378,-79.391548,2017-03-12 20:04:25.951110
12211908,4423104,Entire home/apt,,Trinity-Bellwoods (81),26,5.0,9,6.0,402.0,,43.648728,-79.413537,2017-03-12 20:04:25.938529
17516509,118760528,Entire home/apt,,Bedford Park-Nortown (39),0,0.0,8,5.0,458.0,,43.733853,-79.431759,2017-03-12 20:04:25.927216
6273239,32602656,Entire home/apt,,Mimico (includes Humber Bay Shores) (17),1,0.0,4,2.0,230.0,,43.62625,-79.480646,2017-03-12 19:59:23.400220
6514510,34062332,Entire home/apt,,Woodbine Corridor (64),0,0.0,2,1.0,230.0,,43.680058,-79.313087,2017-03-12 19:57:59.586904
7462239,11206244,Entire home/apt,,Waterfront Communities-The Island (77),1,0.0,3,1.0,207.0,,43.646043,-79.393935,2017-03-12 19:55:24.566866
14301546,87367182,Entire home/apt,,Waterfront Communities-The Island (77),0,0.0,6,2.0,262.0,,43.636374,-79.399331,2017-03-12 19:54:16.797012
670171,3395349,Entire home/apt,,High Park North (88),0,0.0,2,1.0,192.0,,43.657541,-79.458961,2017-03-12 19:53:58.012342
8499511,7135549,Entire home/apt,,Waterfront Communities-The Island (77),7,4.0,6,2.0,192.0,,43.643324,-79.389423,2017-03-12 19:53:56.549687
6434159,26164036,Entire home/apt,,South Parkdale (85),1,0.0,4,2.0,192.0,,43.640121,-79.427851,2017-03-12 19:53:56.546512
15125633,4124418,Entire home/apt,,Waterfront Communities-The Island (77),0,0.0,6,3.0,195.0,,43.642364,-79.37966,2017-03-12 19:53:56.530769
6128931,31796094,Entire home/apt,,Long Branch (19),1,0.0,10,4.0,192.0,,43.600448,-79.526356,2017-03-12 19:53:56.528434
11545280,14192890,Entire home/apt,,Waterfront Communities-The Island (77),17,4.5,6,1.0,191.0,,43.643573,-79.388901,2017-03-12 19:53:56.522612
12492650,49632607,Entire home/apt,,The Beaches (63),3,5.0,6,2.0,192.0,,43.674993,-79.299016,2017-03-12 19:53:56.517236
2640991,6274803,Entire home/apt,,Corso Italia-Davenport (92),1,0.0,4,4.0,192.0,,43.674098,-79.438376,2017-03-12 19:53:54.981413
2061445,9116432,Entire home/apt,,East End-Danforth (62),22,5.0,5,4.0,191.0,,43.679219,-79.308383,2017-03-12 19:53:54.969708
1256731,6845507,Entire home/apt,,South Riverdale (70),8,5.0,6,3.0,192.0,,43.664835,-79.337473,2017-03-12 19:53:53.533896
14767493,16924926,Entire home/apt,,Waterfront Communities-The Island (77),1,0.0,2,1.0,192.0,,43.645556,-79.391616,2017-03-12 19:53:52.138114
3971967,8260044,Entire home/apt,,Waterfront Communities-The Island (77),14,4.5,4,1.0,192.0,,43.640989,-79.392863,2017-03-12 19:53:52.134006
12355886,17834182,Entire home/apt,,Waterfront Communities-The Island (77),9,5.0,7,2.0,192.0,,43.6426,-79.391293,2017-03-12 19:53:52.123954
3131003,15899786,Entire home/apt,,High Park-Swansea (87),1,0.0,8,4.0,192.0,,43.642587,-79.455064,2017-03-12 19:53:50.619873
2536954,11341806,Entire home/apt,,Palmerston-Little Italy (80),4,5.0,6,3.0,192.0,,43.657569,-79.422537,2017-03-12 19:53:50.617195
17039926,114344363,Entire home/apt,,Trinity-Bellwoods (81),0,0.0,6,3.0,191.0,,43.650902,-79.414393,2017-03-12 19:53:50.612150
6050794,31398026,Entire home/apt,,Little Portugal (84),0,0.0,2,2.0,192.0,,43.641398,-79.424587,2017-03-12 19:53:50.600373
16957112,742398,Entire home/apt,,Annex (95),0,0.0,4,2.0,192.0,,43.66894,-79.39323,2017-03-12 19:53:50.597386
14077437,1531492,Entire home/apt,,Bathurst Manor (34),0,0.0,6,3.0,205.0,,43.754183,-79.455175,2017-03-12 19:53:50.591759
11021437,46402924,Entire home/apt,,Junction Area (90),0,0.0,6,3.0,191.0,,43.665955,-79.470959,2017-03-12 19:53:48.985203
15039205,9597799,Entire home/apt,,Annex (95),1,0.0,3,1.0,191.0,,43.672524,-79.389061,2017-03-12 19:53:48.982505
7161326,37504523,Entire home/apt,,South Parkdale (85),0,0.0,2,0.0,191.0,,43.635932,-79.437502,2017-03-12 19:53:48.974581
14755786,91990256,Entire home/apt,,Waterfront Communities-The Island (77),0,0.0,2,1.0,192.0,,43.639191,-79.397895,2017-03-12 19:53:48.965572
3949682,1397143,Entire home/apt,,Bay Street Corridor (76),75,5.0,4,2.0,192.0,,43.650965,-79.382483,2017-03-12 19:53:47.428552
1156413,1590126,Entire home/apt,,Roncesvalles (86),23,4.5,5,3.0,187.0,,43.643667,-79.443195,2017-03-12 19:53:47.425152
9372079,6196433,Entire home/apt,,Dovercourt-Wallace Emerson-Junction (93),5,5.0,4,2.0,187.0,,43.657644,-79.446164,2017-03-12 19:53:45.752189
10429663,1323880,Entire home/apt,,Bay Street Corridor (76),11,4.5,4,2.0,187.0,,43.66481,-79.384952,2017-03-12 19:53:45.735416
16828173,99298063,Entire home/apt,,Downsview-Roding-CFB (26),0,0.0,16,6.0,203.0,,43.735784,-79.47805,2017-03-12 19:53:45.730010
14151795,39825417,Entire home/apt,,Niagara (82),0,0.0,4,2.0,192.0,,43.639577,-79.412851,2017-03-12 19:53:45.727236
228568,934821,Entire home/apt,,North St.James Town (74),51,5.0,4,2.0,203.0,,43.667708,-79.376791,2017-03-12 19:53:43.591389
4995171,12900597,Entire home/apt,,Clanton Park (33),53,4.5,10,5.0,191.0,,43.747187,-79.43985,2017-03-12 19:53:41.482943
5702855,29567269,Entire home/apt,,Waterfront Communities-The Island (77),0,0.0,2,1.0,192.0,,43.645859,-79.401234,2017-03-12 19:53:41.480568
15036352,8182066,Entire home/apt,,Wychwood (94),0,0.0,3,2.0,192.0,,43.673857,-79.424574,2017-03-12 19:53:39.867305
9966206,7379381,Entire home/apt,,Niagara (82),0,0.0,2,0.0,192.0,,43.638173,-79.418733,2017-03-12 19:53:39.864509
5861165,28754691,Entire home/apt,,Niagara (82),6,5.0,3,2.0,192.0,,43.63476,-79.402651,2017-03-12 19:53:39.861503
15469825,3661813,Entire home/apt,,South Riverdale (70),1,0.0,4,2.0,192.0,,43.660454,-79.336062,2017-03-12 19:53:39.844346
14211981,34604423,Entire home/apt,,Waterfront Communities-The Island (77),1,0.0,3,1.0,191.0,,43.642799,-79.38371,2017-03-12 19:53:39.841594
5763091,29660947,Entire home/apt,,Waterfront Communities-The Island (77),12,5.0,3,2.0,191.0,,43.646963,-79.39429,2017-03-12 19:53:39.837219
16543613,321906,Entire home/apt,,Waterfront Communities-The Island (77),11,5.0,6,2.0,191.0,,43.643514,-79.389857,2017-03-12 19:53:39.833112
4718693,24375483,Entire home/apt,,Forest Hill North (102),2,0.0,5,2.0,192.0,,43.70516,-79.419706,2017-03-12 19:53:39.826360
6713457,35147693,Entire home/apt,,Leaside-Bennington (56),0,0.0,4,2.0,192.0,,43.710755,-79.36516,2017-03-12 19:53:36.812461
12776369,2538759,Entire home/apt,,Junction Area (90),3,4.5,4,2.0,183.0,,43.66487,-79.46678,2017-03-12 19:50:58.199613
7073051,19260783,Entire home/apt,,Junction Area (90),14,5.0,5,3.0,172.0,,43.666519,-79.474401,2017-03-12 19:50:54.581049
13072568,63968705,Entire home/apt,,Waterfront Communities-The Island (77),5,4.5,5,2.0,152.0,,43.64376,-79.381603,2017-03-12 19:47:53.015071
14577580,84695661,Entire home/apt,,South Riverdale (70),0,0.0,3,1.0,152.0,,43.664784,-79.342361,2017-03-12 19:47:20.350533
16743291,43321895,Entire home/apt,,Rouge (131),0,0.0,4,2.0,130.0,,43.822393,-79.228176,2017-03-12 19:33:40.404732
14612745,1194561,Entire home/apt,,Weston-Pellam Park (91),0,0.0,4,0.0,114.0,,43.679493,-79.459096,2017-03-12 19:30:44.712457
4983971,5844695,Entire home/apt,,Junction Area (90),2,0.0,3,2.0,123.0,,43.662803,-79.475983,2017-03-12 19:30:40.532000
17678747,120335138,Entire home/apt,,Mimico (includes Humber Bay Shores) (17),0,0.0,4,1.0,114.0,,43.624458,-79.480137,2017-03-12 19:27:55.925853
2356555,12033867,Entire home/apt,,Newtonbrook West (36),33,4.5,4,2.0,114.0,,43.780336,-79.417535,2017-03-12 19:22:39.151312
16368562,102786614,Entire home/apt,,Newtonbrook East (50),1,0.0,6,3.0,123.0,,43.796227,-79.41099,2017-03-12 19:22:37.774204
17222847,115975599,Entire home/apt,,Newtonbrook West (36),3,5.0,5,3.0,107.0,,43.789123,-79.423403,2017-03-12 19:22:34.840608
4244965,22029664,Entire home/apt,,Pleasant View (46),29,4.5,5,3.0,114.0,,43.79579,-79.333861,2017-03-12 19:22:32.359573
6823210,35776188,Entire home/apt,,High Park North (88),0,0.0,4,2.0,114.0,,43.65984,-79.460078,2017-03-12 19:22:17.572839
7247740,1919294,Entire home/apt,,Mimico (includes Humber Bay Shores) (17),2,0.0,2,1.0,99.0,,43.621098,-79.480743,2017-03-12 19:20:58.987750
16365839,51943705,Entire home/apt,,Yonge-Eglinton (100),0,0.0,5,1.0,92.0,,43.705721,-79.399251,2017-03-12 19:14:23.610830
17654220,110986914,Entire home/apt,,Waterfront Communities-The Island (77),0,0.0,2,1.0,83.0,,43.642334,-79.383219,2017-03-12 19:10:35.173259
5035300,16947213,Entire home/apt,,Church-Yonge Corridor (75),33,4.5,3,0.0,88.0,,43.655149,-79.380133,2017-03-12 19:09:21.810168
333843,1657100,Entire home/apt,,Mount Pleasant West (104),1,0.0,4,1.0,95.0,,43.698112,-79.396132,2017-03-12 19:08:33.718187
12210291,534666,Entire home/apt,,Newtonbrook East (50),0,0.0,10,4.0,92.0,,43.795946,-79.413852,2017-03-12 19:07:29.872594
9055881,1787557,Entire home/apt,,Newtonbrook West (36),3,5.0,2,1.0,103.0,,43.784133,-79.417821,2017-03-12 19:07:28.218859
8808577,46115988,Entire home/apt,,Willowdale East (51),2,0.0,3,2.0,92.0,,43.756324,-79.407902,2017-03-12 19:07:28.201235
13024030,12028383,Entire home/apt,,Westminster-Branson (35),1,0.0,7,3.0,96.0,,43.787918,-79.461364,2017-03-12 19:07:28.191464
5904036,30466018,Entire home/apt,,Don Valley Village (47),61,5.0,5,2.0,96.0,,43.778383,-79.345103,2017-03-12 19:07:13.610731
17301885,4034119,Entire home/apt,,High Park-Swansea (87),0,0.0,4,2.0,38.0,,43.651323,-79.457728,2017-03-12 18:37:40.980973
13411778,56761778,Entire home/apt,,High Park North (88),0,0.0,2,0.0,37.0,,43.656996,-79.454424,2017-03-12 18:37:40.977528
15188473,96422154,Entire home/apt,,Cliffcrest (123),19,5.0,2,1.0,40.0,,43.734753,-79.232112,2017-03-12 18:37:40.969851
17547358,66177864,Entire home/apt,,Steeles (116),0,0.0,3,0.0,31.0,,43.818456,-79.326389,2017-03-12 18:37:40.957580
14671439,7475466,Entire home/apt,,Dufferin Grove (83),21,4.5,2,1.0,31.0,,43.65148,-79.436836,2017-03-12 18:37:40.950773
10772078,45436801,Entire home/apt,,York University Heights (27),4,4.5,2,1.0,41.0,,43.764802,-79.491673,2017-03-12 18:37:39.850506
13938814,43808905,Entire home/apt,,High Park North (88),8,4.5,2,0.0,38.0,,43.658407,-79.469574,2017-03-12 18:37:39.089318
16288623,6184829,Entire home/apt,,Weston-Pellam Park (91),5,4.5,2,0.0,37.0,,43.673138,-79.456772,2017-03-12 18:37:39.083455
17123470,92635593,Entire home/apt,,Annex (95),7,5.0,2,1.0,40.0,,43.673761,-79.402558,2017-03-12 18:37:39.071315
14186364,26508323,Entire home/apt,,Don Valley Village (47),3,4.5,2,1.0,31.0,,43.778852,-79.352882,2017-03-12 18:37:39.069021
5479598,10656885,Entire home/apt,,Palmerston-Little Italy (80),43,4.5,2,1.0,34.0,,43.655084,-79.422905,2017-03-12 18:37:39.066641
7463159,15737226,Entire home/apt,,Annex (95),10,4.5,2,1.0,37.0,,43.672838,-79.414634,2017-03-12 18:37:39.063729
13510011,77538408,Entire home/apt,,South Parkdale (85),44,4.0,2,0.0,34.0,,43.635493,-79.42634,2017-03-12 18:37:39.060108
17541349,115960245,Entire home/apt,,South Parkdale (85),0,0.0,2,0.0,38.0,,43.635839,-79.433415,2017-03-12 18:37:37.953089
17264721,2609128,Entire home/apt,,Dovercourt-Wallace Emerson-Junction (93),0,0.0,2,1.0,39.0,,43.665135,-79.447235,2017-03-12 18:37:37.949510
15547823,9817113,Entire home/apt,,Mimico (includes Humber Bay Shores) (17),3,5.0,2,1.0,21.0,,43.625812,-79.479246,2017-03-12 18:37:37.935304
16062958,809517,Entire home/apt,,Annex (95),0,0.0,8,4.0,1912.0,,43.671309,-79.395112,2017-03-12 18:37:36.468606
13788645,9310264,Entire home/apt,,Annex (95),7,5.0,8,4.0,3823.0,,43.671737,-79.392182,2017-03-12 18:37:36.466473
6536680,34186216,Entire home/apt,,Lawrence Park North (105),0,0.0,6,4.0,1638.0,,43.731775,-79.416225,2017-03-12 18:37:36.464328
16039481,99076885,Entire home/apt,,Annex (95),0,0.0,8,4.0,10300.0,,43.670516,-79.394052,2017-03-12 18:37:36.462389
9526699,5700952,Entire home/apt,,Kensington-Chinatown (78),0,0.0,1,0.0,2134.0,,43.649061,-79.40171,2017-03-12 18:37:36.460120
15819537,3709202,Entire home/apt,,Kensington-Chinatown (78),3,0.0,2,0.0,3823.0,,43.655023,-79.390892,2017-03-12 18:37:36.457907
15768613,50068607,Entire home/apt,,Forest Hill South (101),0,0.0,6,3.0,2179.0,,43.687966,-79.413776,2017-03-12 18:37:36.454686
5409252,24175706,Entire home/apt,,Little Portugal (84),7,5.0,10,5.0,1529.0,,43.647757,-79.424758,2017-03-12 18:37:35.544259
4331784,3687211,Entire home/apt,,Waterfront Communities-The Island (77),1,0.0,2,1.0,1147.0,,43.648103,-79.388277,2017-03-12 18:37:35.540831
14213921,30372229,Entire home/apt,,Annex (95),0,0.0,4,2.0,1147.0,,43.672294,-79.393392,2017-03-12 18:37:35.538008
11354871,59472650,Entire home/apt,,Annex (95),3,5.0,4,2.0,1147.0,,43.672918,-79.390443,2017-03-12 18:37:35.533723
10524225,54263534,Entire home/apt,,Annex (95),0,0.0,4,2.0,1146.0,,43.6749,-79.39366,2017-03-12 18:37:35.531233
6704143,30959779,Entire home/apt,,Rosedale-Moore Park (98),0,0.0,6,6.0,1147.0,,43.683372,-79.379533,2017-03-12 18:37:35.528292
16734454,36840016,Entire home/apt,,Leaside-Bennington (56),0,0.0,10,5.0,1143.0,,43.696498,-79.372012,2017-03-12 18:37:35.526006
15489623,99465380,Entire home/apt,,Waterfront Communities-The Island (77),0,0.0,5,2.0,1435.0,,43.646031,-79.402243,2017-03-12 18:37:35.523538
7024824,15912805,Entire home/apt,,Scarborough Village (139),30,5.0,11,4.0,1147.0,,43.729012,-79.218217,2017-03-12 18:37:35.520179
14357733,61944337,Entire home/apt,,Downsview-Roding-CFB (26),0,0.0,3,1.0,1338.0,,43.726454,-79.480185,2017-03-12 18:37:35.517908
5117285,26127142,Entire home/apt,,Annex (95),0,0.0,2,1.0,1108.0,,43.671672,-79.413822,2017-03-12 18:37:35.514427
7620499,16567978,Entire home/apt,,Waterfront Communities-The Island (77),36,4.5,5,1.0,1338.0,,43.640394,-79.392451,2017-03-12 18:37:35.512101
15865819,102842942,Entire home/apt,,Bridle Path-Sunnybrook-York Mills (41),4,5.0,12,5.0,1527.0,,43.740191,-79.376482,2017-03-12 18:37:35.508926
10472215,2990380,Entire home/apt,,Birchcliffe-Cliffside (122),1,0.0,8,3.0,761.0,,43.675998,-79.277723,2017-03-12 18:37:34.325926
5713280,9700971,Entire home/apt,,Waterfront Communities-The Island (77),10,5.0,7,3.0,765.0,,43.636507,-79.39736,2017-03-12 18:37:34.322898
4791770,16567978,Entire home/apt,,Waterfront Communities-The Island (77),77,4.5,6,0.0,764.0,,43.643428,-79.389756,2017-03-12 18:37:34.318931
14280862,19181503,Entire home/apt,,Church-Yonge Corridor (75),0,0.0,4,3.0,833.0,,43.659065,-79.381932,2017-03-12 18:37:34.316117
10379650,53430199,Entire home/apt,,Bay Street Corridor (76),0,0.0,5,2.0,918.0,,43.669678,-79.388029,2017-03-12 18:37:34.312921
10885508,12724147,Entire home/apt,,Banbury-Don Mills (42),6,5.0,16,6.0,918.0,,43.734695,-79.357467,2017-03-12 18:37:34.307376
6032221,22899771,Entire home/apt,,St.Andrew-Windfields (40),1,0.0,8,5.0,726.0,,43.746256,-79.400679,2017-03-12 18:37:33.345593
15875517,26062123,Entire home/apt,,Humewood-Cedarvale (106),0,0.0,2,1.0,956.0,,43.686188,-79.428789,2017-03-12 18:37:33.343334
8916839,46632627,Entire home/apt,,Newtonbrook West (36),0,0.0,3,3.0,764.0,,43.785258,-79.429952,2017-03-12 18:37:33.341128
14474657,46466622,Entire home/apt,,Waterfront Communities-The Island (77),0,0.0,6,3.0,802.0,,43.642619,-79.401779,2017-03-12 18:37:33.338627
16721610,97536488,Entire home/apt,,Yonge-St.Clair (97),0,0.0,10,4.0,918.0,,43.68586,-79.394981,2017-03-12 18:37:33.336339
13658960,76175401,Entire home/apt,,Waterfront Communities-The Island (77),2,0.0,10,3.0,1029.0,,43.639186,-79.396596,2017-03-12 18:37:33.333597
6361869,23546774,Entire home/apt,,High Park North (88),0,0.0,2,2.0,994.0,,43.662231,-79.458855,2017-03-12 18:37:33.328402
15208177,62543180,Entire home/apt,,Waterfront Communities-The Island (77),2,0.0,6,2.0,993.0,,43.643703,-79.388597,2017-03-12 18:37:33.326060
14212094,86292638,Entire home/apt,,Waterfront Communities-The Island (77),0,0.0,4,1.0,1029.0,,43.643625,-79.394727,2017-03-12 18:37:33.323171
3477991,17518117,Entire home/apt,,Yonge-St.Clair (97),0,0.0,6,3.0,764.0,,43.692632,-79.396625,2017-03-12 18:37:33.319579
5029231,25958908,Entire home/apt,,Yonge-Eglinton (100),11,5.0,10,5.0,842.0,,43.701719,-79.40536,2017-03-12 18:37:33.317312
13959365,31085683,Entire home/apt,,Trinity-Bellwoods (81),0,0.0,2,0.0,764.0,,43.647126,-79.409075,2017-03-12 18:37:33.312987
5712882,29619408,Entire home/apt,,South Riverdale (70),0,0.0,5,3.0,824.0,,43.658133,-79.345537,2017-03-12 18:37:33.308804
6502472,33988464,Entire home/apt,,Rosedale-Moore Park (98),0,0.0,5,4.0,761.0,,43.687411,-79.381245,2017-03-12 18:37:33.306575
17013909,102521942,Entire home/apt,,South Riverdale (70),0,0.0,6,3.0,804.0,,43.645897,-79.324825,2017-03-12 18:37:33.304348
7357633,25315706,Entire home/apt,,Mount Pleasant West (104),2,0.0,3,1.0,936.0,,43.698971,-79.390981,2017-03-12 18:37:33.301495
11848526,63140737,Entire home/apt,,Humewood-Cedarvale (106),0,0.0,2,1.0,956.0,,43.687283,-79.422731,2017-03-12 18:37:33.298816
11177720,26743967,Entire home/apt,,Annex (95),6,4.0,11,10.0,536.0,,43.668994,-79.404836,2017-03-12 18:37:31.884522
11177065,26743967,Entire home/apt,,Annex (95),2,0.0,11,10.0,536.0,,43.669674,-79.404775,2017-03-12 18:37:31.880256
1733291,8023067,Entire home/apt,,Waterfront Communities-The Island (77),50,5.0,8,3.0,543.0,,43.640553,-79.376954,2017-03-12 18:37:31.869889
5783911,377846,Entire home/apt,,East End-Danforth (62),5,5.0,16,8.0,574.0,,43.685109,-79.290704,2017-03-12 18:37:31.865739
12157478,27396807,Entire home/apt,,Bay Street Corridor (76),0,0.0,4,2.0,576.0,,43.648114,-79.378975,2017-03-12 18:37:31.862349
6214588,2732548,Entire home/apt,,Cabbagetown-South St.James Town (71),1,0.0,6,3.0,525.0,,43.666537,-79.364894,2017-03-12 18:37:31.856827
6167923,31532062,Entire home/apt,,Kingsway South (15),0,0.0,8,4.0,574.0,,43.650677,-79.519155,2017-03-12 18:37:30.508266
13814117,59499273,Shared room,,South Parkdale (85),0,0.0,1,1.0,31.0,,43.634449,-79.425971,2017-03-12 20:49:12.523750
15338738,97767256,Shared room,,Weston-Pellam Park (91),5,4.5,2,1.0,15.0,,43.674027,-79.458848,2017-03-12 20:49:12.516050
6674171,34931501,Shared room,,Yonge-St.Clair (97),6,5.0,2,1.0,23.0,,43.687977,-79.401942,2017-03-12 20:49:10.894872
15536207,92814068,Shared room,,Cabbagetown-South St.James Town (71),4,4.0,1,1.0,16.0,,43.667631,-79.371783,2017-03-12 20:49:10.892544
339418,1027776,Shared room,,Mount Pleasant West (104),65,4.5,1,1.0,31.0,,43.698299,-79.393047,2017-03-12 20:49:10.885812
15408889,39516798,Shared room,,South Parkdale (85),0,0.0,1,1.0,28.0,,43.636635,-79.437693,2017-03-12 20:49:10.882985
16530516,108730574,Shared room,,Morningside (135),0,0.0,2,1.0,16.0,,43.764207,-79.205241,2017-03-12 20:49:10.880638
12807357,67261365,Shared room,,Bedford Park-Nortown (39),9,4.0,2,1.0,22.0,,43.723955,-79.430086,2017-03-12 20:49:10.878407
16470044,57054143,Shared room,,Church-Yonge Corridor (75),0,0.0,1,1.0,15.0,,43.664547,-79.38343,2017-03-12 20:49:10.875852
10863521,24648376,Entire home/apt,,Woodbine-Lumsden (60),0,0.0,6,2.0,536.0,,43.687634,-79.310115,2017-03-12 18:37:30.505908
13452080,21618753,Entire home/apt,,Forest Hill South (101),2,0.0,6,4.0,536.0,,43.692896,-79.401631,2017-03-12 18:37:30.502824
5171066,26743967,Entire home/apt,,Annex (95),24,4.5,11,9.0,536.0,,43.672073,-79.402923,2017-03-12 18:37:30.500735
872128,4599751,Entire home/apt,,Niagara (82),181,4.5,5,2.0,687.0,,43.638096,-79.418278,2017-03-12 18:37:30.497991
4908682,7937634,Entire home/apt,,Waterfront Communities-The Island (77),0,0.0,4,1.0,574.0,,43.64106,-79.396097,2017-03-12 18:37:30.495221
16017846,41495124,Entire home/apt,,Rockcliffe-Smythe (111),2,0.0,8,3.0,611.0,,43.673493,-79.49598,2017-03-12 18:37:30.490439
13799890,81144570,Entire home/apt,,Annex (95),1,0.0,4,2.0,688.0,,43.671029,-79.390086,2017-03-12 18:37:30.486203
328125,192825,Entire home/apt,,Roncesvalles (86),1,0.0,4,1.0,612.0,,43.647122,-79.447739,2017-03-12 18:37:30.483722
14826678,92719306,Entire home/apt,,Waterfront Communities-The Island (77),0,0.0,3,1.0,535.0,,43.646287,-79.396265,2017-03-12 18:37:30.481404
15742718,23946931,Entire home/apt,,Waterfront Communities-The Island (77),2,0.0,10,3.0,533.0,,43.639487,-79.394833,2017-03-12 18:37:30.479175
7662423,9700971,Entire home/apt,,Waterfront Communities-The Island (77),4,5.0,10,3.0,554.0,,43.639203,-79.396925,2017-03-12 18:37:30.476356
14303934,87394450,Entire home/apt,,Niagara (82),0,0.0,5,2.0,516.0,,43.637799,-79.404003,2017-03-12 18:37:30.473983
6626737,34684908,Entire home/apt,,Lawrence Park South (103),0,0.0,7,4.0,574.0,,43.725346,-79.397484,2017-03-12 18:37:30.471003
6591176,34482175,Entire home/apt,,Roncesvalles (86),0,0.0,8,4.0,574.0,,43.647753,-79.446912,2017-03-12 18:37:30.468353
6582126,33737121,Entire home/apt,,Wychwood (94),0,0.0,10,6.0,527.0,,43.680778,-79.41739,2017-03-12 18:37:30.465311
6852975,35909579,Entire home/apt,,Waterfront Communities-The Island (77),3,4.5,1,1.0,515.0,,43.649319,-79.370024,2017-03-12 18:37:30.462459
8606440,45279256,Entire home/apt,,Niagara (82),0,0.0,4,2.0,612.0,,43.634628,-79.403558,2017-03-12 18:37:30.459059
10525346,21618753,Entire home/apt,,Casa Loma (96),3,5.0,8,4.0,660.0,,43.678984,-79.399818,2017-03-12 18:37:29.229316
5199875,26743967,Entire home/apt,,University (79),26,4.5,13,10.0,536.0,,43.662551,-79.402264,2017-03-12 18:37:29.226484
5579677,28928580,Entire home/apt,,The Beaches (63),0,0.0,4,2.0,531.0,,43.67693,-79.301574,2017-03-12 18:37:29.223838
14924095,93813612,Entire home/apt,,Rosedale-Moore Park (98),0,0.0,7,4.0,650.0,,43.682545,-79.388989,2017-03-12 18:37:29.221560
4694669,24074825,Entire home/apt,,Leaside-Bennington (56),0,0.0,8,4.0,649.0,,43.695069,-79.376953,2017-03-12 18:37:29.218996
14759225,2616458,Entire home/apt,,Trinity-Bellwoods (81),2,0.0,6,3.0,574.0,,43.647877,-79.416532,2017-03-12 18:37:29.216917
7886006,41495124,Entire home/apt,,Keelesdale-Eglinton West (110),21,4.5,12,4.0,535.0,,43.690025,-79.471436,2017-03-12 18:37:29.214288
12042727,55063889,Entire home/apt,,Church-Yonge Corridor (75),44,5.0,12,4.0,535.0,,43.659662,-79.38089,2017-03-12 18:37:29.212088
3793199,4010527,Entire home/apt,,Moss Park (73),6,5.0,10,1.0,612.0,,43.656673,-79.371472,2017-03-12 18:37:29.209880
13724623,39720022,Entire home/apt,,Dovercourt-Wallace Emerson-Junction (93),4,5.0,8,3.0,612.0,,43.669355,-79.420706,2017-03-12 18:37:29.207754
7048125,36960355,Entire home/apt,,Niagara (82),8,4.5,2,1.0,612.0,,43.636675,-79.407235,2017-03-12 18:37:29.205429
4975152,1903033,Entire home/apt,,Leaside-Bennington (56),3,5.0,7,5.0,526.0,,43.698577,-79.363185,2017-03-12 18:37:29.203243
17662629,120156117,Entire home/apt,,Cliffcrest (123),0,0.0,6,4.0,520.0,,43.710098,-79.236357,2017-03-12 18:37:29.201172
17650556,35256388,Entire home/apt,,Waterfront Communities-The Island (77),0,0.0,12,6.0,650.0,,43.643826,-79.381926,2017-03-12 18:37:29.199111
14683006,37821614,Entire home/apt,,Casa Loma (96),0,0.0,8,4.0,660.0,,43.678765,-79.400314,2017-03-12 18:37:29.196174
5335183,314617,Entire home/apt,,Moss Park (73),27,4.5,12,4.0,573.0,,43.657487,-79.371467,2017-03-12 18:37:29.193814
13652643,79266781,Entire home/apt,,Annex (95),0,0.0,10,4.0,536.0,,43.667189,-79.408372,2017-03-12 18:37:29.191593
13083546,37939368,Entire home/apt,,Newtonbrook West (36),16,5.0,10,5.0,516.0,,43.776794,-79.435437,2017-03-12 18:37:29.188956
7875473,41511076,Entire home/apt,,Rouge (131),2,0.0,11,5.0,381.0,,43.787122,-79.128646,2017-03-12 18:37:27.769648
17626102,47883945,Entire home/apt,,Guildwood (140),0,0.0,10,4.0,374.0,,43.750281,-79.195239,2017-03-12 18:37:27.767433
6089603,31596252,Entire home/apt,,Cliffcrest (123),1,0.0,5,2.0,420.0,,43.705729,-79.231897,2017-03-12 18:37:27.765207
11359759,57513639,Entire home/apt,,Tam O'Shanter-Sullivan (118),1,0.0,6,3.0,382.0,,43.783223,-79.296855,2017-03-12 18:37:27.763087
5366273,819963,Entire home/apt,,High Park-Swansea (87),1,0.0,11,5.0,402.0,,43.649537,-79.452175,2017-03-12 18:37:27.760323
2489219,12740195,Entire home/apt,,Niagara (82),2,0.0,3,3.0,402.0,,43.637682,-79.417336,2017-03-12 18:37:27.755925
6386879,9700971,Entire home/apt,,Waterfront Communities-The Island (77),22,5.0,10,3.0,402.0,,43.639925,-79.396661,2017-03-12 18:37:27.752997
2958238,9700971,Entire home/apt,,Waterfront Communities-The Island (77),16,4.5,6,3.0,383.0,,43.639528,-79.39255,2017-03-12 18:37:27.749954
5415034,28071296,Entire home/apt,,Waterfront Communities-The Island (77),5,3.5,5,2.0,514.0,,43.64084,-79.397991,2017-03-12 18:37:27.746864
14689220,2716820,Entire home/apt,,Waterfront Communities-The Island (77),0,0.0,5,3.0,420.0,,43.640471,-79.3814,2017-03-12 18:37:27.744615
3703509,7150059,Entire home/apt,,Waterfront Communities-The Island (77),5,4.5,6,2.0,344.0,,43.642643,-79.401965,2017-03-12 18:37:27.742414
7835351,22849576,Entire home/apt,,Waterfront Communities-The Island (77),3,4.5,4,2.0,382.0,,43.645243,-79.394247,2017-03-12 18:37:27.739447
14826602,11627856,Entire home/apt,,Bay Street Corridor (76),2,0.0,5,2.0,328.0,,43.648779,-79.384855,2017-03-12 18:37:27.735961
17150833,104687008,Entire home/apt,,Bay Street Corridor (76),0,0.0,6,3.0,364.0,,43.653431,-79.38511,2017-03-12 18:37:27.731090
261295,1367540,Entire home/apt,,Church-Yonge Corridor (75),19,3.5,8,4.0,340.0,,43.653602,-79.374264,2017-03-12 18:37:27.727951
4234374,4410919,Entire home/apt,,North Riverdale (68),1,0.0,6,4.0,458.0,,43.675745,-79.35704,2017-03-12 18:37:26.137546
379133,1903033,Entire home/apt,,Rosedale-Moore Park (98),1,0.0,8,3.0,497.0,,43.67423,-79.370276,2017-03-12 18:37:26.135226
5592896,11718812,Entire home/apt,,Casa Loma (96),2,0.0,6,3.0,382.0,,43.681329,-79.401112,2017-03-12 18:37:26.131926
5375444,27560024,Entire home/apt,,Forest Hill South (101),0,0.0,8,4.0,382.0,,43.695155,-79.418985,2017-03-12 18:37:26.129001
8778656,8565289,Entire home/apt,,Yonge-Eglinton (100),10,5.0,6,4.0,343.0,,43.709503,-79.410778,2017-03-12 18:37:26.124450
5403396,16375413,Entire home/apt,,Mount Pleasant East (99),1,0.0,6,3.0,382.0,,43.705833,-79.379412,2017-03-12 18:37:26.119184
6412306,15779976,Entire home/apt,,Woodbine Corridor (64),2,0.0,8,3.0,330.0,,43.674185,-79.315246,2017-03-12 18:37:26.116809
6391357,33322842,Entire home/apt,,High Park-Swansea (87),0,0.0,5,4.0,382.0,,43.653446,-79.456764,2017-03-12 18:37:26.108586
5518317,28619665,Entire home/apt,,Lawrence Park South (103),1,0.0,8,4.0,458.0,,43.717015,-79.403696,2017-03-12 18:37:26.102463
15602783,7566494,Entire home/apt,,Church-Yonge Corridor (75),0,0.0,4,2.0,351.0,,43.653695,-79.378203,2017-03-12 18:37:26.096549
11200463,6884061,Entire home/apt,,The Beaches (63),4,3.5,8,5.0,458.0,,43.67357,-79.289133,2017-03-12 18:37:24.610248
15323274,9950210,Entire home/apt,,Bedford Park-Nortown (39),0,0.0,6,3.0,420.0,,43.736352,-79.418393,2017-03-12 18:37:24.605324
12273993,15912223,Entire home/apt,,Waterfront Communities-The Island (77),1,0.0,11,3.0,381.0,,43.641489,-79.395714,2017-03-12 18:37:24.600892
11148193,13076934,Entire home/apt,,Waterfront Communities-The Island (77),0,0.0,5,1.0,382.0,,43.642544,-79.371819,2017-03-12 18:37:24.598111
4624909,11206244,Entire home/apt,,Church-Yonge Corridor (75),0,0.0,2,1.0,381.0,,43.669832,-79.380848,2017-03-12 18:37:24.595963
4897035,8539478,Entire home/apt,,Waterfront Communities-The Island (77),3,5.0,4,2.0,343.0,,43.643411,-79.401766,2017-03-12 18:37:24.593284
1859373,9700971,Entire home/apt,,Waterfront Communities-The Island (77),33,4.5,6,2.0,381.0,,43.639159,-79.39687,2017-03-12 18:37:24.590993
8381077,24663479,Entire home/apt,,Bay Street Corridor (76),0,0.0,4,2.0,324.0,,43.665808,-79.386353,2017-03-12 18:37:24.584948
13635905,79078429,Entire home/apt,,Casa Loma (96),1,0.0,4,3.0,335.0,,43.681801,-79.401564,2017-03-12 18:37:24.582818
16325327,106851407,Entire home/apt,,Leaside-Bennington (56),0,0.0,8,4.0,478.0,,43.711324,-79.36615,2017-03-12 18:37:24.580542
16741994,1684087,Entire home/apt,,Trinity-Bellwoods (81),2,0.0,6,3.0,321.0,,43.64836,-79.422469,2017-03-12 18:37:24.577956
5295802,8739610,Entire home/apt,,Trinity-Bellwoods (81),1,0.0,9,4.0,344.0,,43.65333,-79.408693,2017-03-12 18:37:24.575740
17151678,104687008,Entire home/apt,,Bay Street Corridor (76),0,0.0,6,2.0,324.0,,43.655992,-79.384629,2017-03-12 18:37:24.573466
15671434,4001402,Entire home/apt,,Bay Street Corridor (76),0,0.0,6,3.0,378.0,,43.665783,-79.389791,2017-03-12 18:37:24.571392
14946946,25322913,Entire home/apt,,Waterfront Communities-The Island (77),0,0.0,6,3.0,458.0,,43.648707,-79.387964,2017-03-12 18:37:24.568870
4446592,2215759,Entire home/apt,,Waterfront Communities-The Island (77),0,0.0,4,2.0,361.0,,43.636915,-79.39576,2017-03-12 18:37:24.565262
7177401,2403120,Entire home/apt,,Regent Park (72),4,5.0,6,3.0,361.0,,43.65695,-79.359158,2017-03-12 18:37:24.562887
6300580,9700971,Entire home/apt,,Waterfront Communities-The Island (77),49,5.0,15,3.0,402.0,,43.640164,-79.397906,2017-03-12 18:37:24.559788
6064195,9700971,Entire home/apt,,Waterfront Communities-The Island (77),12,4.5,10,3.0,478.0,,43.639355,-79.394946,2017-03-12 18:37:23.064322
3229723,9700971,Entire home/apt,,Waterfront Communities-The Island (77),20,5.0,14,3.0,402.0,,43.639649,-79.398736,2017-03-12 18:37:23.061606
14707875,79078429,Entire home/apt,,Casa Loma (96),0,0.0,4,2.0,350.0,,43.681433,-79.402821,2017-03-12 18:37:23.053706
13259340,8131422,Entire home/apt,,North Riverdale (68),3,5.0,6,4.0,375.0,,43.674231,-79.347052,2017-03-12 18:37:23.049501
2935596,14990123,Entire home/apt,,The Beaches (63),18,5.0,6,4.0,324.0,,43.674613,-79.293176,2017-03-12 18:37:23.043940
10250486,52690863,Entire home/apt,,Kensington-Chinatown (78),23,5.0,16,1.0,317.0,,43.647985,-79.402077,2017-03-12 18:37:23.041716
17027568,112414400,Entire home/apt,,The Beaches (63),0,0.0,8,3.0,380.0,,43.667814,-79.304188,2017-03-12 18:37:23.039306
1456384,7810637,Entire home/apt,,Church-Yonge Corridor (75),36,4.5,3,1.0,381.0,,43.669676,-79.384165,2017-03-12 18:37:23.031802
10233255,52590559,Entire home/apt,,Lansing-Westgate (38),0,0.0,8,4.0,382.0,,43.755907,-79.417669,2017-03-12 18:37:23.029426
2628518,3848617,Entire home/apt,,Waterfront Communities-The Island (77),9,5.0,4,1.0,412.0,,43.645566,-79.398338,2017-03-12 18:37:23.026434
17541814,70227946,Entire home/apt,,Waterfront Communities-The Island (77),0,0.0,4,2.0,382.0,,43.64215,-79.383428,2017-03-12 18:37:23.024065
5979390,26265000,Entire home/apt,,Little Portugal (84),10,5.0,4,2.0,340.0,,43.642368,-79.423797,2017-03-12 18:37:23.020829
4475463,11206244,Entire home/apt,,Waterfront Communities-The Island (77),2,0.0,4,1.0,420.0,,43.645821,-79.396017,2017-03-12 18:37:22.253769
14852894,62696267,Entire home/apt,,Waterfront Communities-The Island (77),0,0.0,2,1.0,382.0,,43.64005,-79.397011,2017-03-12 18:37:22.251251
4714845,9700971,Entire home/apt,,Waterfront Communities-The Island (77),35,4.5,11,3.0,402.0,,43.638718,-79.398267,2017-03-12 18:37:22.248732
6361800,7533910,Entire home/apt,,Niagara (82),55,5.0,10,3.0,382.0,,43.639979,-79.414402,2017-03-12 18:37:22.246259
16767977,16970005,Entire home/apt,,South Riverdale (70),0,0.0,7,3.0,504.0,,43.662041,-79.350824,2017-03-12 18:37:22.242369
14732164,64968110,Entire home/apt,,The Beaches (63),1,0.0,8,4.0,382.0,,43.665751,-79.310338,2017-03-12 18:37:22.240104
15099990,17705073,Entire home/apt,,Annex (95),0,0.0,8,3.0,344.0,,43.673453,-79.392473,2017-03-12 18:37:22.237732
7051337,4010527,Entire home/apt,,Moss Park (73),12,5.0,6,0.0,420.0,,43.65699,-79.371174,2017-03-12 18:37:22.228289
16377100,4715272,Entire home/apt,,South Riverdale (70),0,0.0,6,3.0,344.0,,43.660737,-79.347384,2017-03-12 18:37:22.225819
13290701,33842639,Entire home/apt,,Bay Street Corridor (76),2,0.0,11,4.0,381.0,,43.66351,-79.385617,2017-03-12 18:37:22.219530
17013748,8702985,Entire home/apt,,Niagara (82),1,0.0,8,4.0,381.0,,43.643962,-79.41467,2017-03-12 18:37:22.215554
14852360,80576829,Entire home/apt,,Waterfront Communities-The Island (77),0,0.0,2,1.0,402.0,,43.64993,-79.387305,2017-03-12 18:37:22.212560
14819833,92640379,Entire home/apt,,Humewood-Cedarvale (106),1,0.0,6,3.0,455.0,,43.699842,-79.428041,2017-03-12 18:37:22.209639
11260963,30341714,Entire home/apt,,Trinity-Bellwoods (81),1,0.0,7,4.0,451.0,,43.649126,-79.417363,2017-03-12 18:37:21.460868
17032834,107490688,Entire home/apt,,Malvern (132),0,0.0,1,0.0,381.0,,43.797284,-79.220622,2017-03-12 18:37:21.458369
15935972,3013049,Entire home/apt,,High Park-Swansea (87),0,0.0,9,5.0,324.0,,43.641467,-79.449721,2017-03-12 18:37:21.455929
16085870,25936868,Entire home/apt,,Lansing-Westgate (38),0,0.0,6,5.0,451.0,,43.744143,-79.426559,2017-03-12 18:37:21.452992
6115913,22420561,Entire home/apt,,The Beaches (63),0,0.0,5,3.0,364.0,,43.66945,-79.304767,2017-03-12 18:37:21.450040
1339203,7261819,Entire home/apt,,Trinity-Bellwoods (81),30,5.0,7,3.0,378.0,,43.647793,-79.415898,2017-03-12 18:37:21.446913
9884686,14297717,Entire home/apt,,Waterfront Communities-The Island (77),10,4.5,4,2.0,382.0,,43.643639,-79.381236,2017-03-12 18:37:21.444588
6348211,33068176,Entire home/apt,,Moss Park (73),0,0.0,2,1.0,382.0,,43.651573,-79.372171,2017-03-12 18:37:21.442163
13500820,1684087,Entire home/apt,,Little Portugal (84),0,0.0,8,4.0,451.0,,43.645341,-79.423758,2017-03-12 18:37:21.439068
13873451,18839267,Entire home/apt,,Waterfront Communities-The Island (77),38,4.5,8,3.0,381.0,,43.638543,-79.399122,2017-03-12 18:37:21.436604
17406201,67761811,Entire home/apt,,Birchcliffe-Cliffside (122),0,0.0,8,4.0,420.0,,43.688763,-79.274864,2017-03-12 18:37:21.434213
11166917,58094226,Entire home/apt,,Bay Street Corridor (76),0,0.0,5,2.0,381.0,,43.661854,-79.385065,2017-03-12 18:37:21.432032
14724836,91662401,Entire home/apt,,Stonegate-Queensway (16),10,5.0,10,5.0,376.0,,43.63215,-79.495958,2017-03-12 18:37:21.429377
14363763,88090226,Entire home/apt,,South Riverdale (70),1,0.0,4,2.0,405.0,,43.668223,-79.332867,2017-03-12 18:37:21.424939
2939447,15008341,Entire home/apt,,Church-Yonge Corridor (75),0,0.0,2,0.0,364.0,,43.664708,-79.380954,2017-03-12 18:37:21.421721
5970178,30992558,Entire home/apt,,Waterfront Communities-The Island (77),1,0.0,4,1.0,420.0,,43.650322,-79.387662,2017-03-12 18:37:21.415645
624190,3096162,Entire home/apt,,Broadview North (57),0,0.0,2,1.0,344.0,,43.690316,-79.35236,2017-03-12 18:37:21.412064
5190037,26845415,Entire home/apt,,Dovercourt-Wallace Emerson-Junction (93),0,0.0,7,4.0,390.0,,43.670144,-79.423601,2017-03-12 18:37:19.826515
14941808,66976980,Entire home/apt,,Waterfront Communities-The Island (77),0,0.0,4,2.0,382.0,,43.64704,-79.395009,2017-03-12 18:37:19.823483
13586147,78449083,Entire home/apt,,Lansing-Westgate (38),5,5.0,8,4.0,458.0,,43.757747,-79.411608,2017-03-12 18:37:19.816688
7093626,37180102,Entire home/apt,,Niagara (82),2,0.0,4,2.0,344.0,,43.635396,-79.40254,2017-03-12 18:37:19.812909
13933019,82809760,Entire home/apt,,Waterfront Communities-The Island (77),0,0.0,2,2.0,375.0,,43.645558,-79.375665,2017-03-12 18:37:19.809915
2700762,10252532,Entire home/apt,,Trinity-Bellwoods (81),16,5.0,6,3.0,344.0,,43.655167,-79.411424,2017-03-12 18:37:19.807627
17385400,2680451,Entire home/apt,,Leaside-Bennington (56),0,0.0,8,4.0,382.0,,43.701282,-79.363076,2017-03-12 18:37:19.805247
5106217,18294858,Entire home/apt,,Dufferin Grove (83),19,5.0,14,5.0,424.0,,43.651494,-79.437332,2017-03-12 18:37:19.802286
14250689,4454455,Entire home/apt,,Waterfront Communities-The Island (77),0,0.0,1,1.0,344.0,,43.640998,-79.393131,2017-03-12 18:37:19.799244
6398096,9700971,Entire home/apt,,Waterfront Communities-The Island (77),52,5.0,13,3.0,402.0,,43.639747,-79.397926,2017-03-12 18:37:19.796720
15058412,20466430,Entire home/apt,,Bedford Park-Nortown (39),1,0.0,8,4.0,344.0,,43.724921,-79.427398,2017-03-12 18:37:19.793950
6949504,3416344,Entire home/apt,,Bay Street Corridor (76),8,5.0,2,2.0,503.0,,43.666301,-79.385619,2017-03-12 18:37:19.790249
6984655,36620997,Entire home/apt,,Bay Street Corridor (76),0,0.0,2,1.0,344.0,,43.647925,-79.384967,2017-03-12 18:37:19.786728
6415597,4265103,Entire home/apt,,Greenwood-Coxwell (65),0,0.0,4,2.0,324.0,,43.679459,-79.322625,2017-03-12 18:37:18.370526
2050692,9032872,Entire home/apt,,Waterfront Communities-The Island (77),2,0.0,5,2.0,382.0,,43.645728,-79.393229,2017-03-12 18:37:18.367740
6377684,32531186,Entire home/apt,,Waterfront Communities-The Island (77),0,0.0,4,2.0,458.0,,43.641552,-79.382698,2017-03-12 18:37:18.364950
14187353,85247925,Entire home/apt,,Waterfront Communities-The Island (77),1,0.0,4,1.0,382.0,,43.640863,-79.382583,2017-03-12 18:37:18.362397
14824112,92689065,Entire home/apt,,Waterfront Communities-The Island (77),0,0.0,2,1.0,420.0,,43.64256,-79.375684,2017-03-12 18:37:18.359579
14871370,5743968,Entire home/apt,,Rosedale-Moore Park (98),3,5.0,4,2.0,455.0,,43.671786,-79.386093,2017-03-12 18:37:18.357473
16421302,26465116,Entire home/apt,,Palmerston-Little Italy (80),1,0.0,7,3.0,329.0,,43.654715,-79.426631,2017-03-12 18:37:18.355155
7453215,8132032,Entire home/apt,,Waterfront Communities-The Island (77),2,0.0,4,2.0,344.0,,43.647654,-79.398409,2017-03-12 18:37:18.352269
6494552,30965917,Entire home/apt,,Waterfront Communities-The Island (77),47,5.0,6,3.0,458.0,,43.641312,-79.395392,2017-03-12 18:37:18.349306
9777091,50323097,Entire home/apt,,Lawrence Park South (103),0,0.0,4,2.0,344.0,,43.717238,-79.400919,2017-03-12 18:37:18.346864
15774671,102017896,Entire home/apt,,Regent Park (72),17,5.0,14,6.0,444.0,,43.656178,-79.362829,2017-03-12 18:37:18.344652
17558784,77601702,Entire home/apt,,Banbury-Don Mills (42),0,0.0,10,6.0,444.0,,43.746042,-79.369009,2017-03-12 18:37:18.342371
17642017,114344363,Entire home/apt,,Trinity-Bellwoods (81),0,0.0,12,5.0,328.0,,43.651145,-79.414763,2017-03-12 18:37:18.340077
11162502,36732753,Entire home/apt,,Waterfront Communities-The Island (77),0,0.0,3,1.0,382.0,,43.64292,-79.382255,2017-03-12 18:37:18.337130
4750981,24514329,Entire home/apt,,Long Branch (19),0,0.0,6,3.0,290.0,,43.590992,-79.524137,2017-03-12 18:37:12.209389
4297755,16153594,Entire home/apt,,Long Branch (19),0,0.0,4,3.0,230.0,,43.595092,-79.521142,2017-03-12 18:37:12.205014
4045136,256151,Entire home/apt,,Annex (95),0,0.0,2,1.0,221.0,,43.674536,-79.39473,2017-03-12 18:36:24.823863
8825375,3519769,Entire home/apt,,Roncesvalles (86),10,4.5,4,2.0,206.0,,43.647616,-79.440804,2017-03-12 18:35:08.110471
8219349,9700971,Entire home/apt,,Mimico (includes Humber Bay Shores) (17),1,0.0,7,2.0,210.0,,43.625237,-79.483903,2017-03-12 18:34:41.000750
7107439,37166921,Entire home/apt,,High Park-Swansea (87),0,0.0,6,2.0,286.0,,43.652751,-79.468484,2017-03-12 18:34:39.465969
6131902,31811159,Entire home/apt,,High Park North (88),0,0.0,10,5.0,268.0,,43.659017,-79.465177,2017-03-12 18:34:35.932625
573489,2821694,Entire home/apt,,Wychwood (94),0,0.0,6,2.0,268.0,,43.676728,-79.423177,2017-03-12 18:33:03.957374
16822281,35965162,Entire home/apt,,Rockcliffe-Smythe (111),0,0.0,10,2.0,306.0,,43.679915,-79.475735,2017-03-12 18:32:19.038151
16851812,35965162,Entire home/apt,,High Park North (88),5,4.5,16,2.0,237.0,,43.657516,-79.473588,2017-03-12 18:32:10.167912
17311614,2732623,Entire home/apt,,High Park-Swansea (87),0,0.0,8,4.0,267.0,,43.640732,-79.47798,2017-03-12 18:31:45.867726
5333495,4964250,Entire home/apt,,High Park North (88),7,4.5,6,4.0,248.0,,43.662105,-79.457874,2017-03-12 18:31:45.852658
16062937,8307594,Entire home/apt,,Weston-Pellam Park (91),0,0.0,4,1.0,214.0,,43.67247,-79.458846,2017-03-12 18:31:43.082940
5813048,30161909,Entire home/apt,,Kingsway South (15),0,0.0,8,5.0,273.0,,43.652686,-79.518346,2017-03-12 18:31:35.541992
17093383,32880337,Entire home/apt,,New Toronto (18),0,0.0,4,3.0,218.0,,43.596891,-79.505674,2017-03-12 18:31:34.202709
4729865,627018,Entire home/apt,,Runnymede-Bloor West Village (89),0,0.0,8,3.0,268.0,,43.652806,-79.484195,2017-03-12 18:31:34.183534
3271579,2224739,Entire home/apt,,Junction Area (90),50,5.0,7,3.0,251.0,,43.662544,-79.458781,2017-03-12 18:31:32.862855
15095823,22087966,Entire home/apt,,Runnymede-Bloor West Village (89),0,0.0,4,2.0,306.0,,43.661486,-79.485707,2017-03-12 18:31:32.850144
11632467,50807051,Entire home/apt,,Rockcliffe-Smythe (111),22,4.5,14,5.0,229.0,,43.669389,-79.49163,2017-03-12 18:31:29.195946
6756993,19948544,Entire home/apt,,Junction Area (90),1,0.0,6,4.0,230.0,,43.665265,-79.464235,2017-03-12 18:31:29.183928
7510494,29654962,Entire home/apt,,Etobicoke West Mall (13),0,0.0,4,2.0,268.0,,43.640745,-79.562095,2017-03-12 18:31:26.330459
14023260,83913536,Entire home/apt,,Mimico (includes Humber Bay Shores) (17),28,5.0,5,2.0,268.0,,43.619636,-79.480226,2017-03-12 18:31:26.318213
5846208,30351907,Entire home/apt,,Roncesvalles (86),0,0.0,6,4.0,306.0,,43.648355,-79.449725,2017-03-12 18:31:04.809777
703124,3604846,Entire home/apt,,High Park-Swansea (87),9,5.0,7,3.0,230.0,,43.655409,-79.453267,2017-03-12 18:30:37.212301
15815017,35965162,Entire home/apt,,Oakwood Village (107),2,0.0,2,1.0,305.0,,43.685694,-79.438868,2017-03-12 18:30:20.117361
13287714,74962566,Entire home/apt,,Niagara (82),0,0.0,2,1.0,245.0,,43.640293,-79.41516,2017-03-12 18:28:50.154763
4567809,4856272,Entire home/apt,,Roncesvalles (86),0,0.0,8,5.0,309.0,,43.642344,-79.442605,2017-03-12 18:28:49.054490
8341174,17244714,Entire home/apt,,Niagara (82),3,5.0,6,1.0,226.0,,43.638262,-79.417959,2017-03-12 18:28:32.125803
14817190,90276881,Entire home/apt,,Little Portugal (84),0,0.0,2,1.0,275.0,,43.64384,-79.42665,2017-03-12 18:28:27.794855
9522855,7227029,Entire home/apt,,High Park-Swansea (87),28,5.0,14,4.0,304.0,,43.646989,-79.450385,2017-03-12 18:28:25.296169
14370796,53752887,Entire home/apt,,Waterfront Communities-The Island (77),0,0.0,8,3.0,305.0,,43.640244,-79.396832,2017-03-12 18:28:23.963774
14217607,4716030,Entire home/apt,,Annex (95),1,0.0,2,1.0,221.0,,43.674422,-79.39312,2017-03-12 18:28:23.960500
12568236,33071605,Entire home/apt,,Waterfront Communities-The Island (77),0,0.0,4,1.0,268.0,,43.642457,-79.400484,2017-03-12 18:28:22.521508
13080891,72557285,Entire home/apt,,Church-Yonge Corridor (75),2,0.0,5,2.0,221.0,,43.669492,-79.38375,2017-03-12 18:28:19.913704
16516521,7355287,Entire home/apt,,Bay Street Corridor (76),0,0.0,4,2.0,305.0,,43.64805,-79.385146,2017-03-12 18:28:04.218930
14951622,27484828,Entire home/apt,,Waterfront Communities-The Island (77),0,0.0,5,2.0,229.0,,43.638846,-79.392015,2017-03-12 18:28:04.202424
4753101,24527813,Entire home/apt,,Waterfront Communities-The Island (77),3,5.0,6,2.0,229.0,,43.6436,-79.392702,2017-03-12 18:28:04.199975
956250,5066966,Entire home/apt,,Dufferin Grove (83),3,4.5,8,4.0,290.0,,43.653558,-79.434412,2017-03-12 18:28:02.718164
7075256,10316737,Entire home/apt,,Roncesvalles (86),0,0.0,6,3.0,302.0,,43.647009,-79.446992,2017-03-12 18:28:02.715501
16858850,29221167,Entire home/apt,,Bay Street Corridor (76),0,0.0,4,2.0,306.0,,43.647651,-79.384801,2017-03-12 18:28:02.703126
15083808,89352763,Entire home/apt,,Roncesvalles (86),0,0.0,7,4.0,286.0,,43.645385,-79.442507,2017-03-12 18:28:02.695241
2739617,2670579,Entire home/apt,,Roncesvalles (86),1,0.0,6,3.0,306.0,,43.644371,-79.441637,2017-03-12 18:28:02.683337
11162823,7720576,Entire home/apt,,Trinity-Bellwoods (81),0,0.0,4,2.0,230.0,,43.64912,-79.416589,2017-03-12 18:28:01.631178
1560504,3400584,Entire home/apt,,Trinity-Bellwoods (81),17,5.0,8,3.0,305.0,,43.648541,-79.407994,2017-03-12 18:28:01.628252
16965163,18839267,Entire home/apt,,Little Portugal (84),1,0.0,14,2.0,229.0,,43.650873,-79.435081,2017-03-12 18:28:00.212707
1628459,5489852,Entire home/apt,,Kensington-Chinatown (78),10,4.0,3,1.0,230.0,,43.657198,-79.39593,2017-03-12 18:28:00.188020
1764263,1919294,Entire home/apt,,Niagara (82),5,5.0,4,2.0,306.0,,43.637477,-79.415802,2017-03-12 18:27:58.941574
6133248,14192890,Entire home/apt,,Waterfront Communities-The Island (77),0,0.0,5,1.0,305.0,,43.641991,-79.398964,2017-03-12 18:27:58.920822
13495056,77368680,Entire home/apt,,Waterfront Communities-The Island (77),8,4.5,6,3.0,268.0,,43.640417,-79.39888,2017-03-12 18:27:57.600391
12155729,1467817,Entire home/apt,,Waterfront Communities-The Island (77),3,4.5,6,2.0,306.0,,43.643103,-79.402119,2017-03-12 18:27:57.594896
11672003,20446038,Entire home/apt,,Waterfront Communities-The Island (77),4,4.0,4,2.0,230.0,,43.642187,-79.401966,2017-03-12 18:27:57.590735
1801668,847202,Entire home/apt,,Little Portugal (84),25,5.0,6,3.0,218.0,,43.649069,-79.439088,2017-03-12 18:27:57.569190
6523654,3633588,Entire home/apt,,Niagara (82),1,0.0,4,2.0,252.0,,43.639271,-79.418862,2017-03-12 18:27:56.016809
1864021,6778835,Entire home/apt,,Dufferin Grove (83),6,5.0,6,3.0,210.0,,43.656205,-79.430431,2017-03-12 18:27:56.013670
1012527,5518435,Entire home/apt,,Niagara (82),1,0.0,7,3.0,258.0,,43.64601,-79.409793,2017-03-12 18:27:54.616017
2056070,10513933,Entire home/apt,,Little Portugal (84),1,0.0,7,3.0,241.0,,43.644671,-79.427843,2017-03-12 18:27:45.661239
11160317,15874211,Entire home/apt,,Niagara (82),17,4.5,5,2.0,229.0,,43.639415,-79.416728,2017-03-12 18:27:44.233337
1699994,8976677,Entire home/apt,,Niagara (82),29,5.0,6,2.0,248.0,,43.644818,-79.40651,2017-03-12 18:27:33.493364
16334993,35910464,Entire home/apt,,Waterfront Communities-The Island (77),0,0.0,6,2.0,230.0,,43.642986,-79.39146,2017-03-12 18:27:33.480789
15360977,33507941,Entire home/apt,,Waterfront Communities-The Island (77),12,5.0,4,2.0,210.0,,43.642612,-79.383457,2017-03-12 18:27:25.507796
529227,2600229,Entire home/apt,,Palmerston-Little Italy (80),15,4.5,7,4.0,226.0,,43.65899,-79.424739,2017-03-12 18:27:20.566551
2492327,12756268,Entire home/apt,,Palmerston-Little Italy (80),0,0.0,6,3.0,230.0,,43.659733,-79.425324,2017-03-12 18:27:20.562254
6758652,6253937,Entire home/apt,,Dovercourt-Wallace Emerson-Junction (93),1,0.0,6,3.0,230.0,,43.667384,-79.426325,2017-03-12 18:27:20.553378
12157122,55553758,Entire home/apt,,Long Branch (19),0,0.0,3,1.0,75.0,,43.600048,-79.524004,2017-03-12 19:06:13.735525
10524949,19657717,Entire home/apt,,Niagara (82),14,4.5,4,1.0,77.0,,43.641407,-79.414892,2017-03-12 19:06:09.746659
13708141,80017044,Entire home/apt,,Kingsway South (15),0,0.0,2,0.0,65.0,,43.64993,-79.505396,2017-03-12 19:02:47.859218
15008445,13042404,Entire home/apt,,Willowdale East (51),0,0.0,2,1.0,76.0,,43.760686,-79.408511,2017-03-12 18:59:11.118127
16111317,13850608,Entire home/apt,,Bay Street Corridor (76),13,4.5,2,0.0,76.0,,43.655418,-79.383904,2017-03-12 18:52:23.563863
9589799,49562092,Entire home/apt,,Willowdale East (51),0,0.0,4,1.0,65.0,,43.761093,-79.410143,2017-03-12 18:52:18.880165
10124614,6110142,Entire home/apt,,Newtonbrook West (36),5,4.5,6,1.0,65.0,,43.786716,-79.427832,2017-03-12 18:52:17.388684
8500152,44760023,Entire home/apt,,Newtonbrook West (36),0,0.0,4,3.0,69.0,,43.786732,-79.423252,2017-03-12 18:52:16.566065
12797682,63968705,Entire home/apt,,Willowdale West (37),1,0.0,4,2.0,73.0,,43.778698,-79.418159,2017-03-12 18:52:12.874760
14149053,85459663,Entire home/apt,,Bathurst Manor (34),6,4.0,5,2.0,75.0,,43.75793,-79.458992,2017-03-12 18:52:11.959442
14151336,85501616,Entire home/apt,,Westminster-Branson (35),7,4.5,2,1.0,62.0,,43.78326,-79.446443,2017-03-12 18:52:09.800618
7253069,25276040,Entire home/apt,,Mount Pleasant West (104),11,4.5,4,1.0,73.0,,43.709636,-79.395729,2017-03-12 18:52:03.453516
7307503,21739699,Entire home/apt,,Rouge (131),4,5.0,3,1.0,75.0,,43.794924,-79.127812,2017-03-12 18:51:58.915857
5873956,30495791,Entire home/apt,,Highland Creek (134),12,4.5,2,1.0,76.0,,43.783224,-79.173715,2017-03-12 18:51:53.322540
15799628,102223359,Entire home/apt,,Woburn (137),4,5.0,4,2.0,76.0,,43.780985,-79.247272,2017-03-12 18:51:46.937747
13442888,76729112,Entire home/apt,,Don Valley Village (47),38,4.5,4,2.0,67.0,,43.783383,-79.341156,2017-03-12 18:51:45.635039
6262182,32539776,Entire home/apt,,Morningside (135),36,5.0,4,2.0,73.0,,43.77123,-79.207685,2017-03-12 18:51:45.629993
15531995,68491411,Entire home/apt,,Lambton Baby Point (114),6,4.5,2,1.0,46.0,,43.650511,-79.485324,2017-03-12 18:46:57.032260
2456920,4610412,Entire home/apt,,Islington-City Centre West (14),15,4.5,4,1.0,61.0,,43.610872,-79.556304,2017-03-12 18:44:09.697779
4832165,24874669,Entire home/apt,,South Riverdale (70),0,0.0,2,1.0,41.0,,43.659487,-79.34199,2017-03-12 18:41:21.422296
16016928,104155514,Entire home/apt,,Humewood-Cedarvale (106),12,5.0,2,1.0,54.0,,43.685186,-79.423858,2017-03-12 18:39:50.410232
17103858,105500607,Entire home/apt,,Oakwood Village (107),0,0.0,3,1.0,47.0,,43.6883,-79.437049,2017-03-12 18:39:50.400086
9669076,44435857,Entire home/apt,,Ionview (125),4,4.0,2,2.0,58.0,,43.734491,-79.271359,2017-03-12 18:39:38.965507
10458594,13633667,Entire home/apt,,East End-Danforth (62),18,5.0,2,0.0,45.0,,43.685549,-79.294733,2017-03-12 18:39:28.525359
8288471,43687235,Entire home/apt,,Annex (95),9,4.5,2,0.0,48.0,,43.674408,-79.408626,2017-03-12 18:39:24.414452
13879550,26010342,Entire home/apt,,Blake-Jones (69),5,5.0,2,1.0,44.0,,43.677331,-79.340737,2017-03-12 18:39:12.313190
7825101,4461787,Entire home/apt,,Niagara (82),22,4.5,3,1.0,56.0,,43.640819,-79.403727,2017-03-12 18:38:50.454524
6639295,22092077,Entire home/apt,,South Riverdale (70),107,4.5,2,1.0,48.0,,43.661938,-79.334013,2017-03-12 18:38:47.971154
6424363,9212719,Entire home/apt,,Briar Hill-Belgravia (108),0,0.0,3,1.0,58.0,,43.704986,-79.439797,2017-03-12 18:38:40.290746
10787910,54763140,Entire home/apt,,Willowdale East (51),9,5.0,3,1.0,42.0,,43.761728,-79.401588,2017-03-12 18:38:37.583171
16012926,21245388,Entire home/apt,,Oakwood Village (107),2,0.0,2,0.0,45.0,,43.693555,-79.440701,2017-03-12 18:38:35.810451
3332196,15621599,Entire home/apt,,Newtonbrook West (36),54,4.5,2,1.0,54.0,,43.787172,-79.417699,2017-03-12 18:38:33.692857
6573213,33699825,Entire home/apt,,Newtonbrook West (36),12,4.5,3,1.0,58.0,,43.784175,-79.437459,2017-03-12 18:38:32.750336
12928384,70957507,Entire home/apt,,Flemingdon Park (44),1,0.0,4,2.0,43.0,,43.710521,-79.333,2017-03-12 18:38:27.797593
14335973,87491174,Entire home/apt,,Kennedy Park (124),6,5.0,3,1.0,49.0,,43.723339,-79.256781,2017-03-12 18:38:23.658149
14043478,84172369,Entire home/apt,,L'Amoreaux (117),30,4.5,2,1.0,48.0,,43.802008,-79.321845,2017-03-12 18:38:19.966569
6384334,27530605,Entire home/apt,,Hillcrest Village (48),7,4.0,4,2.0,55.0,,43.794591,-79.349118,2017-03-12 18:38:16.484748
16899834,90837341,Entire home/apt,,Malvern (132),0,0.0,2,1.0,49.0,,43.797052,-79.211866,2017-03-12 18:38:16.456877
2786035,2784012,Entire home/apt,,Weston-Pellam Park (91),26,5.0,2,0.0,42.0,,43.673082,-79.456106,2017-03-12 18:37:53.897572
15572325,100302671,Entire home/apt,,University (79),0,0.0,2,1.0,38.0,,43.665974,-79.402139,2017-03-12 18:37:49.943999
13507122,77504076,Entire home/apt,,North Riverdale (68),8,5.0,2,1.0,38.0,,43.673071,-79.356259,2017-03-12 18:37:49.941620
13448709,40741202,Entire home/apt,,West Humber-Clairville (1),21,5.0,3,2.0,37.0,,43.725403,-79.616909,2017-03-12 18:37:49.939312
16042338,104413213,Entire home/apt,,Waterfront Communities-The Island (77),1,0.0,2,1.0,16.0,,43.646512,-79.361671,2017-03-12 18:37:49.931195
3700534,6041037,Entire home/apt,,Alderwood (20),18,4.0,2,1.0,37.0,,43.603877,-79.540391,2017-03-12 18:37:48.772369
2419948,12314572,Entire home/apt,,Morningside (135),16,3.5,5,2.0,37.0,,43.77381,-79.211756,2017-03-12 18:37:48.764689
11691295,62117193,Entire home/apt,,Weston-Pellam Park (91),16,4.5,2,1.0,40.0,,43.677271,-79.462597,2017-03-12 18:37:48.741046
13811924,26508323,Entire home/apt,,Henry Farm (53),0,0.0,4,1.0,38.0,,43.773804,-79.345029,2017-03-12 18:37:46.146365
14053520,84299835,Entire home/apt,,Dufferin Grove (83),4,5.0,2,1.0,35.0,,43.654203,-79.428523,2017-03-12 18:37:46.139440
14240068,86624641,Entire home/apt,,Caledonia-Fairbank (109),3,4.5,4,1.0,38.0,,43.689041,-79.45466,2017-03-12 18:37:46.137178
16393155,107387227,Entire home/apt,,High Park-Swansea (87),0,0.0,2,0.0,38.0,,43.645811,-79.45242,2017-03-12 18:37:45.345981
17499226,7544686,Entire home/apt,,Birchcliffe-Cliffside (122),0,0.0,4,3.0,38.0,,43.705208,-79.261139,2017-03-12 18:37:43.587461
14176179,34050490,Entire home/apt,,Annex (95),10,5.0,4,1.0,34.0,,43.674225,-79.407941,2017-03-12 18:37:43.580872
15929113,91580689,Entire home/apt,,Dovercourt-Wallace Emerson-Junction (93),5,5.0,2,1.0,40.0,,43.66604,-79.434862,2017-03-12 18:37:43.563777
16056183,24967374,Entire home/apt,,Runnymede-Bloor West Village (89),0,0.0,2,1.0,37.0,,43.651157,-79.478577,2017-03-12 18:37:42.483861
9635184,37197395,Entire home/apt,,North St.James Town (74),2,0.0,2,0.0,31.0,,43.670804,-79.375979,2017-03-12 18:37:42.479551
13376436,74708664,Entire home/apt,,Long Branch (19),1,0.0,2,1.0,31.0,,43.595113,-79.527129,2017-03-12 18:37:42.476357
9565669,29506605,Entire home/apt,,Lambton Baby Point (114),1,0.0,2,0.0,31.0,,43.665578,-79.499789,2017-03-12 18:37:42.471450
10359197,53316659,Entire home/apt,,University (79),0,0.0,6,2.0,306.0,,43.664951,-79.408966,2017-03-12 18:27:20.547851
14867913,5211865,Entire home/apt,,Palmerston-Little Italy (80),0,0.0,7,2.0,241.0,,43.663709,-79.412259,2017-03-12 18:27:20.536680
12737927,4873041,Entire home/apt,,Annex (95),4,4.5,6,3.0,306.0,,43.666688,-79.416471,2017-03-12 18:27:17.405748
6586124,5034342,Entire home/apt,,Wychwood (94),9,4.5,6,3.0,210.0,,43.677569,-79.416264,2017-03-12 18:27:15.938299
6361943,33145163,Entire home/apt,,Little Portugal (84),0,0.0,6,3.0,230.0,,43.64854,-79.434811,2017-03-12 18:27:04.185384
1419,1565,Entire home/apt,,Little Portugal (84),4,5.0,10,5.0,267.0,,43.646168,-79.42451,2017-03-12 18:27:04.163037
5510423,324790,Entire home/apt,,Trinity-Bellwoods (81),7,4.5,4,2.0,252.0,,43.645258,-79.422182,2017-03-12 18:27:01.342477
13619411,5601930,Entire home/apt,,Waterfront Communities-The Island (77),1,0.0,2,1.0,258.0,,43.64406,-79.40017,2017-03-12 18:27:01.333392
15087542,2300898,Entire home/apt,,Niagara (82),1,0.0,5,2.0,210.0,,43.644069,-79.404294,2017-03-12 18:26:59.607922
16894705,15912223,Entire home/apt,,Waterfront Communities-The Island (77),1,0.0,10,3.0,229.0,,43.641236,-79.394834,2017-03-12 18:26:58.186857
13061122,72344304,Entire home/apt,,Waterfront Communities-The Island (77),0,0.0,5,2.0,230.0,,43.641879,-79.381569,2017-03-12 18:26:58.160978
15657904,101072595,Entire home/apt,,Niagara (82),0,0.0,6,3.0,268.0,,43.643601,-79.414136,2017-03-12 18:26:53.968116
17012915,8702985,Entire home/apt,,Niagara (82),0,0.0,6,3.0,304.0,,43.642829,-79.413949,2017-03-12 18:26:49.786490
17272291,114344363,Entire home/apt,,Trinity-Bellwoods (81),0,0.0,8,4.0,251.0,,43.651297,-79.414183,2017-03-12 18:26:49.186558
6620297,34649720,Entire home/apt,,Humewood-Cedarvale (106),0,0.0,6,4.0,306.0,,43.687338,-79.426619,2017-03-12 18:26:34.283067
12803989,7446032,Entire home/apt,,Kensington-Chinatown (78),30,4.5,10,4.0,214.0,,43.649832,-79.392954,2017-03-12 18:26:29.219546
6364321,2732548,Entire home/apt,,Annex (95),2,0.0,5,2.0,294.0,,43.669532,-79.39128,2017-03-12 18:26:29.217283
11148845,7139214,Entire home/apt,,Waterfront Communities-The Island (77),2,0.0,6,2.0,210.0,,43.644844,-79.391829,2017-03-12 18:26:29.215138
7222925,4068240,Entire home/apt,,Waterfront Communities-The Island (77),1,0.0,4,2.0,210.0,,43.643675,-79.397508,2017-03-12 18:26:29.212210
15236176,86339513,Entire home/apt,,Waterfront Communities-The Island (77),0,0.0,4,2.0,248.0,,43.640077,-79.39465,2017-03-12 18:26:29.209722
10173733,403478,Entire home/apt,,Trinity-Bellwoods (81),13,5.0,6,3.0,305.0,,43.644987,-79.41786,2017-03-12 18:26:27.777046
11056092,57382070,Entire home/apt,,University (79),14,4.5,7,1.0,268.0,,43.662245,-79.401981,2017-03-12 18:26:27.771061
3937300,16679149,Entire home/apt,,Waterfront Communities-The Island (77),54,4.5,6,1.0,306.0,,43.644691,-79.400741,2017-03-12 18:26:27.766861
7679024,40316260,Entire home/apt,,Waterfront Communities-The Island (77),13,5.0,4,2.0,268.0,,43.642077,-79.400427,2017-03-12 18:26:27.761143
14430069,8023067,Entire home/apt,,Waterfront Communities-The Island (77),0,0.0,3,1.0,285.0,,43.64354,-79.401304,2017-03-12 18:26:27.746208
11059500,8005106,Entire home/apt,,Trinity-Bellwoods (81),32,5.0,7,3.0,226.0,,43.653765,-79.412903,2017-03-12 18:26:24.819309
6560638,6017818,Entire home/apt,,The Beaches (63),3,5.0,8,3.0,305.0,,43.672935,-79.298571,2017-03-12 18:26:23.542077
15782247,102081564,Entire home/apt,,East End-Danforth (62),0,0.0,6,3.0,230.0,,43.683592,-79.310259,2017-03-12 18:26:23.498877
1762021,44259,Entire home/apt,,Palmerston-Little Italy (80),26,5.0,9,4.0,207.0,,43.661065,-79.412747,2017-03-12 18:26:23.479795
3979168,6659456,Entire home/apt,,Moss Park (73),16,5.0,4,0.0,233.0,,43.656305,-79.359617,2017-03-12 18:26:21.837408
5431087,7617623,Entire home/apt,,Dovercourt-Wallace Emerson-Junction (93),4,5.0,10,3.0,230.0,,43.667353,-79.424091,2017-03-12 18:26:21.831513
2736799,7028573,Entire home/apt,,East End-Danforth (62),5,5.0,5,3.0,229.0,,43.685053,-79.308661,2017-03-12 18:26:20.377406
16004015,12162418,Entire home/apt,,Trinity-Bellwoods (81),2,0.0,7,2.0,241.0,,43.654841,-79.420565,2017-03-12 18:26:20.371363
9974957,28512854,Entire home/apt,,Niagara (82),44,5.0,4,2.0,230.0,,43.638478,-79.418642,2017-03-12 18:26:20.361945
9496214,47702059,Entire home/apt,,Waterfront Communities-The Island (77),31,4.5,8,3.0,305.0,,43.641056,-79.398174,2017-03-12 18:26:20.353910
7694686,13777731,Entire home/apt,,Trinity-Bellwoods (81),15,5.0,4,2.0,230.0,,43.647563,-79.409418,2017-03-12 18:26:20.351813
9994521,2505410,Entire home/apt,,Kensington-Chinatown (78),6,5.0,6,3.0,236.0,,43.65537,-79.402183,2017-03-12 18:26:20.343751
1166096,178067,Entire home/apt,,Rosedale-Moore Park (98),3,4.5,9,4.0,267.0,,43.681114,-79.390391,2017-03-12 18:26:17.314612
15966955,94538165,Entire home/apt,,Waterfront Communities-The Island (77),1,0.0,4,2.0,214.0,,43.644514,-79.399602,2017-03-12 18:26:15.915223
15165338,2825185,Entire home/apt,,Waterfront Communities-The Island (77),5,4.5,5,2.0,230.0,,43.644456,-79.401978,2017-03-12 18:26:15.896047
13929481,5409888,Entire home/apt,,Waterfront Communities-The Island (77),9,4.5,4,2.0,212.0,,43.642417,-79.397292,2017-03-12 18:26:15.889269
12906758,1187596,Entire home/apt,,Palmerston-Little Italy (80),4,5.0,6,3.0,226.0,,43.657035,-79.420525,2017-03-12 18:26:15.881908
13624209,67910031,Entire home/apt,,Waterfront Communities-The Island (77),6,5.0,6,2.0,250.0,,43.647353,-79.393089,2017-03-12 18:26:14.509449
16807709,94714009,Entire home/apt,,The Beaches (63),0,0.0,6,3.0,230.0,,43.671043,-79.281015,2017-03-12 18:26:14.496092
5029428,10622593,Entire home/apt,,Bay Street Corridor (76),16,5.0,2,1.0,306.0,,43.648355,-79.384518,2017-03-12 18:26:12.694624
3703115,4119982,Entire home/apt,,Waterfront Communities-The Island (77),136,5.0,8,3.0,305.0,,43.646466,-79.394067,2017-03-12 18:26:11.656656
14880729,51015491,Entire home/apt,,Cabbagetown-South St.James Town (71),0,0.0,4,2.0,217.0,,43.663839,-79.360294,2017-03-12 18:26:11.627012
13799370,81135841,Entire home/apt,,Niagara (82),5,4.5,2,1.0,230.0,,43.639163,-79.413286,2017-03-12 18:26:06.034081
6404287,32632978,Entire home/apt,,Moss Park (73),38,4.5,6,3.0,244.0,,43.656316,-79.369043,2017-03-12 18:26:06.018209
16872838,102017896,Entire home/apt,,Moss Park (73),0,0.0,6,3.0,230.0,,43.655667,-79.363624,2017-03-12 18:26:04.596653
7460503,3848196,Entire home/apt,,Waterfront Communities-The Island (77),1,0.0,8,2.0,286.0,,43.646807,-79.392102,2017-03-12 18:26:00.656484
14467809,89159659,Entire home/apt,,Waterfront Communities-The Island (77),2,0.0,4,2.0,305.0,,43.647013,-79.391893,2017-03-12 18:26:00.653479
13222133,9811752,Entire home/apt,,Waterfront Communities-The Island (77),12,4.5,5,2.0,268.0,,43.644129,-79.390353,2017-03-12 18:26:00.640675
8971754,4312321,Entire home/apt,,Waterfront Communities-The Island (77),1,0.0,2,1.0,306.0,,43.648595,-79.38761,2017-03-12 18:26:00.629998
5317576,27546901,Entire home/apt,,Waterfront Communities-The Island (77),2,0.0,5,2.0,251.0,,43.643289,-79.39098,2017-03-12 18:25:58.979103
14631470,4124418,Entire home/apt,,Waterfront Communities-The Island (77),3,4.5,6,2.0,226.0,,43.64345,-79.390901,2017-03-12 18:25:58.976131
779670,4111007,Entire home/apt,,Rosedale-Moore Park (98),0,0.0,6,4.0,306.0,,43.676866,-79.384358,2017-03-12 18:25:58.970205
8340380,24663479,Entire home/apt,,Bay Street Corridor (76),0,0.0,4,2.0,214.0,,43.66631,-79.387146,2017-03-12 18:25:58.967469
2140076,10921328,Entire home/apt,,Rosedale-Moore Park (98),0,0.0,9,4.0,256.0,,43.68309,-79.380522,2017-03-12 18:25:58.961112
4773829,19638124,Entire home/apt,,Waterfront Communities-The Island (77),5,5.0,5,2.0,229.0,,43.649395,-79.38752,2017-03-12 18:25:58.956729
16524852,11627856,Entire home/apt,,Bay Street Corridor (76),0,0.0,4,2.0,275.0,,43.648052,-79.386036,2017-03-12 18:25:58.952498
16867217,3587159,Entire home/apt,,Bay Street Corridor (76),0,0.0,16,0.0,267.0,,43.656294,-79.385323,2017-03-12 18:25:58.945823
11849199,63145394,Entire home/apt,,Bay Street Corridor (76),16,5.0,8,3.0,305.0,,43.660029,-79.383636,2017-03-12 18:25:58.942601
13960633,5352823,Entire home/apt,,Waterfront Communities-The Island (77),3,5.0,4,2.0,268.0,,43.643443,-79.383068,2017-03-12 18:25:57.330924
16846938,55357443,Entire home/apt,,Waterfront Communities-The Island (77),0,0.0,5,2.0,245.0,,43.643449,-79.382321,2017-03-12 18:25:57.326807
6949068,30980369,Entire home/apt,,Rosedale-Moore Park (98),0,0.0,6,3.0,268.0,,43.675154,-79.377368,2017-03-12 18:25:57.323739
9574298,6440266,Entire home/apt,,Waterfront Communities-The Island (77),0,0.0,5,2.0,306.0,,43.641725,-79.38057,2017-03-12 18:25:57.315889
15026131,39881015,Entire home/apt,,Waterfront Communities-The Island (77),0,0.0,2,1.0,210.0,,43.645295,-79.398488,2017-03-12 18:25:56.260940
6848133,22059894,Entire home/apt,,Regent Park (72),7,4.5,8,3.0,248.0,,43.660994,-79.356536,2017-03-12 18:25:56.254595
14549400,3068260,Entire home/apt,,Waterfront Communities-The Island (77),16,4.5,7,3.0,268.0,,43.641401,-79.398191,2017-03-12 18:25:56.244778
2927066,1798495,Entire home/apt,,Waterfront Communities-The Island (77),4,4.5,4,1.0,210.0,,43.641894,-79.38105,2017-03-12 18:25:56.241738
6128745,31759404,Entire home/apt,,Annex (95),22,4.5,4,2.0,245.0,,43.66841,-79.403545,2017-03-12 18:25:54.705153
9368719,55442,Entire home/apt,,Bay Street Corridor (76),4,5.0,6,2.0,282.0,,43.660172,-79.384987,2017-03-12 18:25:54.697603
16756220,111192260,Entire home/apt,,Waterfront Communities-The Island (77),2,0.0,5,2.0,230.0,,43.639142,-79.399141,2017-03-12 18:25:54.690183
11718611,22771222,Entire home/apt,,Bay Street Corridor (76),9,5.0,4,2.0,268.0,,43.664491,-79.385267,2017-03-12 18:25:54.687976
14690629,4124418,Entire home/apt,,Waterfront Communities-The Island (77),3,4.5,6,2.0,226.0,,43.642899,-79.39106,2017-03-12 18:25:54.683511
6929052,16644819,Entire home/apt,,Waterfront Communities-The Island (77),3,5.0,5,2.0,282.0,,43.642327,-79.381014,2017-03-12 18:25:54.677015
14385635,8336123,Entire home/apt,,Cabbagetown-South St.James Town (71),7,5.0,5,2.0,210.0,,43.662796,-79.376424,2017-03-12 18:25:53.553137
12305021,7135549,Entire home/apt,,Waterfront Communities-The Island (77),2,0.0,5,2.0,295.0,,43.64529,-79.376963,2017-03-12 18:25:53.550281
6199762,15643443,Entire home/apt,,Waterfront Communities-The Island (77),0,0.0,4,2.0,306.0,,43.643074,-79.376208,2017-03-12 18:25:53.548148
9364737,27645090,Entire home/apt,,Waterfront Communities-The Island (77),2,0.0,4,2.0,306.0,,43.641485,-79.37486,2017-03-12 18:25:53.544455
5026415,25940687,Entire home/apt,,Waterfront Communities-The Island (77),0,0.0,6,2.0,306.0,,43.647657,-79.373815,2017-03-12 18:25:53.542163
5335087,314617,Entire home/apt,,Moss Park (73),9,5.0,4,2.0,229.0,,43.656052,-79.370179,2017-03-12 18:25:53.538854
3720975,19005056,Entire home/apt,,Regent Park (72),0,0.0,4,1.0,268.0,,43.656251,-79.363845,2017-03-12 18:25:53.534108
14553674,12387999,Entire home/apt,,Regent Park (72),0,0.0,5,0.0,306.0,,43.657895,-79.360589,2017-03-12 18:25:53.531805
1650977,8756377,Entire home/apt,,Moss Park (73),6,5.0,4,2.0,210.0,,43.654948,-79.359305,2017-03-12 18:25:53.529006
12651922,1895260,Entire home/apt,,South Riverdale (70),12,5.0,6,3.0,230.0,,43.665928,-79.347155,2017-03-12 18:25:53.523453
7239730,32764525,Entire home/apt,,South Riverdale (70),8,5.0,5,3.0,240.0,,43.662902,-79.344157,2017-03-12 18:25:52.022375
2436090,1619153,Entire home/apt,,South Riverdale (70),1,0.0,2,1.0,278.0,,43.663683,-79.340691,2017-03-12 18:25:52.019557
4188424,867029,Entire home/apt,,South Riverdale (70),0,0.0,4,3.0,214.0,,43.659889,-79.338542,2017-03-12 18:25:52.017034
4906472,3285619,Entire home/apt,,South Riverdale (70),1,0.0,5,3.0,230.0,,43.666713,-79.331669,2017-03-12 18:25:52.014916
6336619,11965326,Entire home/apt,,Greenwood-Coxwell (65),8,5.0,5,3.0,226.0,,43.663446,-79.327516,2017-03-12 18:25:52.012254
11277637,58895232,Entire home/apt,,The Beaches (63),1,0.0,6,2.0,221.0,,43.667971,-79.30528,2017-03-12 18:25:52.007963
4530973,23026810,Entire home/apt,,Birchcliffe-Cliffside (122),10,4.5,8,3.0,299.0,,43.689247,-79.266097,2017-03-12 18:25:52.005617
13973714,24014221,Entire home/apt,,The Beaches (63),1,0.0,6,4.0,286.0,,43.66756,-79.299357,2017-03-12 18:25:52.002373
13847004,7462394,Entire home/apt,,The Beaches (63),2,0.0,6,4.0,286.0,,43.666934,-79.29925,2017-03-12 18:25:51.998549
14633186,38677739,Entire home/apt,,Waterfront Communities-The Island (77),2,0.0,4,2.0,212.0,,43.64244,-79.394771,2017-03-12 18:25:51.989969
13235797,2436406,Entire home/apt,,Waterfront Communities-The Island (77),16,4.5,2,1.0,248.0,,43.648653,-79.387633,2017-03-12 18:25:51.985918
15359500,55951559,Entire home/apt,,Waterfront Communities-The Island (77),9,4.5,6,3.0,230.0,,43.643391,-79.389963,2017-03-12 18:25:50.261661
6739895,6489500,Entire home/apt,,Niagara (82),2,0.0,6,2.0,232.0,,43.635373,-79.402056,2017-03-12 18:25:50.253438
11090342,1798495,Entire home/apt,,Niagara (82),15,5.0,6,3.0,210.0,,43.637289,-79.404236,2017-03-12 18:25:50.245431
6040897,23705522,Entire home/apt,,Waterfront Communities-The Island (77),69,5.0,7,2.0,221.0,,43.63773,-79.398733,2017-03-12 18:25:49.228139
14808856,4266121,Entire home/apt,,Bay Street Corridor (76),0,0.0,2,1.0,306.0,,43.665691,-79.387776,2017-03-12 18:25:49.225354
11775254,38654881,Entire home/apt,,South Riverdale (70),2,0.0,2,1.0,286.0,,43.663224,-79.333634,2017-03-12 18:25:49.223068
1859464,9700971,Entire home/apt,,Waterfront Communities-The Island (77),98,5.0,9,3.0,228.0,,43.641234,-79.38942,2017-03-12 18:25:49.217032
16413521,88844775,Entire home/apt,,Waterfront Communities-The Island (77),0,0.0,4,1.0,221.0,,43.644566,-79.402478,2017-03-12 18:25:49.211501
16331433,41810078,Entire home/apt,,Waterfront Communities-The Island (77),0,0.0,3,1.0,286.0,,43.644903,-79.390854,2017-03-12 18:25:49.207514
16192485,105618845,Entire home/apt,,Moss Park (73),1,0.0,4,2.0,221.0,,43.65894,-79.369633,2017-03-12 18:25:49.202268
14993912,2987036,Entire home/apt,,Waterfront Communities-The Island (77),3,5.0,4,2.0,248.0,,43.640813,-79.398069,2017-03-12 18:25:49.197847
2705642,13847343,Entire home/apt,,Moss Park (73),14,4.5,9,4.0,306.0,,43.657657,-79.370246,2017-03-12 18:25:49.192806
14728467,4124418,Entire home/apt,,Waterfront Communities-The Island (77),0,0.0,4,2.0,226.0,,43.642265,-79.382337,2017-03-12 18:25:49.189289
14835677,92809612,Entire home/apt,,Kensington-Chinatown (78),1,0.0,4,2.0,229.0,,43.656374,-79.393983,2017-03-12 18:25:47.714177
6347424,33062511,Entire home/apt,,Waterfront Communities-The Island (77),0,0.0,6,3.0,306.0,,43.651267,-79.357938,2017-03-12 18:25:47.708224
14110141,31416301,Entire home/apt,,Danforth (66),5,5.0,6,3.0,221.0,,43.684833,-79.330795,2017-03-12 18:25:47.705912
11226618,22932234,Entire home/apt,,Niagara (82),4,5.0,3,1.0,226.0,,43.636217,-79.40196,2017-03-12 18:25:47.699506
14395569,49948377,Entire home/apt,,Waterfront Communities-The Island (77),1,0.0,3,1.0,206.0,,43.648086,-79.391652,2017-03-12 18:25:47.693471
8843301,9390065,Entire home/apt,,South Riverdale (70),47,5.0,6,2.0,210.0,,43.658095,-79.344843,2017-03-12 18:25:46.842838
15886522,103023716,Entire home/apt,,Rosedale-Moore Park (98),12,5.0,5,2.0,229.0,,43.671438,-79.387129,2017-03-12 18:25:46.838100
16258643,42698814,Entire home/apt,,Church-Yonge Corridor (75),2,0.0,6,2.0,268.0,,43.660346,-79.382573,2017-03-12 18:25:46.824853
10905107,7446032,Entire home/apt,,Waterfront Communities-The Island (77),63,5.0,6,2.0,229.0,,43.644919,-79.393004,2017-03-12 18:25:44.540869
13461139,4085292,Entire home/apt,,Church-Yonge Corridor (75),18,4.5,4,2.0,306.0,,43.669012,-79.386036,2017-03-12 18:25:44.532870
6271060,1919294,Entire home/apt,,Waterfront Communities-The Island (77),10,4.5,6,3.0,230.0,,43.638941,-79.39635,2017-03-12 18:25:44.529692
3818652,19638124,Entire home/apt,,Waterfront Communities-The Island (77),3,5.0,3,1.0,229.0,,43.64868,-79.387703,2017-03-12 18:25:44.521673
15673991,60938653,Entire home/apt,,Waterfront Communities-The Island (77),2,0.0,3,1.0,230.0,,43.644292,-79.398661,2017-03-12 18:25:44.515748
10296515,555523,Entire home/apt,,The Beaches (63),0,0.0,6,3.0,306.0,,43.671993,-79.299977,2017-03-12 18:25:44.512697
4032525,20906900,Entire home/apt,,East End-Danforth (62),22,5.0,6,3.0,230.0,,43.682476,-79.297359,2017-03-12 18:25:43.385294
16660942,104375332,Entire home/apt,,Waterfront Communities-The Island (77),2,0.0,4,2.0,213.0,,43.644714,-79.398879,2017-03-12 18:25:43.376001
14730772,18839267,Entire home/apt,,Waterfront Communities-The Island (77),35,4.5,10,3.0,305.0,,43.640947,-79.396013,2017-03-12 18:25:43.365164
4946860,25496633,Entire home/apt,,Waterfront Communities-The Island (77),26,5.0,6,2.0,210.0,,43.648436,-79.371575,2017-03-12 18:25:43.362643
11021529,8427721,Entire home/apt,,Waterfront Communities-The Island (77),3,5.0,4,2.0,306.0,,43.642949,-79.381693,2017-03-12 18:25:42.034132
14216811,41500969,Entire home/apt,,Waterfront Communities-The Island (77),0,0.0,4,1.0,248.0,,43.643814,-79.376777,2017-03-12 18:25:42.028258
98136,518383,Entire home/apt,,Waterfront Communities-The Island (77),41,5.0,5,2.0,230.0,,43.632662,-79.356158,2017-03-12 18:25:42.024274
15207378,49288354,Entire home/apt,,Waterfront Communities-The Island (77),5,4.0,5,2.0,230.0,,43.64272,-79.382615,2017-03-12 18:25:42.018490
13188170,18839267,Entire home/apt,,Waterfront Communities-The Island (77),50,4.5,7,3.0,229.0,,43.641801,-79.38076,2017-03-12 18:25:42.015331
15131553,24327321,Entire home/apt,,Waterfront Communities-The Island (77),0,0.0,6,3.0,230.0,,43.641377,-79.382051,2017-03-12 18:25:39.961046
12523798,67841338,Entire home/apt,,Annex (95),35,5.0,4,2.0,218.0,,43.672385,-79.38898,2017-03-12 18:25:39.947729
13585289,27709496,Entire home/apt,,Waterfront Communities-The Island (77),14,5.0,5,2.0,220.0,,43.64219,-79.380886,2017-03-12 18:25:39.377119
13744969,32049939,Entire home/apt,,Woodbine Corridor (64),6,4.5,6,3.0,210.0,,43.670931,-79.314217,2017-03-12 18:25:38.035906
13955972,83112574,Entire home/apt,,Waterfront Communities-The Island (77),4,5.0,5,3.0,210.0,,43.640402,-79.378292,2017-03-12 18:25:38.031011
15430360,31538659,Entire home/apt,,Cabbagetown-South St.James Town (71),1,0.0,8,4.0,268.0,,43.666208,-79.372973,2017-03-12 18:25:38.026575
8634098,32876233,Entire home/apt,,Church-Yonge Corridor (75),12,5.0,8,4.0,252.0,,43.663027,-79.377634,2017-03-12 18:25:38.021515
3880373,9076531,Entire home/apt,,The Beaches (63),37,4.5,7,3.0,221.0,,43.673294,-79.283933,2017-03-12 18:25:37.221980
10042369,11627597,Entire home/apt,,Waterfront Communities-The Island (77),52,5.0,8,3.0,299.0,,43.643472,-79.381742,2017-03-12 18:25:37.218128
17413439,15495767,Entire home/apt,,Waterfront Communities-The Island (77),1,0.0,6,3.0,237.0,,43.642429,-79.380692,2017-03-12 18:25:37.214287
11007748,57120874,Entire home/apt,,Moss Park (73),0,0.0,1,1.0,206.0,,43.652951,-79.371548,2017-03-12 18:25:37.206058
5821126,4195310,Entire home/apt,,Waterfront Communities-The Island (77),2,0.0,4,2.0,210.0,,43.651008,-79.358123,2017-03-12 18:25:37.192959
15127295,50778946,Entire home/apt,,The Beaches (63),2,0.0,8,4.0,290.0,,43.663739,-79.309719,2017-03-12 18:25:36.627391
16991633,490177,Entire home/apt,,Waterfront Communities-The Island (77),4,5.0,8,2.0,229.0,,43.642954,-79.381583,2017-03-12 18:25:36.623274
7512849,39250631,Entire home/apt,,Waterfront Communities-The Island (77),18,4.5,4,2.0,229.0,,43.642813,-79.380996,2017-03-12 18:25:36.613562
6211887,32205233,Entire home/apt,,Niagara (82),0,0.0,2,1.0,192.0,,43.637528,-79.400645,2017-03-12 18:24:42.555113
16066492,78278259,Entire home/apt,,Annex (95),0,0.0,6,2.0,191.0,,43.671501,-79.393863,2017-03-12 18:24:42.552334
10402685,53561321,Entire home/apt,,Bathurst Manor (34),10,5.0,6,3.0,197.0,,43.765597,-79.45513,2017-03-12 18:24:42.547843
12742291,69304724,Entire home/apt,,Yonge-Eglinton (100),16,5.0,5,2.0,192.0,,43.707828,-79.400779,2017-03-12 18:24:42.545758
17552192,21245388,Entire home/apt,,Moss Park (73),0,0.0,4,2.0,192.0,,43.656399,-79.358815,2017-03-12 18:24:42.540528
7109515,32705238,Entire home/apt,,Annex (95),13,5.0,2,1.0,191.0,,43.676275,-79.400908,2017-03-12 18:24:42.530610
14913697,58586201,Entire home/apt,,North Riverdale (68),2,0.0,6,2.0,192.0,,43.671673,-79.348828,2017-03-12 18:24:41.741573
7565274,10011884,Entire home/apt,,Waterfront Communities-The Island (77),110,5.0,4,2.0,191.0,,43.642565,-79.392085,2017-03-12 18:24:41.738593
13548199,1752685,Entire home/apt,,Kensington-Chinatown (78),3,4.5,4,1.0,192.0,,43.656859,-79.401336,2017-03-12 18:24:41.735805
15567215,74797525,Entire home/apt,,Moss Park (73),5,5.0,3,1.0,192.0,,43.654723,-79.3677,2017-03-12 18:24:41.732944
6852845,35909035,Entire home/apt,,Niagara (82),0,0.0,4,2.0,203.0,,43.636667,-79.403456,2017-03-12 18:24:41.730081
8594313,2656088,Entire home/apt,,Waterfront Communities-The Island (77),2,0.0,2,2.0,192.0,,43.639826,-79.390303,2017-03-12 18:24:41.723881
6475837,33831520,Entire home/apt,,Niagara (82),3,5.0,4,1.0,192.0,,43.645272,-79.412849,2017-03-12 18:24:41.717536
8202064,43256475,Entire home/apt,,Waterfront Communities-The Island (77),0,0.0,1,1.0,192.0,,43.642134,-79.394818,2017-03-12 18:24:41.714723
4698520,14953252,Entire home/apt,,Waterfront Communities-The Island (77),20,4.5,3,2.0,199.0,,43.648941,-79.388278,2017-03-12 18:24:41.712028
16407517,76237235,Entire home/apt,,Old East York (58),2,0.0,8,3.0,192.0,,43.693463,-79.334981,2017-03-12 18:24:41.709829
17422861,490177,Entire home/apt,,Waterfront Communities-The Island (77),0,0.0,6,3.0,191.0,,43.640611,-79.390175,2017-03-12 18:24:41.707435
6779343,18112977,Entire home/apt,,Waterfront Communities-The Island (77),124,4.5,4,1.0,192.0,,43.645306,-79.390257,2017-03-12 18:24:41.702844
13465029,6525584,Entire home/apt,,Kensington-Chinatown (78),7,4.5,8,3.0,191.0,,43.649072,-79.401562,2017-03-12 18:24:41.700468
6537090,34188112,Entire home/apt,,Dovercourt-Wallace Emerson-Junction (93),0,0.0,2,2.0,192.0,,43.662535,-79.424343,2017-03-12 18:24:41.697631
13507026,1684087,Entire home/apt,,Little Portugal (84),3,5.0,4,2.0,199.0,,43.644601,-79.424227,2017-03-12 18:24:41.695097
17585040,119455190,Entire home/apt,,The Beaches (63),0,0.0,8,4.0,192.0,,43.667831,-79.305891,2017-03-12 18:24:41.692380
13754255,18088946,Entire home/apt,,Trinity-Bellwoods (81),6,5.0,6,3.0,203.0,,43.650332,-79.412158,2017-03-12 18:24:41.689288
8294161,37180223,Entire home/apt,,Waterfront Communities-The Island (77),12,5.0,4,2.0,191.0,,43.640574,-79.391387,2017-03-12 18:24:41.685859
10922780,56617821,Entire home/apt,,Alderwood (20),0,0.0,3,2.0,168.0,,43.599686,-79.546769,2017-03-12 18:24:38.764332
15830203,58100203,Entire home/apt,,Mimico (includes Humber Bay Shores) (17),1,0.0,6,3.0,159.0,,43.604544,-79.497149,2017-03-12 18:24:37.165292
15949917,35965162,Entire home/apt,,Rockcliffe-Smythe (111),3,4.5,16,0.0,183.0,,43.679816,-79.475324,2017-03-12 18:24:35.036482
13346804,50667605,Entire home/apt,,Palmerston-Little Italy (80),7,4.5,2,1.0,152.0,,43.654422,-79.425587,2017-03-12 18:24:33.974883
6863266,35965162,Entire home/apt,,Rockcliffe-Smythe (111),2,0.0,3,2.0,176.0,,43.676839,-79.479483,2017-03-12 18:24:32.539002
12473504,56103985,Entire home/apt,,Runnymede-Bloor West Village (89),8,4.5,6,3.0,152.0,,43.652019,-79.485373,2017-03-12 18:24:32.528377
13970746,5819896,Entire home/apt,,Stonegate-Queensway (16),4,5.0,6,3.0,152.0,,43.637862,-79.496536,2017-03-12 18:21:23.540431
13518742,4439498,Entire home/apt,,Runnymede-Bloor West Village (89),2,0.0,5,2.0,152.0,,43.665149,-79.493059,2017-03-12 18:21:23.535789
4819160,13093346,Entire home/apt,,Eringate-Centennial-West Deane (11),1,0.0,4,3.0,152.0,,43.660544,-79.566998,2017-03-12 18:21:23.531298
6795454,35568033,Entire home/apt,,West Humber-Clairville (1),16,5.0,5,3.0,152.0,,43.681725,-79.590858,2017-03-12 18:21:23.515868
2020201,6616887,Entire home/apt,,Islington-City Centre West (14),1,0.0,5,2.0,152.0,,43.639312,-79.535859,2017-03-12 18:21:22.784830
12603697,13183426,Entire home/apt,,Mimico (includes Humber Bay Shores) (17),1,0.0,4,2.0,149.0,,43.623207,-79.489206,2017-03-12 18:21:21.971046
6571913,34373038,Entire home/apt,,Mimico (includes Humber Bay Shores) (17),15,5.0,4,2.0,152.0,,43.624925,-79.489034,2017-03-12 18:21:19.551143
6832888,35797243,Entire home/apt,,High Park-Swansea (87),1,0.0,4,2.0,152.0,,43.642212,-79.476224,2017-03-12 18:21:18.812621
1431361,1788334,Entire home/apt,,Niagara (82),0,0.0,4,2.0,146.0,,43.64508,-79.406174,2017-03-12 18:21:16.127040
13042647,3927214,Entire home/apt,,High Park-Swansea (87),0,0.0,5,2.0,172.0,,43.653187,-79.454795,2017-03-12 18:20:57.784938
2926997,14945258,Entire home/apt,,Little Portugal (84),2,0.0,4,2.0,165.0,,43.652041,-79.43003,2017-03-12 18:20:56.407331
9748616,3200034,Entire home/apt,,Waterfront Communities-The Island (77),0,0.0,2,1.0,152.0,,43.646475,-79.392987,2017-03-12 18:20:50.276630
3684469,5214021,Entire home/apt,,Waterfront Communities-The Island (77),6,4.5,2,1.0,165.0,,43.651106,-79.35766,2017-03-12 18:19:45.149490
13950096,30354892,Entire home/apt,,South Riverdale (70),7,5.0,3,2.0,153.0,,43.662214,-79.343605,2017-03-12 18:19:41.807747
16190212,7306439,Entire home/apt,,Church-Yonge Corridor (75),0,0.0,5,2.0,168.0,,43.667674,-79.385353,2017-03-12 18:19:27.583339
12933916,7650131,Entire home/apt,,Oakwood Village (107),0,0.0,4,2.0,145.0,,43.69623,-79.437637,2017-03-12 18:19:04.534761
12491241,3118660,Entire home/apt,,High Park-Swansea (87),5,5.0,5,3.0,165.0,,43.649986,-79.474927,2017-03-12 18:18:53.336465
17660541,20915177,Entire home/apt,,Kingsway South (15),0,0.0,8,0.0,160.0,,43.651393,-79.500033,2017-03-12 18:18:45.926592
15605217,53663154,Entire home/apt,,Stonegate-Queensway (16),0,0.0,4,2.0,183.0,,43.625607,-79.511174,2017-03-12 18:18:39.423118
13715605,3648402,Entire home/apt,,Mimico (includes Humber Bay Shores) (17),0,0.0,4,2.0,175.0,,43.61927,-79.482007,2017-03-12 18:18:39.415715
1214297,3604846,Entire home/apt,,High Park-Swansea (87),12,4.5,4,2.0,152.0,,43.653512,-79.454612,2017-03-12 18:18:38.675624
6242617,32407953,Entire home/apt,,High Park North (88),0,0.0,3,1.0,152.0,,43.657696,-79.463715,2017-03-12 18:18:38.671693
5226568,1195047,Entire home/apt,,Weston-Pellam Park (91),2,0.0,6,3.0,149.0,,43.672203,-79.457901,2017-03-12 18:18:37.320537
13504566,10546417,Entire home/apt,,Mimico (includes Humber Bay Shores) (17),8,4.5,2,1.0,155.0,,43.620186,-79.487019,2017-03-12 18:18:28.968357
13940081,2230130,Entire home/apt,,Dovercourt-Wallace Emerson-Junction (93),0,0.0,5,3.0,152.0,,43.665074,-79.454758,2017-03-12 18:18:28.952609
4719917,24381731,Entire home/apt,,South Parkdale (85),0,0.0,2,1.0,148.0,,43.636556,-79.465693,2017-03-12 18:18:28.941377
7220525,35859625,Entire home/apt,,Waterfront Communities-The Island (77),1,0.0,4,2.0,458.0,,43.646045,-79.390473,2017-03-12 18:37:18.334888
14760303,741455,Entire home/apt,,Kensington-Chinatown (78),1,0.0,5,2.0,364.0,,43.653638,-79.38951,2017-03-12 18:37:18.332691
12899295,70653494,Entire home/apt,,Waterfront Communities-The Island (77),1,0.0,2,1.0,420.0,,43.645789,-79.39275,2017-03-12 18:37:18.329196
3978186,240678,Entire home/apt,,Waterfront Communities-The Island (77),0,0.0,2,1.0,458.0,,43.64462,-79.393285,2017-03-12 18:37:18.325326
5275896,26632563,Entire home/apt,,Mimico (includes Humber Bay Shores) (17),0,0.0,3,1.0,152.0,,43.624384,-79.487821,2017-03-12 18:18:24.416137
10428248,53642370,Entire home/apt,,Runnymede-Bloor West Village (89),1,0.0,7,3.0,176.0,,43.655492,-79.482808,2017-03-12 18:18:23.322292
7328249,38161047,Entire home/apt,,High Park-Swansea (87),37,4.5,6,3.0,168.0,,43.654611,-79.460324,2017-03-12 18:18:20.338144
12072829,64693867,Entire home/apt,,South Parkdale (85),9,4.5,12,3.0,152.0,,43.635905,-79.438635,2017-03-12 18:17:57.059390
4494127,4124418,Entire home/apt,,Waterfront Communities-The Island (77),9,4.0,4,2.0,179.0,,43.64511,-79.388611,2017-03-12 18:17:46.183916
7019136,33507941,Entire home/apt,,Waterfront Communities-The Island (77),0,0.0,2,1.0,152.0,,43.63917,-79.398248,2017-03-12 18:17:41.541720
13341756,37331907,Entire home/apt,,Waterfront Communities-The Island (77),13,4.5,8,2.0,152.0,,43.641768,-79.391499,2017-03-12 18:17:41.525539
14745108,82548030,Entire home/apt,,Waterfront Communities-The Island (77),0,0.0,4,1.0,145.0,,43.641627,-79.399604,2017-03-12 18:17:38.138341
14294258,87281430,Entire home/apt,,Waterfront Communities-The Island (77),0,0.0,4,1.0,152.0,,43.648289,-79.393684,2017-03-12 18:17:36.020914
8794345,22515659,Entire home/apt,,Waterfront Communities-The Island (77),3,5.0,4,2.0,158.0,,43.640471,-79.396616,2017-03-12 18:17:35.284267
5122111,25718103,Entire home/apt,,Waterfront Communities-The Island (77),1,0.0,2,1.0,161.0,,43.643913,-79.381231,2017-03-12 18:17:20.557087
14120099,4607630,Entire home/apt,,Moss Park (73),1,0.0,4,2.0,152.0,,43.65296,-79.370413,2017-03-12 18:17:20.545601
1040749,5730046,Entire home/apt,,Dufferin Grove (83),21,4.5,5,3.0,160.0,,43.652756,-79.436968,2017-03-12 18:16:53.656329
5353097,27746317,Entire home/apt,,University (79),17,5.0,2,2.0,152.0,,43.663475,-79.409917,2017-03-12 18:16:50.834368
8447041,27385502,Entire home/apt,,Waterfront Communities-The Island (77),1,0.0,16,4.0,152.0,,43.634768,-79.372285,2017-03-12 18:16:25.083642
14544397,88727630,Entire home/apt,,Little Portugal (84),3,5.0,2,1.0,185.0,,43.643885,-79.428506,2017-03-12 18:14:49.290830
12115883,45019143,Entire home/apt,,Waterfront Communities-The Island (77),1,0.0,3,1.0,152.0,,43.647024,-79.392043,2017-03-12 18:14:43.750583
13779110,14192890,Entire home/apt,,Waterfront Communities-The Island (77),3,4.5,6,2.0,152.0,,43.644436,-79.388312,2017-03-12 18:14:43.732040
8424764,7135549,Entire home/apt,,Waterfront Communities-The Island (77),1,0.0,6,2.0,152.0,,43.643034,-79.392319,2017-03-12 18:14:41.284349
8715572,4124418,Entire home/apt,,Waterfront Communities-The Island (77),7,4.0,4,2.0,149.0,,43.642046,-79.382267,2017-03-12 18:14:41.269446
13191767,25337810,Entire home/apt,,Waterfront Communities-The Island (77),1,0.0,4,2.0,152.0,,43.641924,-79.399777,2017-03-12 18:14:39.982413
10066799,1948752,Entire home/apt,,Niagara (82),33,4.5,4,2.0,179.0,,43.637849,-79.401749,2017-03-12 18:14:35.592240
6782889,35508659,Entire home/apt,,Niagara (82),0,0.0,6,2.0,172.0,,43.635825,-79.402875,2017-03-12 18:14:35.585178
366973,1015670,Entire home/apt,,Waterfront Communities-The Island (77),8,5.0,2,1.0,145.0,,43.643406,-79.400458,2017-03-12 18:14:26.317381
1252625,6824998,Entire home/apt,,Roncesvalles (86),8,4.5,4,2.0,152.0,,43.641179,-79.442336,2017-03-12 18:14:26.296881
202636,992557,Entire home/apt,,Wychwood (94),21,4.5,6,3.0,152.0,,43.675397,-79.420618,2017-03-12 18:14:25.481576
702286,3604846,Entire home/apt,,Roncesvalles (86),12,4.5,4,1.0,149.0,,43.65369,-79.451784,2017-03-12 18:14:25.473314
16541763,56265488,Entire home/apt,,Little Portugal (84),0,0.0,4,1.0,152.0,,43.642247,-79.425355,2017-03-12 18:14:25.462129
8955800,13900130,Entire home/apt,,Little Portugal (84),0,0.0,4,2.0,152.0,,43.643857,-79.428323,2017-03-12 18:14:25.455696
6182155,2749778,Entire home/apt,,Trinity-Bellwoods (81),4,5.0,4,1.0,145.0,,43.648314,-79.418538,2017-03-12 18:14:25.451149
864724,1725080,Entire home/apt,,Little Portugal (84),0,0.0,2,1.0,179.0,,43.64861,-79.425513,2017-03-12 18:14:25.446695
6054403,2216736,Entire home/apt,,South Parkdale (85),20,5.0,7,3.0,183.0,,43.634303,-79.432761,2017-03-12 18:14:23.966206
13712972,3646307,Entire home/apt,,Little Portugal (84),2,0.0,5,2.0,145.0,,43.651827,-79.430277,2017-03-12 18:14:23.956601
10114935,34055256,Entire home/apt,,South Parkdale (85),2,0.0,5,2.0,167.0,,43.640696,-79.424184,2017-03-12 18:14:23.384609
192335,140602,Entire home/apt,,South Parkdale (85),50,5.0,2,1.0,149.0,,43.63895,-79.422459,2017-03-12 18:14:23.369710
17043338,47702059,Entire home/apt,,Little Portugal (84),0,0.0,13,2.0,152.0,,43.649897,-79.436057,2017-03-12 18:14:21.245284
2811516,14275418,Entire home/apt,,Roncesvalles (86),11,5.0,6,3.0,176.0,,43.648851,-79.446133,2017-03-12 18:14:21.242176
3870334,19989161,Entire home/apt,,Palmerston-Little Italy (80),0,0.0,4,2.0,152.0,,43.656145,-79.422465,2017-03-12 18:14:21.237260
4557753,18294858,Entire home/apt,,Dufferin Grove (83),6,5.0,6,2.0,168.0,,43.651756,-79.437405,2017-03-12 18:14:21.217639
738252,3604846,Entire home/apt,,High Park-Swansea (87),8,4.0,4,2.0,149.0,,43.65394,-79.452478,2017-03-12 18:14:19.964673
15300025,48955188,Entire home/apt,,Little Portugal (84),0,0.0,2,1.0,152.0,,43.642367,-79.423165,2017-03-12 18:14:19.312006
13811460,44051684,Entire home/apt,,Corso Italia-Davenport (92),2,0.0,4,2.0,180.0,,43.673779,-79.449016,2017-03-12 18:14:19.307872
17582933,12955616,Entire home/apt,,Dovercourt-Wallace Emerson-Junction (93),0,0.0,4,2.0,150.0,,43.671129,-79.448723,2017-03-12 18:14:19.300378
7390155,8873133,Entire home/apt,,Roncesvalles (86),2,0.0,5,3.0,168.0,,43.642709,-79.438793,2017-03-12 18:14:18.375474
8756773,337837,Entire home/apt,,Waterfront Communities-The Island (77),3,5.0,4,2.0,155.0,,43.637426,-79.387159,2017-03-12 18:14:15.001773
13077471,49338835,Entire home/apt,,Niagara (82),0,0.0,4,1.0,145.0,,43.635276,-79.401498,2017-03-12 18:14:14.988650
9027228,7135549,Entire home/apt,,Waterfront Communities-The Island (77),1,0.0,6,2.0,168.0,,43.644058,-79.392554,2017-03-12 18:14:13.703991
14833495,92787683,Entire home/apt,,Niagara (82),4,5.0,2,1.0,152.0,,43.638568,-79.416185,2017-03-12 18:14:13.695787
6936214,22374886,Entire home/apt,,Niagara (82),4,4.5,3,1.0,183.0,,43.643393,-79.407482,2017-03-12 18:14:12.618287
9564019,113345,Entire home/apt,,Waterfront Communities-The Island (77),1,0.0,5,1.0,152.0,,43.643728,-79.391542,2017-03-12 18:14:12.611798
5957366,25718103,Entire home/apt,,Waterfront Communities-The Island (77),5,4.5,4,1.0,176.0,,43.642922,-79.388371,2017-03-12 18:14:11.256143
15126061,4124418,Entire home/apt,,Waterfront Communities-The Island (77),1,0.0,6,2.0,172.0,,43.645331,-79.388608,2017-03-12 18:14:11.250618
15841724,9922407,Entire home/apt,,Niagara (82),0,0.0,3,2.0,152.0,,43.64067,-79.406505,2017-03-12 18:14:11.240389
3267943,16496199,Entire home/apt,,Waterfront Communities-The Island (77),6,4.5,4,1.0,152.0,,43.641691,-79.392411,2017-03-12 18:14:11.237511
733160,1919294,Entire home/apt,,Waterfront Communities-The Island (77),0,0.0,4,2.0,175.0,,43.639847,-79.395557,2017-03-12 18:14:11.234800
4500581,1919294,Entire home/apt,,Waterfront Communities-The Island (77),2,0.0,2,1.0,152.0,,43.64114,-79.393386,2017-03-12 18:14:11.231343
13643217,56534404,Entire home/apt,,Waterfront Communities-The Island (77),10,4.0,7,2.0,165.0,,43.639288,-79.397766,2017-03-12 18:14:11.228987
5413401,5392624,Entire home/apt,,Waterfront Communities-The Island (77),0,0.0,4,2.0,182.0,,43.644187,-79.391384,2017-03-12 18:14:11.225698
11482032,36176023,Entire home/apt,,Niagara (82),6,5.0,3,1.0,179.0,,43.639388,-79.41618,2017-03-12 18:14:10.345773
15718113,101533168,Entire home/apt,,Trinity-Bellwoods (81),1,0.0,10,3.0,175.0,,43.651742,-79.406947,2017-03-12 18:14:10.330553
14899046,57646336,Entire home/apt,,Niagara (82),5,5.0,5,2.0,152.0,,43.640047,-79.417656,2017-03-12 18:14:10.311919
12806733,69795982,Entire home/apt,,Niagara (82),10,4.5,4,2.0,152.0,,43.639376,-79.416895,2017-03-12 18:14:09.530516
8083713,2300898,Entire home/apt,,Niagara (82),16,4.5,4,2.0,152.0,,43.642776,-79.416423,2017-03-12 18:14:09.524365
12507211,67730042,Entire home/apt,,Niagara (82),1,0.0,4,2.0,167.0,,43.637681,-79.4132,2017-03-12 18:14:09.512826
6490454,26442383,Entire home/apt,,Niagara (82),0,0.0,3,1.0,155.0,,43.635681,-79.404665,2017-03-12 18:14:08.763979
1831190,9558617,Entire home/apt,,Trinity-Bellwoods (81),10,4.5,4,2.0,152.0,,43.648801,-79.406477,2017-03-12 18:14:08.752059
9057807,47252712,Entire home/apt,,Niagara (82),1,0.0,4,2.0,145.0,,43.643402,-79.408734,2017-03-12 18:14:08.742275
10683002,55043681,Entire home/apt,,Niagara (82),8,5.0,2,1.0,152.0,,43.641054,-79.41335,2017-03-12 18:14:07.585068
14341559,54980787,Entire home/apt,,Waterfront Communities-The Island (77),2,0.0,3,1.0,152.0,,43.641019,-79.392794,2017-03-12 18:14:07.574767
79631,429211,Entire home/apt,,Waterfront Communities-The Island (77),11,4.5,5,2.0,149.0,,43.644464,-79.392601,2017-03-12 18:14:07.568940
13065828,72400058,Entire home/apt,,Trinity-Bellwoods (81),0,0.0,4,2.0,152.0,,43.647878,-79.406341,2017-03-12 18:14:06.914142
5261764,26706504,Entire home/apt,,Niagara (82),8,4.5,4,1.0,152.0,,43.64194,-79.414636,2017-03-12 18:14:06.903132
9778366,9700971,Entire home/apt,,Waterfront Communities-The Island (77),12,5.0,9,2.0,183.0,,43.639189,-79.39792,2017-03-12 18:14:03.145802
9229334,7135549,Entire home/apt,,Waterfront Communities-The Island (77),1,0.0,4,1.0,168.0,,43.642752,-79.390909,2017-03-12 18:13:53.958630
997202,2831292,Entire home/apt,,Waterfront Communities-The Island (77),4,5.0,4,2.0,176.0,,43.638508,-79.388397,2017-03-12 18:13:53.955656
6254509,31173771,Entire home/apt,,Waterfront Communities-The Island (77),0,0.0,2,1.0,152.0,,43.638901,-79.388056,2017-03-12 18:13:53.951525
12956615,37331907,Entire home/apt,,Waterfront Communities-The Island (77),9,4.0,7,2.0,149.0,,43.64189,-79.389853,2017-03-12 18:13:53.948303
4808701,19578117,Entire home/apt,,Waterfront Communities-The Island (77),3,4.5,4,2.0,175.0,,43.643553,-79.389363,2017-03-12 18:13:53.945455
11497418,20392624,Entire home/apt,,Waterfront Communities-The Island (77),3,5.0,3,1.0,152.0,,43.64037,-79.383465,2017-03-12 18:13:52.950612
786628,3195887,Entire home/apt,,Moss Park (73),4,5.0,2,1.0,152.0,,43.652475,-79.368395,2017-03-12 18:13:52.945246
16795828,52690863,Entire home/apt,,Waterfront Communities-The Island (77),2,0.0,8,0.0,152.0,,43.648316,-79.389716,2017-03-12 18:13:52.940000
322996,1651632,Entire home/apt,,Waterfront Communities-The Island (77),9,5.0,4,1.0,171.0,,43.645926,-79.388577,2017-03-12 18:13:52.932907
3861530,19927076,Entire home/apt,,Moss Park (73),1,0.0,2,1.0,183.0,,43.650524,-79.368341,2017-03-12 18:13:51.989747
4571957,23699476,Entire home/apt,,Casa Loma (96),15,5.0,5,3.0,151.0,,43.676877,-79.415748,2017-03-12 18:13:41.896569
6762476,35372362,Entire home/apt,,Trinity-Bellwoods (81),0,0.0,4,3.0,165.0,,43.653619,-79.417811,2017-03-12 18:13:41.884780
17137744,9443058,Entire home/apt,,Kensington-Chinatown (78),3,4.5,7,2.0,152.0,,43.653687,-79.394264,2017-03-12 18:13:40.691872
5547905,13512842,Entire home/apt,,Annex (95),1,0.0,4,2.0,147.0,,43.676701,-79.39036,2017-03-12 18:13:35.778861
6791865,2732548,Entire home/apt,,Bay Street Corridor (76),0,0.0,3,1.0,168.0,,43.65937,-79.385934,2017-03-12 18:13:35.773499
14826533,45911172,Entire home/apt,,Annex (95),8,4.5,4,2.0,152.0,,43.67205,-79.392794,2017-03-12 18:13:31.987647
13981925,12136952,Entire home/apt,,Annex (95),9,4.5,5,1.0,152.0,,43.671458,-79.388952,2017-03-12 18:13:31.978293
14164574,2773339,Entire home/apt,,Trinity-Bellwoods (81),1,0.0,5,3.0,176.0,,43.651401,-79.411096,2017-03-12 18:13:30.129289
2120076,7139214,Entire home/apt,,Waterfront Communities-The Island (77),1,0.0,3,1.0,152.0,,43.644232,-79.39111,2017-03-12 18:13:30.112617
14371698,78951783,Entire home/apt,,Niagara (82),5,5.0,4,1.0,152.0,,43.638406,-79.401885,2017-03-12 18:13:30.098715
12846332,14192890,Entire home/apt,,Waterfront Communities-The Island (77),9,4.5,6,2.0,152.0,,43.643498,-79.388573,2017-03-12 18:13:28.870794
14005067,50402450,Entire home/apt,,Church-Yonge Corridor (75),2,0.0,4,1.0,152.0,,43.669905,-79.383416,2017-03-12 18:13:28.859414
517709,2549053,Entire home/apt,,Trinity-Bellwoods (81),46,5.0,5,3.0,160.0,,43.652645,-79.411002,2017-03-12 18:13:28.856960
13434873,27166848,Entire home/apt,,Waterfront Communities-The Island (77),1,0.0,5,2.0,152.0,,43.642652,-79.382404,2017-03-12 18:13:28.852804
1459100,3150111,Entire home/apt,,Waterfront Communities-The Island (77),2,0.0,4,1.0,155.0,,43.647622,-79.395436,2017-03-12 18:13:27.299731
6588438,11069857,Entire home/apt,,Niagara (82),10,5.0,4,2.0,149.0,,43.64417,-79.403158,2017-03-12 18:13:26.135743
11717391,62301978,Entire home/apt,,Waterfront Communities-The Island (77),0,0.0,4,2.0,145.0,,43.64701,-79.393514,2017-03-12 18:13:26.129846
10002202,24122779,Entire home/apt,,Waterfront Communities-The Island (77),0,0.0,2,1.0,152.0,,43.642595,-79.381413,2017-03-12 18:13:24.618184
5020143,25900143,Entire home/apt,,Niagara (82),3,5.0,4,2.0,152.0,,43.643356,-79.410474,2017-03-12 18:13:24.003557
14386421,18839267,Entire home/apt,,Waterfront Communities-The Island (77),18,4.5,5,2.0,152.0,,43.639555,-79.396272,2017-03-12 18:13:21.462264
1711747,3379648,Entire home/apt,,Trinity-Bellwoods (81),6,5.0,3,1.0,149.0,,43.650937,-79.410595,2017-03-12 18:13:10.425129
3801308,3750965,Entire home/apt,,Niagara (82),16,5.0,2,1.0,152.0,,43.641275,-79.41272,2017-03-12 18:13:10.418709
6268409,32575628,Entire home/apt,,Niagara (82),37,5.0,3,1.0,184.0,,43.63637,-79.400335,2017-03-12 18:13:10.415532
14756736,12665205,Entire home/apt,,Waterfront Communities-The Island (77),0,0.0,2,1.0,183.0,,43.64373,-79.401593,2017-03-12 18:13:10.402576
9506502,17787605,Entire home/apt,,Trinity-Bellwoods (81),2,0.0,2,1.0,152.0,,43.64415,-79.419382,2017-03-12 18:13:09.091273
15126841,4124418,Entire home/apt,,Little Portugal (84),1,0.0,5,2.0,172.0,,43.641875,-79.425187,2017-03-12 18:13:09.080853
13837432,7511686,Entire home/apt,,Little Portugal (84),12,4.5,6,2.0,152.0,,43.642106,-79.425494,2017-03-12 18:13:09.078449
611685,3033658,Entire home/apt,,Waterfront Communities-The Island (77),76,5.0,2,1.0,175.0,,43.637125,-79.392926,2017-03-12 18:13:09.069185
15160050,31209133,Entire home/apt,,Waterfront Communities-The Island (77),2,0.0,5,2.0,152.0,,43.636908,-79.397319,2017-03-12 18:13:09.062614
14321518,87176259,Entire home/apt,,Niagara (82),1,0.0,2,1.0,152.0,,43.638459,-79.415744,2017-03-12 18:13:07.639349
10156168,7828359,Entire home/apt,,Waterfront Communities-The Island (77),8,5.0,6,2.0,145.0,,43.648035,-79.393215,2017-03-12 18:13:07.637078
1547348,1919294,Entire home/apt,,Niagara (82),8,4.5,4,2.0,175.0,,43.640855,-79.415746,2017-03-12 18:13:07.632090
209226,1028504,Entire home/apt,,Niagara (82),34,4.5,2,1.0,152.0,,43.635984,-79.414683,2017-03-12 18:13:07.627557
16055369,99694121,Entire home/apt,,Waterfront Communities-The Island (77),2,0.0,7,2.0,152.0,,43.643582,-79.391848,2017-03-12 18:13:07.622025
15127408,4124418,Entire home/apt,,Waterfront Communities-The Island (77),1,0.0,3,1.0,149.0,,43.645066,-79.399252,2017-03-12 18:13:07.618109
13944130,1798495,Entire home/apt,,Niagara (82),2,0.0,2,1.0,165.0,,43.639361,-79.413477,2017-03-12 18:13:06.351717
9704523,1368165,Entire home/apt,,Little Portugal (84),1,0.0,4,2.0,149.0,,43.646678,-79.433399,2017-03-12 18:13:06.319380
6880474,23946931,Entire home/apt,,Waterfront Communities-The Island (77),86,4.5,10,3.0,149.0,,43.638712,-79.396104,2017-03-12 18:13:05.287264
8965878,13566595,Entire home/apt,,Waterfront Communities-The Island (77),2,0.0,7,2.0,176.0,,43.644482,-79.392607,2017-03-12 18:13:05.279885
13587124,36570022,Entire home/apt,,Little Portugal (84),11,5.0,4,1.0,152.0,,43.641026,-79.42425,2017-03-12 18:13:04.194500
14959904,88119204,Entire home/apt,,Niagara (82),3,4.5,2,1.0,152.0,,43.642356,-79.414926,2017-03-12 18:13:02.786359
5250226,27172187,Entire home/apt,,Niagara (82),13,4.5,2,1.0,152.0,,43.639495,-79.420387,2017-03-12 18:13:02.783126
9340931,40292359,Entire home/apt,,Waterfront Communities-The Island (77),2,0.0,3,0.0,149.0,,43.644522,-79.402093,2017-03-12 18:13:02.779490
13714163,23935925,Entire home/apt,,Waterfront Communities-The Island (77),2,0.0,2,1.0,152.0,,43.643567,-79.40096,2017-03-12 18:13:02.774427
6504527,33507941,Entire home/apt,,Waterfront Communities-The Island (77),31,4.5,4,2.0,152.0,,43.638888,-79.396683,2017-03-12 18:13:02.769056
8033705,42417758,Entire home/apt,,South Parkdale (85),10,5.0,4,2.0,152.0,,43.639306,-79.43328,2017-03-12 18:13:02.766291
17223693,32581532,Entire home/apt,,Roncesvalles (86),0,0.0,6,3.0,149.0,,43.642143,-79.439436,2017-03-12 18:13:02.764215
3807461,19566244,Entire home/apt,,Waterfront Communities-The Island (77),22,5.0,4,2.0,149.0,,43.647414,-79.389222,2017-03-12 18:13:02.761336
17005711,1919294,Entire home/apt,,Waterfront Communities-The Island (77),0,0.0,4,2.0,152.0,,43.639568,-79.397111,2017-03-12 18:13:02.756204
6791459,1321481,Entire home/apt,,Trinity-Bellwoods (81),29,5.0,5,2.0,152.0,,43.646253,-79.40902,2017-03-12 18:13:02.752190
2387649,7566494,Entire home/apt,,Little Portugal (84),57,4.5,4,2.0,152.0,,43.640827,-79.423331,2017-03-12 18:13:01.033402
12041271,63548913,Entire home/apt,,Trinity-Bellwoods (81),10,4.5,6,3.0,157.0,,43.648739,-79.421686,2017-03-12 18:13:01.029344
13275722,2811538,Entire home/apt,,Trinity-Bellwoods (81),4,4.5,4,1.0,152.0,,43.649349,-79.411011,2017-03-12 18:13:01.023080
11757553,20768039,Entire home/apt,,South Parkdale (85),1,0.0,3,1.0,161.0,,43.638943,-79.42577,2017-03-12 18:13:01.015366
13157996,67041866,Entire home/apt,,Kensington-Chinatown (78),76,5.0,6,1.0,152.0,,43.650796,-79.387022,2017-03-12 18:13:01.010017
14370706,29872795,Entire home/apt,,Waterfront Communities-The Island (77),6,5.0,4,1.0,152.0,,43.64286,-79.402236,2017-03-12 18:13:01.002395
5940861,6548194,Entire home/apt,,Niagara (82),0,0.0,3,1.0,152.0,,43.637573,-79.412147,2017-03-12 18:12:59.660867
13838258,7051199,Entire home/apt,,Niagara (82),4,4.5,4,1.0,172.0,,43.642027,-79.408699,2017-03-12 18:12:59.641432
14977120,2316025,Entire home/apt,,Roncesvalles (86),5,5.0,5,3.0,149.0,,43.643182,-79.441447,2017-03-12 18:12:58.244269
2164586,11044712,Entire home/apt,,Niagara (82),7,5.0,5,3.0,152.0,,43.642469,-79.412455,2017-03-12 18:12:57.738024
6722554,8733431,Entire home/apt,,Niagara (82),0,0.0,2,1.0,151.0,,43.642385,-79.408399,2017-03-12 18:12:56.197609
4719324,5593837,Entire home/apt,,Trinity-Bellwoods (81),39,5.0,4,2.0,153.0,,43.648504,-79.407912,2017-03-12 18:12:55.353770
14168699,28061916,Entire home/apt,,Waterfront Communities-The Island (77),11,5.0,6,2.0,168.0,,43.639881,-79.390122,2017-03-12 18:12:55.340641
17302790,111388855,Entire home/apt,,Trinity-Bellwoods (81),0,0.0,4,2.0,145.0,,43.650286,-79.411999,2017-03-12 18:12:54.054715
6404419,1244099,Entire home/apt,,Wychwood (94),3,5.0,4,3.0,168.0,,43.677915,-79.425071,2017-03-12 18:12:24.084393
14114,55442,Entire home/apt,,Bay Street Corridor (76),4,5.0,4,1.0,152.0,,43.658802,-79.384697,2017-03-12 18:12:21.332711
733919,23336387,Entire home/apt,,Bay Street Corridor (76),24,4.5,4,1.0,149.0,,43.658917,-79.384007,2017-03-12 18:12:21.329533
669162,2942180,Entire home/apt,,North St.James Town (74),0,0.0,2,1.0,172.0,,43.666747,-79.375491,2017-03-12 18:12:20.150059
1645048,8729004,Entire home/apt,,Cabbagetown-South St.James Town (71),3,4.0,4,2.0,176.0,,43.665819,-79.369263,2017-03-12 18:12:20.145054
3330287,2574349,Entire home/apt,,South Riverdale (70),2,0.0,5,2.0,152.0,,43.660166,-79.341747,2017-03-12 18:12:20.139840
1752192,9217355,Entire home/apt,,Regent Park (72),2,0.0,5,2.0,168.0,,43.660027,-79.362019,2017-03-12 18:12:18.713481
7072278,37080411,Entire home/apt,,Playter Estates-Danforth (67),0,0.0,4,3.0,175.0,,43.679581,-79.356845,2017-03-12 18:12:17.212912
17480157,1919294,Entire home/apt,,Bay Street Corridor (76),0,0.0,4,2.0,152.0,,43.650101,-79.385121,2017-03-12 18:12:10.072634
4977164,25655882,Entire home/apt,,Yonge-St.Clair (97),3,4.0,3,2.0,157.0,,43.683033,-79.3998,2017-03-12 18:12:10.066158
6268551,32576506,Entire home/apt,,South Parkdale (85),0,0.0,2,1.0,149.0,,43.634905,-79.43436,2017-03-12 18:12:10.047123
8940342,46734713,Entire home/apt,,Niagara (82),0,0.0,4,2.0,152.0,,43.638273,-79.419614,2017-03-12 18:12:08.693004
7988793,36065335,Entire home/apt,,Bay Street Corridor (76),19,5.0,5,2.0,152.0,,43.668777,-79.387809,2017-03-12 18:12:08.672798
9472562,8236457,Entire home/apt,,Little Portugal (84),0,0.0,4,2.0,171.0,,43.647329,-79.434706,2017-03-12 18:12:07.395637
13876380,78529083,Entire home/apt,,Palmerston-Little Italy (80),18,5.0,4,2.0,147.0,,43.657197,-79.415288,2017-03-12 18:12:07.393314
13459852,8702985,Entire home/apt,,Trinity-Bellwoods (81),3,5.0,4,2.0,182.0,,43.652934,-79.414018,2017-03-12 18:12:07.382497
1731955,5502744,Entire home/apt,,Annex (95),116,5.0,4,1.0,152.0,,43.670864,-79.387184,2017-03-12 18:12:06.606315
1750269,9208069,Entire home/apt,,Cabbagetown-South St.James Town (71),8,5.0,4,2.0,152.0,,43.662622,-79.364812,2017-03-12 18:12:06.578875
17233288,8702985,Entire home/apt,,Niagara (82),0,0.0,2,1.0,151.0,,43.644497,-79.414827,2017-03-12 18:12:05.582810
12110181,6990967,Entire home/apt,,Niagara (82),0,0.0,2,1.0,152.0,,43.641689,-79.402666,2017-03-12 18:12:01.722996
7000221,36700412,Entire home/apt,,Moss Park (73),2,0.0,2,1.0,152.0,,43.662121,-79.37431,2017-03-12 18:12:01.707141
16417883,107602110,Entire home/apt,,Casa Loma (96),6,4.0,4,2.0,168.0,,43.678547,-79.408854,2017-03-12 18:12:01.003614
4332450,22494673,Entire home/apt,,Rosedale-Moore Park (98),4,5.0,2,1.0,165.0,,43.672352,-79.387532,2017-03-12 18:11:59.691874
16814168,103964466,Entire home/apt,,Little Portugal (84),0,0.0,6,2.0,165.0,,43.643624,-79.425204,2017-03-12 18:11:58.403373
16944528,4951854,Entire home/apt,,Little Portugal (84),2,0.0,2,1.0,152.0,,43.648415,-79.425159,2017-03-12 18:11:57.034158
12930083,10684759,Entire home/apt,,Niagara (82),17,5.0,3,1.0,145.0,,43.643481,-79.409281,2017-03-12 18:11:54.521264
6901381,28132161,Entire home/apt,,Church-Yonge Corridor (75),57,5.0,6,2.0,175.0,,43.653047,-79.375631,2017-03-12 18:11:51.591899
9840088,41616879,Entire home/apt,,Trinity-Bellwoods (81),3,5.0,2,1.0,152.0,,43.651758,-79.410136,2017-03-12 18:11:51.588434
15742209,11706297,Entire home/apt,,Waterfront Communities-The Island (77),1,0.0,4,2.0,152.0,,43.649707,-79.387983,2017-03-12 18:11:51.566746
4555068,3458489,Entire home/apt,,South Riverdale (70),0,0.0,4,2.0,172.0,,43.666301,-79.339851,2017-03-12 18:11:47.238561
4705098,16388998,Entire home/apt,,South Riverdale (70),10,5.0,5,3.0,152.0,,43.6689,-79.33553,2017-03-12 18:11:47.234505
14978615,5927200,Entire home/apt,,Birchcliffe-Cliffside (122),0,0.0,16,0.0,152.0,,43.682047,-79.279489,2017-03-12 18:11:47.231790
14202037,27571913,Entire home/apt,,South Riverdale (70),2,0.0,3,2.0,176.0,,43.654821,-79.339901,2017-03-12 18:11:46.765687
13034500,29161751,Entire home/apt,,Rosedale-Moore Park (98),0,0.0,4,3.0,168.0,,43.685186,-79.391627,2017-03-12 18:11:43.412944
13218302,74140969,Entire home/apt,,Danforth (66),1,0.0,6,3.0,152.0,,43.684462,-79.330243,2017-03-12 18:11:40.423642
2942849,15024433,Entire home/apt,,East End-Danforth (62),12,4.5,6,2.0,168.0,,43.684968,-79.287382,2017-03-12 18:11:40.416706
14773794,16405175,Entire home/apt,,Bay Street Corridor (76),2,0.0,4,2.0,172.0,,43.659208,-79.383251,2017-03-12 18:11:37.755652
14929363,75619702,Entire home/apt,,Waterfront Communities-The Island (77),3,5.0,2,0.0,151.0,,43.645148,-79.392296,2017-03-12 18:11:37.750632
16923573,84721968,Entire home/apt,,Little Portugal (84),1,0.0,6,2.0,168.0,,43.641839,-79.422451,2017-03-12 18:11:37.739646
3979252,20623894,Entire home/apt,,Rosedale-Moore Park (98),11,4.5,2,1.0,172.0,,43.67672,-79.385394,2017-03-12 18:11:37.734584
14164197,64924911,Entire home/apt,,Church-Yonge Corridor (75),8,4.0,2,1.0,147.0,,43.661419,-79.382559,2017-03-12 18:11:37.729416
3144183,1118781,Entire home/apt,,Trinity-Bellwoods (81),1,0.0,2,1.0,152.0,,43.647269,-79.407446,2017-03-12 18:11:36.323462
8289190,6445309,Entire home/apt,,Annex (95),5,5.0,2,0.0,152.0,,43.672565,-79.413109,2017-03-12 18:11:36.319525
14919191,35169113,Entire home/apt,,Waterfront Communities-The Island (77),8,5.0,2,1.0,168.0,,43.63989,-79.389723,2017-03-12 18:11:36.308827
16373951,16720965,Entire home/apt,,South Riverdale (70),1,0.0,4,2.0,145.0,,43.658455,-79.352169,2017-03-12 18:11:36.304919
720213,3238718,Entire home/apt,,Waterfront Communities-The Island (77),36,5.0,3,2.0,157.0,,43.644462,-79.402678,2017-03-12 18:11:33.567742
13920828,9904260,Entire home/apt,,Annex (95),1,0.0,6,4.0,152.0,,43.667518,-79.415184,2017-03-12 18:11:33.556204
5965241,30965836,Entire home/apt,,South Riverdale (70),27,5.0,4,2.0,168.0,,43.655607,-79.347645,2017-03-12 18:11:33.547675
14014744,34643227,Entire home/apt,,University (79),0,0.0,5,3.0,152.0,,43.661494,-79.403708,2017-03-12 18:11:32.546002
5862723,30441280,Entire home/apt,,Waterfront Communities-The Island (77),8,4.5,2,1.0,152.0,,43.650377,-79.356758,2017-03-12 18:11:32.534817
7073641,37087530,Entire home/apt,,North St.James Town (74),35,5.0,6,2.0,183.0,,43.671638,-79.376578,2017-03-12 18:11:31.289261
6213984,32221832,Entire home/apt,,Playter Estates-Danforth (67),0,0.0,2,1.0,152.0,,43.682287,-79.354785,2017-03-12 18:11:31.286660
6006735,31183394,Entire home/apt,,Cabbagetown-South St.James Town (71),0,0.0,3,3.0,152.0,,43.664774,-79.362351,2017-03-12 18:11:31.283934
16555560,3072518,Entire home/apt,,South Riverdale (70),0,0.0,6,3.0,152.0,,43.666726,-79.329751,2017-03-12 18:11:31.274853
7348963,144519,Entire home/apt,,Trinity-Bellwoods (81),27,4.5,4,2.0,157.0,,43.649163,-79.411977,2017-03-12 18:11:31.267751
15391439,10323838,Entire home/apt,,Waterfront Communities-The Island (77),5,5.0,6,2.0,152.0,,43.644057,-79.391258,2017-03-12 18:11:29.728748
14840256,92856601,Entire home/apt,,South Riverdale (70),0,0.0,1,0.0,152.0,,43.658549,-79.349115,2017-03-12 18:11:28.495503
4963978,14814170,Entire home/apt,,Wychwood (94),0,0.0,4,3.0,152.0,,43.679678,-79.422334,2017-03-12 18:11:28.492577
13113898,72923812,Entire home/apt,,Danforth East York (59),0,0.0,2,2.0,155.0,,43.693881,-79.318039,2017-03-12 18:11:26.825981
15629744,100767996,Entire home/apt,,Waterfront Communities-The Island (77),11,5.0,2,1.0,152.0,,43.643619,-79.381586,2017-03-12 18:11:26.800721
15080982,57296927,Entire home/apt,,Niagara (82),8,5.0,4,2.0,174.0,,43.642847,-79.412837,2017-03-12 18:11:24.154293
15056731,25607601,Entire home/apt,,Waterfront Communities-The Island (77),7,5.0,6,2.0,183.0,,43.640306,-79.390751,2017-03-12 18:11:22.883319
3940582,2786195,Entire home/apt,,Bay Street Corridor (76),11,5.0,2,1.0,176.0,,43.660643,-79.384077,2017-03-12 18:11:21.547196
13221409,53923856,Entire home/apt,,Annex (95),3,5.0,2,1.0,152.0,,43.671482,-79.394762,2017-03-12 18:11:20.143824
14519874,66366678,Entire home/apt,,Rosedale-Moore Park (98),15,4.5,6,3.0,149.0,,43.672609,-79.377976,2017-03-12 18:11:19.581864
1221411,6415533,Entire home/apt,,North Riverdale (68),0,0.0,7,3.0,152.0,,43.670337,-79.347366,2017-03-12 18:11:19.572385
8147088,32715066,Entire home/apt,,East End-Danforth (62),1,0.0,4,2.0,152.0,,43.678366,-79.306943,2017-03-12 18:11:18.311586
12485462,49573755,Entire home/apt,,South Riverdale (70),12,4.5,15,5.0,210.0,,43.659283,-79.342523,2017-03-12 18:25:36.610811
1321397,7173548,Entire home/apt,,The Beaches (63),10,4.5,6,3.0,210.0,,43.672388,-79.287118,2017-03-12 18:25:36.608447
5823119,30223018,Entire home/apt,,South Riverdale (70),0,0.0,4,3.0,268.0,,43.659709,-79.345703,2017-03-12 18:25:36.602133
14338549,48204283,Entire home/apt,,Waterfront Communities-The Island (77),26,5.0,4,2.0,230.0,,43.646601,-79.392315,2017-03-12 18:25:35.071851
14119488,85107298,Entire home/apt,,The Beaches (63),0,0.0,2,1.0,210.0,,43.67469,-79.295511,2017-03-12 18:25:35.065638
10152555,19638124,Entire home/apt,,Bay Street Corridor (76),0,0.0,3,1.0,229.0,,43.648754,-79.386563,2017-03-12 18:25:35.055483
17644334,91598049,Entire home/apt,,Bay Street Corridor (76),0,0.0,4,1.0,248.0,,43.651045,-79.38575,2017-03-12 18:25:35.049849
9126561,8569918,Entire home/apt,,Yonge-Eglinton (100),0,0.0,8,3.0,244.0,,43.703473,-79.406038,2017-03-12 18:25:33.042384
5329665,3751192,Entire home/apt,,Lawrence Park South (103),2,0.0,8,3.0,226.0,,43.721401,-79.408673,2017-03-12 18:25:33.033283
6474676,33825466,Entire home/apt,,Lawrence Park North (105),0,0.0,8,3.0,268.0,,43.733071,-79.410137,2017-03-12 18:25:33.030528
5067468,25718103,Entire home/apt,,Willowdale East (51),0,0.0,6,3.0,306.0,,43.761484,-79.409375,2017-03-12 18:25:33.025035
3528720,534666,Entire home/apt,,Willowdale West (37),2,0.0,4,3.0,230.0,,43.771677,-79.414659,2017-03-12 18:25:33.020711
16253064,3068260,Entire home/apt,,Downsview-Roding-CFB (26),1,0.0,10,5.0,268.0,,43.723581,-79.503735,2017-03-12 18:25:33.017971
6276416,13777341,Entire home/apt,,Mount Pleasant West (104),0,0.0,4,2.0,229.0,,43.705845,-79.397634,2017-03-12 18:25:30.095142
5261399,27216422,Entire home/apt,,Lawrence Park North (105),0,0.0,6,5.0,306.0,,43.728461,-79.399319,2017-03-12 18:25:30.088938
5202229,25718103,Entire home/apt,,Willowdale East (51),0,0.0,6,3.0,230.0,,43.756669,-79.405023,2017-03-12 18:25:30.086304
4199311,19164103,Entire home/apt,,Birchcliffe-Cliffside (122),6,4.0,6,4.0,230.0,,43.694432,-79.264876,2017-03-12 18:25:30.081633
9091547,45149478,Entire home/apt,,Cliffcrest (123),0,0.0,4,2.0,218.0,,43.722206,-79.237356,2017-03-12 18:25:30.078906
10150505,52095407,Entire home/apt,,Guildwood (140),7,4.5,6,2.0,212.0,,43.740897,-79.208641,2017-03-12 18:25:30.074378
5973539,31011108,Entire home/apt,,Mount Pleasant East (99),4,5.0,5,3.0,213.0,,43.702387,-79.383541,2017-03-12 18:25:30.071463
5838099,30308769,Entire home/apt,,Rosedale-Moore Park (98),1,0.0,7,4.0,267.0,,43.692228,-79.383696,2017-03-12 18:25:30.067500
8831473,46256210,Entire home/apt,,Mount Pleasant East (99),2,0.0,6,3.0,298.0,,43.711224,-79.389992,2017-03-12 18:25:30.064780
11733971,62414567,Entire home/apt,,Leaside-Bennington (56),1,0.0,6,3.0,210.0,,43.698889,-79.371431,2017-03-12 18:25:30.061802
7044577,36940075,Entire home/apt,,St.Andrew-Windfields (40),9,5.0,10,5.0,225.0,,43.755684,-79.394081,2017-03-12 18:25:30.059509
5796197,6762809,Entire home/apt,,Highland Creek (134),8,4.5,8,4.0,210.0,,43.783261,-79.177068,2017-03-12 18:25:28.967522
8934503,11758862,Entire home/apt,,Lawrence Park North (105),13,5.0,8,4.0,268.0,,43.725045,-79.40544,2017-03-12 18:25:28.965384
17174487,21955647,Entire home/apt,,Mount Pleasant East (99),0,0.0,6,3.0,216.0,,43.703224,-79.383489,2017-03-12 18:25:28.958255
10262704,11121273,Entire home/apt,,Leaside-Bennington (56),1,0.0,3,2.0,230.0,,43.701978,-79.361574,2017-03-12 18:25:28.950926
13746675,809517,Entire home/apt,,Lawrence Park North (105),4,5.0,4,3.0,229.0,,43.727776,-79.403088,2017-03-12 18:25:28.946981
6871422,36010396,Entire home/apt,,Ionview (125),10,5.0,12,6.0,229.0,,43.736389,-79.272439,2017-03-12 18:25:28.942344
12468115,67475413,Entire home/apt,,Broadview North (57),27,5.0,12,5.0,253.0,,43.691759,-79.355702,2017-03-12 18:25:28.938742
16352438,20165104,Entire home/apt,,Waterfront Communities-The Island (77),0,0.0,4,2.0,268.0,,43.646514,-79.393029,2017-03-12 18:25:28.241865
7920737,2854704,Entire home/apt,,Waterfront Communities-The Island (77),0,0.0,1,1.0,230.0,,43.640852,-79.391313,2017-03-12 18:25:28.239053
1034430,5611099,Entire home/apt,,Agincourt South-Malvern West (128),26,5.0,8,4.0,302.0,,43.783204,-79.273804,2017-03-12 18:25:28.233580
16428337,5585080,Entire home/apt,,Waterfront Communities-The Island (77),0,0.0,5,2.0,248.0,,43.638857,-79.394761,2017-03-12 18:25:28.230186
1260644,6865871,Entire home/apt,,Moss Park (73),0,0.0,4,1.0,230.0,,43.657328,-79.370104,2017-03-12 18:25:28.227994
2989311,15198606,Entire home/apt,,South Riverdale (70),3,4.5,4,2.0,230.0,,43.661823,-79.354654,2017-03-12 18:25:28.225416
8517432,10084811,Entire home/apt,,Waterfront Communities-The Island (77),14,5.0,6,3.0,251.0,,43.639028,-79.399312,2017-03-12 18:25:28.216233
5470250,25950530,Entire home/apt,,Waterfront Communities-The Island (77),1,0.0,4,2.0,306.0,,43.644615,-79.39314,2017-03-12 18:25:28.213278
15712618,39339770,Entire home/apt,,Parkwoods-Donalda (45),0,0.0,6,3.0,210.0,,43.755585,-79.335882,2017-03-12 18:25:26.085942
3858825,19908455,Entire home/apt,,Waterfront Communities-The Island (77),0,0.0,2,1.0,306.0,,43.64768,-79.388944,2017-03-12 18:25:26.083517
14237781,33982323,Entire home/apt,,Niagara (82),1,0.0,3,1.0,230.0,,43.637909,-79.412825,2017-03-12 18:25:26.081068
13688093,69304724,Entire home/apt,,Yonge-Eglinton (100),1,0.0,5,2.0,230.0,,43.708182,-79.400918,2017-03-12 18:25:26.078736
15648864,24424940,Entire home/apt,,Casa Loma (96),3,4.5,8,5.0,306.0,,43.681863,-79.417092,2017-03-12 18:25:26.076332
9776656,24233876,Entire home/apt,,Tam O'Shanter-Sullivan (118),2,0.0,12,6.0,306.0,,43.782591,-79.313655,2017-03-12 18:25:26.071223
14632160,4124418,Entire home/apt,,Waterfront Communities-The Island (77),2,0.0,5,2.0,226.0,,43.639948,-79.380362,2017-03-12 18:25:26.066744
15346478,97864876,Entire home/apt,,Church-Yonge Corridor (75),28,5.0,8,3.0,305.0,,43.649028,-79.375598,2017-03-12 18:25:26.058819
14460892,5819896,Entire home/apt,,Niagara (82),1,0.0,2,1.0,306.0,,43.629116,-79.411038,2017-03-12 18:25:26.054197
831692,1200469,Entire home/apt,,Waterfront Communities-The Island (77),1,0.0,2,1.0,306.0,,43.644396,-79.40157,2017-03-12 18:25:26.049643
5708800,29598283,Entire home/apt,,Blake-Jones (69),0,0.0,4,2.0,218.0,,43.676034,-79.342765,2017-03-12 18:25:26.043841
728817,3783106,Entire home/apt,,Roncesvalles (86),7,5.0,6,4.0,214.0,,43.641115,-79.446611,2017-03-12 18:25:25.149973
6809844,35648697,Entire home/apt,,Waterfront Communities-The Island (77),0,0.0,2,1.0,230.0,,43.64346,-79.40044,2017-03-12 18:25:25.143650
17224393,68006336,Entire home/apt,,Church-Yonge Corridor (75),1,0.0,4,2.0,304.0,,43.654046,-79.378884,2017-03-12 18:25:25.141042
10995455,27113496,Entire home/apt,,Waterfront Communities-The Island (77),0,0.0,3,1.0,268.0,,43.64701,-79.38969,2017-03-12 18:25:25.138258
5845458,2057404,Entire home/apt,,Mount Pleasant East (99),0,0.0,6,4.0,309.0,,43.692368,-79.390139,2017-03-12 18:25:25.131048
7053116,36989803,Entire home/apt,,Waterfront Communities-The Island (77),8,5.0,4,2.0,230.0,,43.642495,-79.391498,2017-03-12 18:25:25.128701
15969769,103726895,Entire home/apt,,Waterfront Communities-The Island (77),0,0.0,1,1.0,230.0,,43.639444,-79.398011,2017-03-12 18:25:25.126767
15937849,10489589,Entire home/apt,,High Park-Swansea (87),0,0.0,6,2.0,250.0,,43.647823,-79.453073,2017-03-12 18:25:25.124135
15084887,73783762,Entire home/apt,,Niagara (82),0,0.0,5,2.0,221.0,,43.642235,-79.406292,2017-03-12 18:25:25.115893
14385076,5074704,Entire home/apt,,Waterfront Communities-The Island (77),1,0.0,2,1.0,307.0,,43.644759,-79.398684,2017-03-12 18:25:25.111245
11341816,58109629,Entire home/apt,,Waterfront Communities-The Island (77),62,5.0,10,2.0,212.0,,43.639022,-79.396977,2017-03-12 18:25:25.105750
14486594,82921643,Entire home/apt,,Waterfront Communities-The Island (77),1,0.0,4,2.0,230.0,,43.643023,-79.376174,2017-03-12 18:25:24.152077
16985344,113711061,Entire home/apt,,Waterfront Communities-The Island (77),0,0.0,4,2.0,230.0,,43.647119,-79.390752,2017-03-12 18:25:24.148003
10773960,29832197,Entire home/apt,,University (79),86,5.0,6,2.0,224.0,,43.66193,-79.401361,2017-03-12 18:25:24.145693
16275608,106449625,Entire home/apt,,Trinity-Bellwoods (81),0,0.0,6,3.0,252.0,,43.644959,-79.421043,2017-03-12 18:25:24.143130
13189323,18839267,Entire home/apt,,Waterfront Communities-The Island (77),38,5.0,5,2.0,214.0,,43.638189,-79.398953,2017-03-12 18:25:24.140899
4410388,22868073,Entire home/apt,,Waterfront Communities-The Island (77),85,5.0,5,2.0,208.0,,43.643408,-79.401752,2017-03-12 18:25:24.138246
17455648,43488381,Entire home/apt,,York University Heights (27),0,0.0,10,9.0,268.0,,43.766003,-79.502681,2017-03-12 18:25:24.136270
8845122,14947672,Entire home/apt,,Waterfront Communities-The Island (77),54,4.5,7,3.0,229.0,,43.639197,-79.396931,2017-03-12 18:25:24.131853
1564999,8324988,Entire home/apt,,South Riverdale (70),27,5.0,4,2.0,306.0,,43.66069,-79.336839,2017-03-12 18:25:24.129315
3499033,17618290,Entire home/apt,,Bay Street Corridor (76),28,4.5,4,2.0,211.0,,43.662223,-79.384695,2017-03-12 18:25:24.126712
6288411,32690899,Entire home/apt,,Waterfront Communities-The Island (77),5,5.0,5,2.0,230.0,,43.644922,-79.393042,2017-03-12 18:25:24.124087
3782964,19411473,Entire home/apt,,Waterfront Communities-The Island (77),1,0.0,6,3.0,210.0,,43.647842,-79.366282,2017-03-12 18:25:24.115766
4806934,946528,Entire home/apt,,South Parkdale (85),20,5.0,5,2.0,230.0,,43.639742,-79.42956,2017-03-12 18:25:24.112866
12888092,24835751,Entire home/apt,,Waterfront Communities-The Island (77),2,0.0,3,2.0,230.0,,43.643741,-79.379542,2017-03-12 18:25:22.838293
14825512,92704941,Entire home/apt,,Waterfront Communities-The Island (77),0,0.0,2,1.0,229.0,,43.644687,-79.401803,2017-03-12 18:25:22.835987
5475980,28398707,Entire home/apt,,High Park-Swansea (87),5,5.0,9,5.0,279.0,,43.644178,-79.452774,2017-03-12 18:25:22.831903
17386129,98649572,Entire home/apt,,Waterfront Communities-The Island (77),0,0.0,4,2.0,230.0,,43.654224,-79.353742,2017-03-12 18:25:22.824888
10066343,51655060,Entire home/apt,,Trinity-Bellwoods (81),1,0.0,4,2.0,230.0,,43.648796,-79.416749,2017-03-12 18:25:22.822345
943691,1475851,Entire home/apt,,Palmerston-Little Italy (80),0,0.0,6,3.0,230.0,,43.660489,-79.413907,2017-03-12 18:25:22.816307
4930956,10917952,Entire home/apt,,South Riverdale (70),0,0.0,8,3.0,283.0,,43.659074,-79.34227,2017-03-12 18:25:22.813505
6243434,3380802,Entire home/apt,,Dovercourt-Wallace Emerson-Junction (93),1,0.0,4,2.0,230.0,,43.66599,-79.447116,2017-03-12 18:25:22.810764
6749432,32216076,Entire home/apt,,Annex (95),7,5.0,2,1.0,286.0,,43.674372,-79.395116,2017-03-12 18:25:22.803490
3542938,1431411,Entire home/apt,,Bay Street Corridor (76),7,5.0,2,1.0,267.0,,43.66136,-79.384845,2017-03-12 18:25:22.800732
14617,55442,Entire home/apt,,Bay Street Corridor (76),4,5.0,6,2.0,266.0,,43.658364,-79.386181,2017-03-12 18:25:22.797791
9604415,49701815,Entire home/apt,,The Beaches (63),1,0.0,8,3.0,248.0,,43.668153,-79.305399,2017-03-12 18:25:22.794322
5550758,28780700,Entire home/apt,,Old East York (58),6,5.0,6,4.0,268.0,,43.696562,-79.325401,2017-03-12 18:25:21.126458
12032855,36297332,Entire home/apt,,High Park-Swansea (87),2,0.0,8,4.0,221.0,,43.649453,-79.4533,2017-03-12 18:25:21.117398
14367388,16405175,Entire home/apt,,Bay Street Corridor (76),7,5.0,6,3.0,286.0,,43.658542,-79.383949,2017-03-12 18:25:21.114715
764983,3674322,Entire home/apt,,East End-Danforth (62),16,5.0,8,3.0,210.0,,43.680858,-79.309451,2017-03-12 18:25:21.110781
16267721,90338073,Entire home/apt,,The Beaches (63),0,0.0,4,2.0,305.0,,43.66917,-79.308676,2017-03-12 18:25:21.108473
9486939,8280084,Entire home/apt,,High Park-Swansea (87),21,5.0,14,6.0,306.0,,43.640679,-79.477345,2017-03-12 18:25:21.103491
8096184,1919294,Entire home/apt,,Waterfront Communities-The Island (77),4,4.0,6,3.0,230.0,,43.639922,-79.396356,2017-03-12 18:25:21.097520
14091426,2088043,Entire home/apt,,Annex (95),0,0.0,4,2.0,221.0,,43.671992,-79.398793,2017-03-12 18:25:21.092999
1085461,5967259,Entire home/apt,,The Beaches (63),12,5.0,6,2.0,230.0,,43.672202,-79.294086,2017-03-12 18:25:19.674516
3613998,11340421,Entire home/apt,,Waterfront Communities-The Island (77),3,5.0,2,0.0,229.0,,43.64037,-79.393506,2017-03-12 18:25:19.671434
14074565,74696884,Entire home/apt,,Waterfront Communities-The Island (77),3,5.0,5,2.0,286.0,,43.640862,-79.382874,2017-03-12 18:25:19.667335
9373840,48636211,Entire home/apt,,Waterfront Communities-The Island (77),0,0.0,6,2.0,216.0,,43.645887,-79.375982,2017-03-12 18:25:19.664211
15082929,95346679,Entire home/apt,,Playter Estates-Danforth (67),0,0.0,3,4.0,210.0,,43.682595,-79.355859,2017-03-12 18:25:19.661410
3377972,17040402,Entire home/apt,,Waterfront Communities-The Island (77),13,5.0,4,2.0,245.0,,43.640174,-79.378501,2017-03-12 18:25:19.658946
14670799,91174435,Entire home/apt,,University (79),0,0.0,1,1.0,206.0,,43.660876,-79.407867,2017-03-12 18:25:19.656521
13539593,3431292,Entire home/apt,,South Riverdale (70),0,0.0,2,1.0,306.0,,43.656484,-79.350863,2017-03-12 18:25:19.651903
12790429,69637364,Entire home/apt,,Niagara (82),12,4.5,4,1.0,210.0,,43.638968,-79.412203,2017-03-12 18:25:19.648826
10863804,56278408,Entire home/apt,,Dufferin Grove (83),0,0.0,4,1.0,210.0,,43.659816,-79.430779,2017-03-12 18:25:19.644644
7020480,16696726,Entire home/apt,,Waterfront Communities-The Island (77),4,5.0,6,2.0,230.0,,43.647939,-79.386371,2017-03-12 18:25:19.641604
6493990,33943563,Entire home/apt,,Dufferin Grove (83),10,5.0,6,3.0,248.0,,43.656115,-79.439283,2017-03-12 18:25:19.636909
13743970,80476091,Entire home/apt,,Waterfront Communities-The Island (77),7,5.0,4,2.0,230.0,,43.641927,-79.400955,2017-03-12 18:25:18.633586
13074553,72489877,Entire home/apt,,Trinity-Bellwoods (81),5,5.0,6,3.0,249.0,,43.643569,-79.422092,2017-03-12 18:25:18.629981
4484773,4124418,Entire home/apt,,Waterfront Communities-The Island (77),43,4.0,6,3.0,268.0,,43.643706,-79.381307,2017-03-12 18:25:18.627073
16047472,34140929,Entire home/apt,,Birchcliffe-Cliffside (122),5,4.5,8,4.0,230.0,,43.674741,-79.280975,2017-03-12 18:25:18.621913
13709974,14109735,Entire home/apt,,Rockcliffe-Smythe (111),57,5.0,12,4.0,230.0,,43.680168,-79.491467,2017-03-12 18:25:18.617651
16726886,55357443,Entire home/apt,,Waterfront Communities-The Island (77),2,0.0,5,2.0,229.0,,43.642301,-79.382339,2017-03-12 18:25:18.615139
4030756,314617,Entire home/apt,,Moss Park (73),40,4.5,8,2.0,275.0,,43.655829,-79.370011,2017-03-12 18:25:18.610688
7202685,16085203,Entire home/apt,,Waterfront Communities-The Island (77),36,5.0,4,2.0,212.0,,43.639241,-79.39584,2017-03-12 18:25:18.606465
10703078,55277009,Entire home/apt,,Niagara (82),21,4.5,7,3.0,306.0,,43.636364,-79.404522,2017-03-12 18:25:18.601287
5903098,30659343,Entire home/apt,,Church-Yonge Corridor (75),25,5.0,6,2.0,260.0,,43.670497,-79.381875,2017-03-12 18:25:18.597417
14505832,1989442,Entire home/apt,,Church-Yonge Corridor (75),0,0.0,4,2.0,206.0,,43.655182,-79.376142,2017-03-12 18:25:18.593214
13443424,1919294,Entire home/apt,,Niagara (82),3,4.5,4,0.0,306.0,,43.637105,-79.415674,2017-03-12 18:25:18.586814
15532622,99903576,Entire home/apt,,The Beaches (63),0,0.0,6,3.0,273.0,,43.669988,-79.299466,2017-03-12 18:25:18.582032
11123793,13141073,Entire home/apt,,Waterfront Communities-The Island (77),0,0.0,6,2.0,230.0,,43.644633,-79.39904,2017-03-12 18:25:17.643830
13890931,82269886,Entire home/apt,,Greenwood-Coxwell (65),2,0.0,6,3.0,230.0,,43.66761,-79.322175,2017-03-12 18:25:17.638910
12208931,65659431,Entire home/apt,,Long Branch (19),1,0.0,8,3.0,230.0,,43.589902,-79.535649,2017-03-12 18:25:17.636670
3303891,16687120,Entire home/apt,,Cabbagetown-South St.James Town (71),0,0.0,3,0.0,268.0,,43.665762,-79.377612,2017-03-12 18:25:17.633904
850476,1798495,Entire home/apt,,Niagara (82),8,4.5,6,2.0,210.0,,43.636828,-79.406019,2017-03-12 18:25:17.630106
14934566,25907120,Entire home/apt,,Waterfront Communities-The Island (77),0,0.0,2,1.0,268.0,,43.645442,-79.390895,2017-03-12 18:25:17.625811
335242,1704172,Entire home/apt,,Moss Park (73),7,4.5,5,3.0,229.0,,43.655866,-79.373453,2017-03-12 18:25:17.623083
12482071,32796563,Entire home/apt,,Waterfront Communities-The Island (77),10,5.0,3,1.0,210.0,,43.645338,-79.398266,2017-03-12 18:25:17.617446
17140247,19935433,Entire home/apt,,Waterfront Communities-The Island (77),0,0.0,4,2.0,268.0,,43.644838,-79.388233,2017-03-12 18:25:17.614691
17051824,56411982,Entire home/apt,,East End-Danforth (62),0,0.0,6,3.0,229.0,,43.681322,-79.296268,2017-03-12 18:25:04.651503
12468378,11949507,Entire home/apt,,Moss Park (73),3,5.0,6,3.0,230.0,,43.659349,-79.367459,2017-03-12 18:25:04.648292
11142573,25142647,Entire home/apt,,Waterfront Communities-The Island (77),0,0.0,2,1.0,248.0,,43.646059,-79.399564,2017-03-12 18:25:04.645208
13167496,31718569,Entire home/apt,,Waterfront Communities-The Island (77),26,5.0,6,3.0,302.0,,43.639779,-79.396623,2017-03-12 18:25:04.640407
13814263,81151274,Entire home/apt,,Waterfront Communities-The Island (77),45,5.0,10,3.0,229.0,,43.639214,-79.381718,2017-03-12 18:25:04.637492
9524355,5999442,Entire home/apt,,Oakwood Village (107),6,5.0,6,3.0,210.0,,43.686303,-79.434102,2017-03-12 18:25:04.633100
3415176,17219438,Entire home/apt,,Waterfront Communities-The Island (77),33,5.0,4,2.0,213.0,,43.640682,-79.396319,2017-03-12 18:25:04.630112
15767946,92039786,Entire home/apt,,Waterfront Communities-The Island (77),26,4.5,4,2.0,305.0,,43.644855,-79.390071,2017-03-12 18:25:04.627871
13372854,13424924,Entire home/apt,,Edenbridge-Humber Valley (9),6,5.0,8,5.0,286.0,,43.660382,-79.52749,2017-03-12 18:25:04.625002
7747861,38677739,Entire home/apt,,Waterfront Communities-The Island (77),8,5.0,4,2.0,211.0,,43.637914,-79.398432,2017-03-12 18:25:03.246340
17294675,99640072,Entire home/apt,,Waterfront Communities-The Island (77),2,0.0,4,2.0,214.0,,43.639723,-79.393178,2017-03-12 18:25:03.244038
8715670,3108402,Entire home/apt,,Yonge-Eglinton (100),4,5.0,6,3.0,230.0,,43.7034,-79.401438,2017-03-12 18:25:03.242011
3123253,15863941,Entire home/apt,,Cabbagetown-South St.James Town (71),0,0.0,2,1.0,268.0,,43.664619,-79.377412,2017-03-12 18:25:03.238359
6071771,31517156,Entire home/apt,,Leaside-Bennington (56),0,0.0,7,3.0,268.0,,43.71067,-79.369402,2017-03-12 18:25:03.235871
6119010,15269507,Entire home/apt,,Waterfront Communities-The Island (77),2,0.0,2,1.0,264.0,,43.64298,-79.397672,2017-03-12 18:25:03.233553
17678434,34460869,Entire home/apt,,Waterfront Communities-The Island (77),0,0.0,2,2.0,206.0,,43.637217,-79.390172,2017-03-12 18:25:03.230488
14087840,52374435,Entire home/apt,,Waterfront Communities-The Island (77),6,4.0,4,2.0,306.0,,43.642472,-79.375889,2017-03-12 18:25:03.228417
16329494,106887848,Entire home/apt,,Greenwood-Coxwell (65),0,0.0,6,3.0,268.0,,43.667405,-79.319808,2017-03-12 18:25:03.226314
774352,4085292,Entire home/apt,,Bay Street Corridor (76),66,5.0,4,2.0,306.0,,43.669543,-79.386985,2017-03-12 18:25:03.223429
4362644,20393413,Entire home/apt,,Annex (95),9,5.0,6,3.0,242.0,,43.67572,-79.389184,2017-03-12 18:25:03.216859
12870173,42720861,Entire home/apt,,Waterfront Communities-The Island (77),25,5.0,4,2.0,275.0,,43.64005,-79.396166,2017-03-12 18:25:03.214256
17640922,8037601,Entire home/apt,,Trinity-Bellwoods (81),0,0.0,4,3.0,275.0,,43.646584,-79.40767,2017-03-12 18:25:03.211488
11190299,30380293,Entire home/apt,,Greenwood-Coxwell (65),0,0.0,4,2.0,268.0,,43.667878,-79.317269,2017-03-12 18:25:03.205714
13399124,76256170,Entire home/apt,,Mimico (includes Humber Bay Shores) (17),0,0.0,4,1.0,206.0,,43.620957,-79.482096,2017-03-12 18:25:03.201829
7329456,38397085,Entire home/apt,,Little Portugal (84),0,0.0,2,1.0,306.0,,43.642663,-79.422419,2017-03-12 18:25:01.648386
17161313,38677739,Entire home/apt,,Waterfront Communities-The Island (77),1,0.0,4,2.0,272.0,,43.63985,-79.399451,2017-03-12 18:25:01.645958
17473158,11465985,Entire home/apt,,Waterfront Communities-The Island (77),0,0.0,3,1.0,306.0,,43.647828,-79.392108,2017-03-12 18:25:01.643191
15866585,1783179,Entire home/apt,,Niagara (82),11,5.0,8,2.0,256.0,,43.64509,-79.409313,2017-03-12 18:25:01.640391
13992354,22279159,Entire home/apt,,Waterfront Communities-The Island (77),0,0.0,5,2.0,306.0,,43.646928,-79.390496,2017-03-12 18:25:01.637887
15024643,94839851,Entire home/apt,,Waterfront Communities-The Island (77),0,0.0,4,2.0,230.0,,43.646444,-79.39754,2017-03-12 18:25:01.634559
6885755,32160364,Entire home/apt,,Waterfront Communities-The Island (77),10,5.0,3,2.0,229.0,,43.644067,-79.400886,2017-03-12 18:25:01.629630
13257268,51814001,Entire home/apt,,Mount Pleasant West (104),0,0.0,2,1.0,232.0,,43.7072,-79.391142,2017-03-12 18:25:01.626251
12764486,37617229,Entire home/apt,,South Riverdale (70),2,0.0,5,3.0,283.0,,43.662523,-79.343423,2017-03-12 18:25:01.623742
3905999,20230145,Entire home/apt,,Waterfront Communities-The Island (77),43,5.0,4,2.0,268.0,,43.639059,-79.397436,2017-03-12 18:25:01.620138
8409142,23705522,Entire home/apt,,Waterfront Communities-The Island (77),17,5.0,8,3.0,268.0,,43.64214,-79.393493,2017-03-12 18:25:01.617261
12601044,7729093,Entire home/apt,,Waterfront Communities-The Island (77),7,4.5,4,2.0,290.0,,43.642585,-79.383429,2017-03-12 18:25:01.612626
13891666,34866282,Entire home/apt,,North Riverdale (68),1,0.0,5,4.0,268.0,,43.667974,-79.350165,2017-03-12 18:25:01.606443
16093392,965557,Entire home/apt,,Trinity-Bellwoods (81),12,5.0,12,5.0,305.0,,43.650693,-79.418587,2017-03-12 18:25:01.603798
17625937,55357443,Entire home/apt,,Waterfront Communities-The Island (77),0,0.0,5,2.0,268.0,,43.643682,-79.38093,2017-03-12 18:25:01.601294
14868076,91737542,Entire home/apt,,Birchcliffe-Cliffside (122),5,5.0,4,3.0,248.0,,43.686531,-79.264774,2017-03-12 18:25:01.598652
16981033,28680003,Entire home/apt,,Trinity-Bellwoods (81),5,5.0,9,3.0,267.0,,43.644806,-79.420074,2017-03-12 18:25:01.595474
16136016,105269100,Entire home/apt,,Trinity-Bellwoods (81),15,5.0,14,3.0,267.0,,43.645525,-79.413931,2017-03-12 18:25:01.590544
11626301,61589833,Entire home/apt,,South Parkdale (85),0,0.0,4,1.0,192.0,,43.641657,-79.431299,2017-03-12 18:25:00.211746
12999726,24150071,Entire home/apt,,High Park-Swansea (87),2,0.0,4,3.0,192.0,,43.649911,-79.45485,2017-03-12 18:24:59.231639
14101481,64656127,Entire home/apt,,South Parkdale (85),0,0.0,5,2.0,192.0,,43.640804,-79.426909,2017-03-12 18:24:59.226571
7206734,33507941,Entire home/apt,,Waterfront Communities-The Island (77),19,5.0,4,1.0,192.0,,43.636296,-79.397022,2017-03-12 18:24:59.220996
7019130,33507941,Entire home/apt,,Waterfront Communities-The Island (77),19,5.0,4,2.0,192.0,,43.63694,-79.39716,2017-03-12 18:24:59.217376
3133038,1819510,Entire home/apt,,Waterfront Communities-The Island (77),3,5.0,4,2.0,192.0,,43.639387,-79.399251,2017-03-12 18:24:59.213398
13055013,1919294,Entire home/apt,,Waterfront Communities-The Island (77),4,5.0,6,3.0,191.0,,43.639276,-79.397749,2017-03-12 18:24:59.210866
15949267,35965162,Entire home/apt,,Junction Area (90),3,3.5,16,2.0,192.0,,43.678561,-79.474279,2017-03-12 18:24:59.207891
325432,1664812,Entire home/apt,,High Park North (88),0,0.0,8,4.0,199.0,,43.662053,-79.456096,2017-03-12 18:24:59.203808
11318234,14192890,Entire home/apt,,Waterfront Communities-The Island (77),11,5.0,6,2.0,191.0,,43.639835,-79.395658,2017-03-12 18:24:59.200117
13530476,77776319,Entire home/apt,,Waterfront Communities-The Island (77),5,4.0,3,2.0,206.0,,43.640041,-79.385359,2017-03-12 18:24:59.197136
15086800,94111042,Entire home/apt,,Waterfront Communities-The Island (77),2,0.0,4,2.0,192.0,,43.641257,-79.395935,2017-03-12 18:24:59.194445
8571299,7354580,Entire home/apt,,Wexford/Maryvale (119),5,5.0,6,3.0,206.0,,43.740617,-79.298681,2017-03-12 18:24:57.587210
16235,55442,Entire home/apt,,Bay Street Corridor (76),4,4.5,4,1.0,191.0,,43.659617,-79.385646,2017-03-12 18:24:57.584602
3167771,16067689,Entire home/apt,,Church-Yonge Corridor (75),25,4.5,8,3.0,191.0,,43.659703,-79.380011,2017-03-12 18:24:57.582194
12948628,7423077,Entire home/apt,,University (79),7,5.0,7,4.0,206.0,,43.664314,-79.407821,2017-03-12 18:24:57.579594
6939575,32238051,Entire home/apt,,Bay Street Corridor (76),6,3.0,4,2.0,192.0,,43.661068,-79.386143,2017-03-12 18:24:57.576895
6505443,7028573,Entire home/apt,,Woodbine-Lumsden (60),8,4.5,6,3.0,191.0,,43.695236,-79.306763,2017-03-12 18:24:57.574810
15840721,17711410,Entire home/apt,,North Riverdale (68),0,0.0,6,3.0,199.0,,43.672466,-79.347354,2017-03-12 18:24:57.571407
5944041,29443156,Entire home/apt,,Bedford Park-Nortown (39),10,5.0,8,6.0,192.0,,43.728944,-79.416361,2017-03-12 18:24:57.568848
7647860,25718103,Entire home/apt,,Mount Pleasant West (104),0,0.0,4,2.0,192.0,,43.708347,-79.395886,2017-03-12 18:24:57.563638
14711157,91526169,Entire home/apt,,Mount Pleasant West (104),0,0.0,5,2.0,192.0,,43.712514,-79.392507,2017-03-12 18:24:57.561679
6075642,31536065,Entire home/apt,,Birchcliffe-Cliffside (122),1,0.0,5,4.0,187.0,,43.69334,-79.273265,2017-03-12 18:24:57.559596
9110202,1684087,Entire home/apt,,Palmerston-Little Italy (80),0,0.0,3,1.0,187.0,,43.659762,-79.427804,2017-03-12 18:24:57.556853
5171470,2346717,Entire home/apt,,Palmerston-Little Italy (80),5,5.0,9,5.0,191.0,,43.659713,-79.425589,2017-03-12 18:24:57.552718
1455278,7804231,Entire home/apt,,Junction Area (90),5,5.0,6,2.0,203.0,,43.668065,-79.473782,2017-03-12 18:24:57.547768
7084397,2361495,Entire home/apt,,Palmerston-Little Italy (80),13,5.0,7,2.0,192.0,,43.659685,-79.427082,2017-03-12 18:24:57.543927
2345985,11980768,Entire home/apt,,Waterfront Communities-The Island (77),2,0.0,4,2.0,199.0,,43.63723,-79.393864,2017-03-12 18:24:56.066531
5491329,28474437,Entire home/apt,,Kensington-Chinatown (78),3,4.5,4,2.0,192.0,,43.650733,-79.396172,2017-03-12 18:24:56.063912
6761696,7728749,Entire home/apt,,Islington-City Centre West (14),51,5.0,11,3.0,187.0,,43.646243,-79.527362,2017-03-12 18:24:56.061208
16213335,14109735,Entire home/apt,,Kingsview Village-The Westway (6),4,5.0,10,5.0,192.0,,43.697481,-79.560636,2017-03-12 18:24:56.059022
703133,3604846,Entire home/apt,,High Park-Swansea (87),2,0.0,5,2.0,206.0,,43.65541,-79.45289,2017-03-12 18:24:56.056789
15734308,18839267,Entire home/apt,,Waterfront Communities-The Island (77),7,5.0,8,2.0,187.0,,43.639315,-79.398485,2017-03-12 18:24:56.051416
9381990,25718103,Entire home/apt,,Waterfront Communities-The Island (77),3,4.5,6,2.0,192.0,,43.645024,-79.389616,2017-03-12 18:24:56.045890
4582958,23756019,Entire home/apt,,Bay Street Corridor (76),7,5.0,6,2.0,187.0,,43.665828,-79.38669,2017-03-12 18:24:56.043293
473215,1651632,Entire home/apt,,Waterfront Communities-The Island (77),2,0.0,4,1.0,192.0,,43.645804,-79.389516,2017-03-12 18:24:56.040823
5053938,5364163,Entire home/apt,,Dufferin Grove (83),24,5.0,7,4.0,206.0,,43.655012,-79.42866,2017-03-12 18:24:56.038701
13512662,26602243,Entire home/apt,,Waterfront Communities-The Island (77),3,5.0,4,2.0,206.0,,43.641266,-79.382558,2017-03-12 18:24:56.034634
15465840,22371065,Entire home/apt,,Kensington-Chinatown (78),3,5.0,5,2.0,191.0,,43.65004,-79.404579,2017-03-12 18:24:56.032464
654048,3289972,Entire home/apt,,Morningside (135),5,5.0,8,4.0,192.0,,43.785055,-79.208869,2017-03-12 18:24:56.029664
13293683,43093970,Entire home/apt,,Niagara (82),6,5.0,4,1.0,192.0,,43.637141,-79.419555,2017-03-12 18:24:54.373139
3475876,17469900,Entire home/apt,,East End-Danforth (62),33,5.0,8,3.0,191.0,,43.682794,-79.294532,2017-03-12 18:24:54.370399
7836056,5128228,Entire home/apt,,Church-Yonge Corridor (75),5,5.0,5,2.0,198.0,,43.660083,-79.381373,2017-03-12 18:24:54.361632
5012399,25851347,Entire home/apt,,Mimico (includes Humber Bay Shores) (17),4,4.5,6,3.0,191.0,,43.609025,-79.488356,2017-03-12 18:24:54.359191
6304719,32353738,Entire home/apt,,Waterfront Communities-The Island (77),127,5.0,10,3.0,191.0,,43.640097,-79.398851,2017-03-12 18:24:54.355209
2914939,3160130,Entire home/apt,,Leaside-Bennington (56),2,0.0,5,3.0,192.0,,43.699275,-79.369873,2017-03-12 18:24:54.350023
15337437,97777804,Entire home/apt,,Mimico (includes Humber Bay Shores) (17),1,0.0,2,1.0,192.0,,43.623121,-79.481323,2017-03-12 18:24:54.346284
3171637,16085370,Entire home/apt,,Playter Estates-Danforth (67),13,5.0,6,3.0,192.0,,43.6802,-79.356987,2017-03-12 18:24:54.343178
2799238,11356378,Entire home/apt,,North Riverdale (68),1,0.0,6,2.0,192.0,,43.67005,-79.350568,2017-03-12 18:24:54.337056
14485942,25975134,Entire home/apt,,Waterfront Communities-The Island (77),0,0.0,3,0.0,192.0,,43.639788,-79.396621,2017-03-12 18:24:54.334575
17267818,14729171,Entire home/apt,,Waterfront Communities-The Island (77),0,0.0,3,1.0,192.0,,43.647954,-79.390728,2017-03-12 18:24:54.332152
16266349,49573755,Entire home/apt,,East End-Danforth (62),0,0.0,10,3.0,192.0,,43.681543,-79.290987,2017-03-12 18:24:54.329351
6131812,27257989,Entire home/apt,,Long Branch (19),12,5.0,4,2.0,187.0,,43.588876,-79.538858,2017-03-12 18:24:52.838591
1288937,7010032,Entire home/apt,,High Park-Swansea (87),4,5.0,2,1.0,192.0,,43.636391,-79.47013,2017-03-12 18:24:52.833533
3206794,16247889,Entire home/apt,,Bay Street Corridor (76),7,4.5,5,2.0,206.0,,43.665388,-79.386871,2017-03-12 18:24:52.830409
2062078,9096492,Entire home/apt,,South Riverdale (70),14,5.0,6,2.0,191.0,,43.660414,-79.334023,2017-03-12 18:24:52.827628
14933358,22796168,Entire home/apt,,Annex (95),2,0.0,5,2.0,192.0,,43.673048,-79.391004,2017-03-12 18:24:52.825524
16927263,14109735,Entire home/apt,,Kingsview Village-The Westway (6),3,5.0,10,5.0,192.0,,43.697149,-79.542338,2017-03-12 18:24:52.819884
6492767,7251499,Entire home/apt,,Waterfront Communities-The Island (77),3,5.0,4,2.0,192.0,,43.652213,-79.359764,2017-03-12 18:24:52.817006
14728030,4124418,Entire home/apt,,Little Portugal (84),1,0.0,5,2.0,192.0,,43.642601,-79.424253,2017-03-12 18:24:52.814979
5189951,414245,Entire home/apt,,Palmerston-Little Italy (80),2,0.0,7,3.0,192.0,,43.658783,-79.419458,2017-03-12 18:24:52.812305
14649413,87549039,Entire home/apt,,Casa Loma (96),5,4.5,4,2.0,192.0,,43.67907,-79.410302,2017-03-12 18:24:52.809639
6107554,14192890,Entire home/apt,,Waterfront Communities-The Island (77),23,5.0,6,2.0,191.0,,43.644001,-79.38807,2017-03-12 18:24:52.803882
571239,2811178,Entire home/apt,,Greenwood-Coxwell (65),11,4.0,6,3.0,192.0,,43.681808,-79.324617,2017-03-12 18:24:52.799006
16455084,4642504,Entire home/apt,,Waterfront Communities-The Island (77),0,0.0,4,2.0,206.0,,43.638502,-79.394432,2017-03-12 18:24:51.318783
7971245,33507941,Entire home/apt,,Waterfront Communities-The Island (77),7,5.0,4,2.0,192.0,,43.641635,-79.39441,2017-03-12 18:24:51.316280
15559521,37799905,Entire home/apt,,Mount Pleasant West (104),0,0.0,4,2.0,192.0,,43.696679,-79.396219,2017-03-12 18:24:51.313675
9056413,47247186,Entire home/apt,,Bay Street Corridor (76),10,4.5,3,1.0,191.0,,43.662218,-79.387477,2017-03-12 18:24:51.309296
3889558,3709674,Entire home/apt,,Waterfront Communities-The Island (77),48,4.5,10,3.0,200.0,,43.641451,-79.395813,2017-03-12 18:24:51.302310
11167516,57864767,Entire home/apt,,Oakwood Village (107),6,5.0,6,3.0,203.0,,43.687745,-79.439584,2017-03-12 18:24:51.300064
1567182,1301725,Entire home/apt,,Waterfront Communities-The Island (77),18,5.0,3,2.0,187.0,,43.646425,-79.394381,2017-03-12 18:24:51.297139
13639084,1710056,Entire home/apt,,Trinity-Bellwoods (81),3,4.5,2,2.0,192.0,,43.646952,-79.411304,2017-03-12 18:24:51.294222
16612321,109639213,Entire home/apt,,Lambton Baby Point (114),1,0.0,6,5.0,192.0,,43.655622,-79.492322,2017-03-12 18:24:51.292005
6570486,34365954,Entire home/apt,,Roncesvalles (86),28,5.0,8,4.0,192.0,,43.642934,-79.431784,2017-03-12 18:24:51.289373
6120294,31754413,Entire home/apt,,The Beaches (63),10,5.0,7,3.0,192.0,,43.669478,-79.295686,2017-03-12 18:24:49.803315
6181153,32061076,Entire home/apt,,Annex (95),0,0.0,5,3.0,192.0,,43.675814,-79.400005,2017-03-12 18:24:49.798494
6588033,24036901,Entire home/apt,,Rosedale-Moore Park (98),1,0.0,2,2.0,203.0,,43.683442,-79.387891,2017-03-12 18:24:49.792136
15678532,101269042,Entire home/apt,,Waterfront Communities-The Island (77),0,0.0,6,2.0,206.0,,43.622613,-79.390519,2017-03-12 18:24:49.787370
16897190,10583448,Entire home/apt,,Junction Area (90),0,0.0,8,4.0,192.0,,43.664199,-79.459973,2017-03-12 18:24:49.785198
6817038,35695703,Entire home/apt,,Trinity-Bellwoods (81),2,0.0,4,2.0,187.0,,43.647034,-79.410226,2017-03-12 18:24:49.775946
10804607,47247767,Entire home/apt,,Waterfront Communities-The Island (77),3,4.5,4,1.0,192.0,,43.644412,-79.391429,2017-03-12 18:24:49.772110
11440116,363432,Entire home/apt,,Bay Street Corridor (76),9,4.5,4,2.0,206.0,,43.669311,-79.390585,2017-03-12 18:24:48.155662
6435972,21493627,Entire home/apt,,Trinity-Bellwoods (81),0,0.0,4,2.0,192.0,,43.646326,-79.418665,2017-03-12 18:24:48.153232
13909600,3709828,Entire home/apt,,Bay Street Corridor (76),5,5.0,4,2.0,192.0,,43.649919,-79.386173,2017-03-12 18:24:48.151048
15820419,102413232,Entire home/apt,,Kensington-Chinatown (78),2,0.0,6,3.0,203.0,,43.65705,-79.4004,2017-03-12 18:24:48.147290
3002735,15304103,Entire home/apt,,Niagara (82),45,4.5,5,2.0,198.0,,43.63875,-79.417261,2017-03-12 18:24:48.142820
396504,1981383,Entire home/apt,,Roncesvalles (86),7,4.5,6,3.0,192.0,,43.642826,-79.446862,2017-03-12 18:24:48.140122
14800469,55169254,Entire home/apt,,Waterfront Communities-The Island (77),9,5.0,3,1.0,192.0,,43.639611,-79.389719,2017-03-12 18:24:48.137605
10835993,18592006,Entire home/apt,,Lawrence Park South (103),6,5.0,5,3.0,192.0,,43.71809,-79.410933,2017-03-12 18:24:48.134313
14916820,30965917,Entire home/apt,,Waterfront Communities-The Island (77),13,5.0,4,1.0,191.0,,43.64503,-79.40066,2017-03-12 18:24:48.128788
12041020,39185707,Entire home/apt,,Waterfront Communities-The Island (77),6,4.5,3,1.0,192.0,,43.645373,-79.375748,2017-03-12 18:24:48.126212
3636994,18343012,Entire home/apt,,Guildwood (140),0,0.0,6,3.0,192.0,,43.744948,-79.200475,2017-03-12 18:24:48.122168
5304101,12446818,Entire home/apt,,Waterfront Communities-The Island (77),0,0.0,3,1.0,195.0,,43.647568,-79.397286,2017-03-12 18:24:48.118445
14168591,55357443,Entire home/apt,,Waterfront Communities-The Island (77),16,4.5,5,2.0,206.0,,43.644516,-79.380712,2017-03-12 18:24:48.115871
5759947,29880905,Entire home/apt,,Waterfront Communities-The Island (77),0,0.0,4,2.0,206.0,,43.638488,-79.391717,2017-03-12 18:24:48.113135
13728288,61983099,Entire home/apt,,Waterfront Communities-The Island (77),5,5.0,4,1.0,192.0,,43.645854,-79.397407,2017-03-12 18:24:48.106521
3595227,18112977,Entire home/apt,,Waterfront Communities-The Island (77),28,5.0,4,1.0,192.0,,43.64514,-79.39001,2017-03-12 18:24:46.537635
10627284,21245388,Entire home/apt,,South Riverdale (70),29,4.5,7,3.0,192.0,,43.65581,-79.34068,2017-03-12 18:24:46.535048
15784847,87598093,Entire home/apt,,Waterfront Communities-The Island (77),9,5.0,8,3.0,191.0,,43.640612,-79.397147,2017-03-12 18:24:46.532624
14399588,6899555,Entire home/apt,,Niagara (82),2,0.0,4,2.0,192.0,,43.644429,-79.414656,2017-03-12 18:24:46.530359
15237769,30874341,Entire home/apt,,Waterfront Communities-The Island (77),2,0.0,2,1.0,192.0,,43.64974,-79.388396,2017-03-12 18:24:46.525867
14317572,3069630,Entire home/apt,,South Riverdale (70),5,5.0,6,3.0,195.0,,43.663842,-79.352085,2017-03-12 18:24:46.523247
13417591,652444,Entire home/apt,,Dovercourt-Wallace Emerson-Junction (93),5,5.0,5,2.0,192.0,,43.661435,-79.453787,2017-03-12 18:24:46.516900
14768377,19296635,Entire home/apt,,Waterfront Communities-The Island (77),1,0.0,2,1.0,192.0,,43.644102,-79.400952,2017-03-12 18:24:46.511889
4963598,25587277,Entire home/apt,,Rosedale-Moore Park (98),0,0.0,3,2.0,192.0,,43.682639,-79.388304,2017-03-12 18:24:46.509728
13262638,1397143,Entire home/apt,,Bay Street Corridor (76),18,4.5,4,2.0,194.0,,43.659157,-79.38482,2017-03-12 18:24:46.506918
6462559,33750310,Entire home/apt,,Yonge-St.Clair (97),0,0.0,4,2.0,192.0,,43.693946,-79.396098,2017-03-12 18:24:46.504222
14759292,86385117,Entire home/apt,,Waterfront Communities-The Island (77),3,4.5,4,2.0,192.0,,43.648412,-79.386779,2017-03-12 18:24:46.501625
1391297,7522267,Entire home/apt,,Waterfront Communities-The Island (77),15,5.0,2,1.0,192.0,,43.644656,-79.39621,2017-03-12 18:24:46.498338
10656134,55034783,Entire home/apt,,Waterfront Communities-The Island (77),0,0.0,2,1.0,192.0,,43.645193,-79.375613,2017-03-12 18:24:45.756083
15394676,7423077,Entire home/apt,,Bedford Park-Nortown (39),0,0.0,9,4.0,192.0,,43.736281,-79.410113,2017-03-12 18:24:45.754032
1641240,133802,Entire home/apt,,Waterfront Communities-The Island (77),7,5.0,2,1.0,192.0,,43.64538,-79.39391,2017-03-12 18:24:45.749754
15010667,41412273,Entire home/apt,,Waterfront Communities-The Island (77),2,0.0,4,2.0,206.0,,43.640944,-79.394515,2017-03-12 18:24:45.745622
6412293,31301362,Entire home/apt,,Trinity-Bellwoods (81),0,0.0,7,3.0,192.0,,43.645468,-79.422257,2017-03-12 18:24:45.742773
4887634,25145917,Entire home/apt,,Danforth (66),0,0.0,4,3.0,192.0,,43.682742,-79.344026,2017-03-12 18:24:45.739399
13846923,31759404,Entire home/apt,,Waterfront Communities-The Island (77),15,5.0,4,2.0,187.0,,43.643995,-79.401386,2017-03-12 18:24:45.736579
6149212,11023940,Entire home/apt,,Annex (95),6,4.5,5,3.0,199.0,,43.668127,-79.41848,2017-03-12 18:24:45.733752
15671726,4679885,Entire home/apt,,Waterfront Communities-The Island (77),2,0.0,4,2.0,192.0,,43.647718,-79.393894,2017-03-12 18:24:45.731579
6973000,4882503,Entire home/apt,,Niagara (82),53,5.0,6,3.0,192.0,,43.64327,-79.40574,2017-03-12 18:24:45.728935
6448004,15430853,Entire home/apt,,Waterfront Communities-The Island (77),0,0.0,4,2.0,192.0,,43.639451,-79.382931,2017-03-12 18:24:45.724919
13769651,69337646,Entire home/apt,,Waterfront Communities-The Island (77),3,5.0,3,1.0,192.0,,43.639955,-79.39176,2017-03-12 18:24:45.722665
12063074,2409180,Entire home/apt,,Trinity-Bellwoods (81),7,5.0,5,3.0,192.0,,43.650928,-79.411421,2017-03-12 18:24:45.719648
6004254,30668960,Entire home/apt,,Church-Yonge Corridor (75),77,4.0,2,1.0,192.0,,43.655091,-79.379776,2017-03-12 18:24:45.717005
8391219,32794340,Entire home/apt,,Kensington-Chinatown (78),50,4.5,6,3.0,191.0,,43.652994,-79.402996,2017-03-12 18:24:45.714351
8153381,3575426,Entire home/apt,,Roncesvalles (86),22,5.0,6,3.0,187.0,,43.640233,-79.438505,2017-03-12 18:24:45.710634
7822515,11884517,Entire home/apt,,Niagara (82),30,5.0,4,2.0,205.0,,43.64019,-79.41925,2017-03-12 18:24:44.230738
9676441,41538214,Entire home/apt,,Little Portugal (84),0,0.0,7,3.0,191.0,,43.645073,-79.42643,2017-03-12 18:24:44.228535
17512752,2853930,Entire home/apt,,Little Portugal (84),0,0.0,4,2.0,191.0,,43.651881,-79.433151,2017-03-12 18:24:44.224714
13619013,22151181,Entire home/apt,,Waterfront Communities-The Island (77),3,5.0,4,1.0,192.0,,43.637258,-79.397167,2017-03-12 18:24:44.219621
9755875,8304046,Entire home/apt,,Alderwood (20),7,5.0,8,4.0,199.0,,43.603974,-79.551716,2017-03-12 18:24:44.216028
497259,2318099,Entire home/apt,,South Riverdale (70),3,5.0,4,2.0,192.0,,43.657754,-79.349084,2017-03-12 18:24:44.213588
11144229,28071296,Entire home/apt,,Waterfront Communities-The Island (77),12,4.0,6,3.0,205.0,,43.640936,-79.398342,2017-03-12 18:24:44.210713
3849352,19286889,Entire home/apt,,Waterfront Communities-The Island (77),5,5.0,5,2.0,192.0,,43.641866,-79.376888,2017-03-12 18:24:44.207988
4663579,24122779,Entire home/apt,,Waterfront Communities-The Island (77),3,4.5,4,2.0,192.0,,43.642891,-79.380517,2017-03-12 18:24:44.205519
10099633,25142647,Entire home/apt,,Waterfront Communities-The Island (77),0,0.0,4,1.0,206.0,,43.644645,-79.399282,2017-03-12 18:24:44.201371
13063048,30603812,Entire home/apt,,Roncesvalles (86),5,5.0,9,3.0,192.0,,43.643539,-79.444103,2017-03-12 18:24:44.196073
1143378,6269395,Entire home/apt,,Humewood-Cedarvale (106),38,5.0,8,3.0,198.0,,43.689838,-79.43109,2017-03-12 18:24:44.189824
13251282,74524134,Entire home/apt,,Kensington-Chinatown (78),18,5.0,8,3.0,190.0,,43.658197,-79.392601,2017-03-12 18:24:42.573335
13319178,21735073,Entire home/apt,,Waterfront Communities-The Island (77),15,5.0,4,1.0,192.0,,43.639943,-79.395243,2017-03-12 18:24:42.570983
13713280,18839267,Entire home/apt,,Bay Street Corridor (76),18,4.5,5,2.0,187.0,,43.662679,-79.387503,2017-03-12 18:24:42.568761
12482093,4387874,Entire home/apt,,Trinity-Bellwoods (81),4,5.0,5,3.0,192.0,,43.646875,-79.423445,2017-03-12 18:24:42.566104
3528547,17764429,Entire home/apt,,Yonge-Eglinton (100),60,5.0,6,3.0,192.0,,43.707109,-79.406081,2017-03-12 18:24:42.562997
13987724,52703454,Entire home/apt,,Waterfront Communities-The Island (77),5,5.0,5,2.0,192.0,,43.639059,-79.400004,2017-03-12 18:24:42.558512
15021197,12795294,Entire home/apt,,Niagara (82),35,4.5,4,1.0,152.0,,43.636303,-79.403536,2017-03-12 18:11:17.006480
4708188,12562766,Entire home/apt,,Rosedale-Moore Park (98),0,0.0,2,2.0,169.0,,43.68043,-79.388521,2017-03-12 18:11:16.409941
720546,3263736,Entire home/apt,,Church-Yonge Corridor (75),19,4.5,2,1.0,152.0,,43.653079,-79.373935,2017-03-12 18:11:11.044855
8780943,46027167,Entire home/apt,,Niagara (82),0,0.0,4,2.0,149.0,,43.636965,-79.40437,2017-03-12 18:11:11.041925
14264370,11312930,Entire home/apt,,Moss Park (73),1,0.0,2,1.0,145.0,,43.652267,-79.372352,2017-03-12 18:11:11.029152
1260557,6659787,Entire home/apt,,Rosedale-Moore Park (98),0,0.0,2,1.0,149.0,,43.674282,-79.384768,2017-03-12 18:11:11.022739
2516271,12028383,Entire home/apt,,Bay Street Corridor (76),77,4.5,7,2.0,145.0,,43.660539,-79.386624,2017-03-12 18:11:11.019922
3402103,16876776,Entire home/apt,,South Riverdale (70),0,0.0,4,2.0,172.0,,43.663829,-79.337718,2017-03-12 18:11:11.015603
7206665,33856324,Entire home/apt,,Moss Park (73),0,0.0,5,2.0,152.0,,43.656471,-79.365997,2017-03-12 18:11:11.011351
2450170,10139524,Entire home/apt,,Church-Yonge Corridor (75),88,4.5,9,2.0,152.0,,43.663387,-79.383601,2017-03-12 18:11:09.614746
10003045,24122779,Entire home/apt,,Waterfront Communities-The Island (77),0,0.0,2,1.0,152.0,,43.644182,-79.381131,2017-03-12 18:11:09.602859
14231658,21732752,Entire home/apt,,Waterfront Communities-The Island (77),5,5.0,4,1.0,172.0,,43.640862,-79.391018,2017-03-12 18:11:09.600098
5850026,21015893,Entire home/apt,,Greenwood-Coxwell (65),0,0.0,5,3.0,145.0,,43.663824,-79.322879,2017-03-12 18:11:09.597402
16478774,6763845,Entire home/apt,,Waterfront Communities-The Island (77),0,0.0,3,1.0,152.0,,43.645721,-79.391398,2017-03-12 18:11:09.594992
14536186,54867886,Entire home/apt,,South Riverdale (70),7,5.0,5,2.0,152.0,,43.663534,-79.34024,2017-03-12 18:11:09.592448
17118334,32353738,Entire home/apt,,Waterfront Communities-The Island (77),1,0.0,12,3.0,152.0,,43.639925,-79.395682,2017-03-12 18:11:09.582493
10937741,56709498,Entire home/apt,,South Riverdale (70),4,5.0,3,2.0,155.0,,43.661145,-79.335501,2017-03-12 18:11:08.008064
26654,113345,Entire home/apt,,Waterfront Communities-The Island (77),30,4.5,5,1.0,152.0,,43.645305,-79.389404,2017-03-12 18:11:07.996507
1053817,113345,Entire home/apt,,Waterfront Communities-The Island (77),43,5.0,5,1.0,152.0,,43.648067,-79.374169,2017-03-12 18:11:07.992841
15874482,4959959,Entire home/apt,,Bay Street Corridor (76),0,0.0,5,2.0,152.0,,43.648846,-79.386525,2017-03-12 18:11:07.989679
13889572,545269,Entire home/apt,,Annex (95),1,0.0,4,2.0,155.0,,43.669846,-79.394211,2017-03-12 18:11:07.976663
17186264,18839267,Entire home/apt,,Waterfront Communities-The Island (77),3,5.0,5,1.0,152.0,,43.640953,-79.383174,2017-03-12 18:11:06.426414
12398730,67041866,Entire home/apt,,Waterfront Communities-The Island (77),85,5.0,6,1.0,152.0,,43.649894,-79.387275,2017-03-12 18:11:06.423942
5903734,27417830,Entire home/apt,,Bay Street Corridor (76),0,0.0,3,2.0,152.0,,43.665619,-79.38793,2017-03-12 18:11:06.411843
13341011,35095,Entire home/apt,,The Beaches (63),0,0.0,3,1.0,155.0,,43.667965,-79.308028,2017-03-12 18:11:06.401055
3984769,1646497,Entire home/apt,,South Riverdale (70),3,5.0,8,4.0,171.0,,43.661665,-79.348256,2017-03-12 18:11:06.391304
15453381,3099254,Entire home/apt,,Moss Park (73),0,0.0,4,2.0,149.0,,43.651693,-79.36711,2017-03-12 18:11:06.388234
14822517,4124418,Entire home/apt,,Waterfront Communities-The Island (77),4,5.0,4,1.0,149.0,,43.638109,-79.398226,2017-03-12 18:11:05.581803
16596624,25685349,Entire home/apt,,Waterfront Communities-The Island (77),0,0.0,5,2.0,152.0,,43.646455,-79.370242,2017-03-12 18:11:05.579421
17570028,119299463,Entire home/apt,,Cabbagetown-South St.James Town (71),0,0.0,5,2.0,168.0,,43.665625,-79.367062,2017-03-12 18:11:05.577084
15990448,64663683,Entire home/apt,,Greenwood-Coxwell (65),0,0.0,4,1.0,152.0,,43.668303,-79.320398,2017-03-12 18:11:05.573957
15564642,71214134,Entire home/apt,,Blake-Jones (69),0,0.0,5,2.0,152.0,,43.676403,-79.336045,2017-03-12 18:11:05.571610
13202324,18839267,Entire home/apt,,Waterfront Communities-The Island (77),25,4.5,5,2.0,152.0,,43.641267,-79.39605,2017-03-12 18:11:05.565387
17174379,1397143,Entire home/apt,,Church-Yonge Corridor (75),3,5.0,4,2.0,152.0,,43.653438,-79.37824,2017-03-12 18:11:05.552281
15798094,102212086,Entire home/apt,,Waterfront Communities-The Island (77),16,5.0,3,1.0,152.0,,43.646517,-79.396577,2017-03-12 18:11:04.131920
15787981,1919294,Entire home/apt,,Waterfront Communities-The Island (77),1,0.0,3,1.0,145.0,,43.640622,-79.396161,2017-03-12 18:11:04.129760
7107331,37087530,Entire home/apt,,North St.James Town (74),50,5.0,6,2.0,182.0,,43.671618,-79.376973,2017-03-12 18:11:04.126886
14203167,75480269,Entire home/apt,,Waterfront Communities-The Island (77),7,5.0,3,1.0,168.0,,43.641394,-79.392974,2017-03-12 18:11:04.120725
17026185,47702059,Entire home/apt,,Waterfront Communities-The Island (77),0,0.0,2,0.0,152.0,,43.648378,-79.394322,2017-03-12 18:11:04.109145
14503414,71119588,Entire home/apt,,Casa Loma (96),1,0.0,6,3.0,168.0,,43.679736,-79.400224,2017-03-12 18:11:04.106271
15011446,67041866,Entire home/apt,,Waterfront Communities-The Island (77),24,5.0,4,1.0,152.0,,43.650495,-79.388114,2017-03-12 18:11:04.098141
12208482,65655696,Entire home/apt,,Waterfront Communities-The Island (77),31,5.0,5,2.0,153.0,,43.643744,-79.391904,2017-03-12 18:11:02.949807
13369009,34943816,Entire home/apt,,Waterfront Communities-The Island (77),8,5.0,2,1.0,175.0,,43.646787,-79.396441,2017-03-12 18:11:02.943994
8973111,46889966,Entire home/apt,,Waterfront Communities-The Island (77),3,4.5,2,1.0,172.0,,43.640985,-79.382331,2017-03-12 18:11:02.941868
7060994,10859579,Entire home/apt,,Niagara (82),1,0.0,4,2.0,149.0,,43.637353,-79.40384,2017-03-12 18:11:02.937534
14948729,59970209,Entire home/apt,,Woodbine Corridor (64),0,0.0,5,2.0,152.0,,43.678183,-79.310671,2017-03-12 18:11:02.933566
3442413,642690,Entire home/apt,,Waterfront Communities-The Island (77),43,5.0,4,2.0,150.0,,43.645987,-79.391585,2017-03-12 18:11:02.928390
17327411,115994859,Entire home/apt,,Waterfront Communities-The Island (77),4,5.0,8,3.0,182.0,,43.64315,-79.390495,2017-03-12 18:11:02.918052
4376018,11914209,Entire home/apt,,Waterfront Communities-The Island (77),9,5.0,6,2.0,172.0,,43.642649,-79.39027,2017-03-12 18:11:02.094073
16453701,107930573,Entire home/apt,,Waterfront Communities-The Island (77),0,0.0,3,1.0,160.0,,43.639504,-79.391174,2017-03-12 18:11:02.080651
14654879,67041866,Entire home/apt,,Waterfront Communities-The Island (77),57,5.0,6,2.0,152.0,,43.650377,-79.388279,2017-03-12 18:11:00.856214
15656007,53443965,Entire home/apt,,Waterfront Communities-The Island (77),1,0.0,2,1.0,168.0,,43.641235,-79.382009,2017-03-12 18:11:00.849148
15984782,12175558,Entire home/apt,,Waterfront Communities-The Island (77),10,5.0,7,3.0,152.0,,43.641607,-79.393699,2017-03-12 18:11:00.846878
14235003,7446032,Entire home/apt,,Waterfront Communities-The Island (77),13,5.0,5,2.0,152.0,,43.643547,-79.388639,2017-03-12 18:11:00.844351
3027601,9174800,Entire home/apt,,The Beaches (63),17,5.0,7,4.0,183.0,,43.671027,-79.284655,2017-03-12 18:11:00.841679
2817215,4347578,Entire home/apt,,Waterfront Communities-The Island (77),20,4.5,5,2.0,161.0,,43.643954,-79.399414,2017-03-12 18:11:00.838904
15649505,25400505,Entire home/apt,,Waterfront Communities-The Island (77),30,5.0,8,3.0,150.0,,43.643772,-79.388615,2017-03-12 18:11:00.833243
17480586,1594451,Entire home/apt,,Waterfront Communities-The Island (77),0,0.0,5,2.0,152.0,,43.647163,-79.371381,2017-03-12 18:11:00.829002
3282519,145564,Entire home/apt,,Waterfront Communities-The Island (77),38,5.0,3,1.0,152.0,,43.644155,-79.396816,2017-03-12 18:11:00.824781
8629852,1356482,Entire home/apt,,Kensington-Chinatown (78),10,5.0,4,2.0,161.0,,43.648118,-79.401567,2017-03-12 18:10:59.335496
13406543,3552678,Entire home/apt,,The Beaches (63),2,0.0,4,2.0,152.0,,43.673568,-79.305672,2017-03-12 18:10:59.330923
6575797,69432,Entire home/apt,,Waterfront Communities-The Island (77),29,5.0,6,2.0,168.0,,43.638192,-79.397782,2017-03-12 18:10:59.324439
6201323,32159396,Entire home/apt,,Waterfront Communities-The Island (77),28,4.5,2,1.0,152.0,,43.641923,-79.381944,2017-03-12 18:10:59.318617
13941445,22490810,Entire home/apt,,Waterfront Communities-The Island (77),14,4.5,5,2.0,179.0,,43.64207,-79.400319,2017-03-12 18:10:59.311591
2641884,2356643,Entire home/apt,,Waterfront Communities-The Island (77),89,4.5,5,2.0,176.0,,43.642171,-79.383865,2017-03-12 18:10:59.301049
4824175,24840870,Entire home/apt,,Greenwood-Coxwell (65),25,5.0,5,3.0,172.0,,43.674254,-79.319929,2017-03-12 18:10:57.637509
15871790,15682898,Entire home/apt,,Greenwood-Coxwell (65),0,0.0,4,3.0,149.0,,43.673581,-79.328477,2017-03-12 18:10:57.633599
8030700,31080936,Entire home/apt,,Bay Street Corridor (76),0,0.0,2,1.0,152.0,,43.658457,-79.385501,2017-03-12 18:10:57.626057
5313792,27526176,Entire home/apt,,Waterfront Communities-The Island (77),0,0.0,2,3.0,152.0,,43.648863,-79.364458,2017-03-12 18:10:57.620440
12706822,33842639,Entire home/apt,,Bay Street Corridor (76),41,5.0,6,2.0,152.0,,43.662734,-79.38447,2017-03-12 18:10:57.613665
14057506,47330208,Entire home/apt,,Waterfront Communities-The Island (77),36,5.0,4,1.0,155.0,,43.645998,-79.37552,2017-03-12 18:10:57.611152
17139094,69304724,Entire home/apt,,Waterfront Communities-The Island (77),0,0.0,4,2.0,161.0,,43.641854,-79.373883,2017-03-12 18:10:56.342782
13915708,44948794,Entire home/apt,,South Riverdale (70),2,0.0,2,1.0,157.0,,43.658513,-79.351924,2017-03-12 18:10:56.336561
5942736,879198,Entire home/apt,,South Riverdale (70),11,5.0,3,1.0,168.0,,43.662424,-79.339983,2017-03-12 18:10:56.326675
13408272,24386671,Entire home/apt,,Moss Park (73),17,5.0,4,1.0,149.0,,43.661224,-79.369006,2017-03-12 18:10:56.324329
10002736,24122779,Entire home/apt,,Waterfront Communities-The Island (77),2,0.0,2,1.0,152.0,,43.642476,-79.382381,2017-03-12 18:10:56.319951
13333404,75475961,Entire home/apt,,Waterfront Communities-The Island (77),26,5.0,4,2.0,156.0,,43.641138,-79.380563,2017-03-12 18:10:56.312436
7071550,37075787,Entire home/apt,,Waterfront Communities-The Island (77),4,4.5,4,2.0,172.0,,43.644194,-79.39941,2017-03-12 18:10:56.307405
17281926,35420372,Entire home/apt,,Waterfront Communities-The Island (77),2,0.0,4,1.0,168.0,,43.650335,-79.388707,2017-03-12 18:10:55.017610
14755404,24519005,Entire home/apt,,Waterfront Communities-The Island (77),5,5.0,4,2.0,176.0,,43.64521,-79.389857,2017-03-12 18:10:55.012282
17216261,115903827,Entire home/apt,,Niagara (82),0,0.0,4,2.0,152.0,,43.636449,-79.404099,2017-03-12 18:10:55.006443
13922450,16306789,Entire home/apt,,Moss Park (73),29,5.0,2,1.0,149.0,,43.65019,-79.369438,2017-03-12 18:10:54.432221
14694692,7446032,Entire home/apt,,Waterfront Communities-The Island (77),35,5.0,6,2.0,161.0,,43.644656,-79.390469,2017-03-12 18:10:54.425746
6823537,35739940,Entire home/apt,,Waterfront Communities-The Island (77),0,0.0,4,1.0,168.0,,43.643368,-79.392026,2017-03-12 18:10:54.422292
17568704,119282694,Entire home/apt,,Waterfront Communities-The Island (77),0,0.0,5,2.0,152.0,,43.644459,-79.400705,2017-03-12 18:10:54.419950
7344364,38475489,Entire home/apt,,Waterfront Communities-The Island (77),0,0.0,2,1.0,152.0,,43.641521,-79.372177,2017-03-12 18:10:54.415447
6225485,18882169,Entire home/apt,,Waterfront Communities-The Island (77),0,0.0,4,2.0,168.0,,43.648782,-79.389597,2017-03-12 18:10:54.413281
10788954,38711670,Entire home/apt,,Moss Park (73),8,5.0,2,1.0,152.0,,43.656783,-79.358521,2017-03-12 18:10:54.409710
14198584,49288354,Entire home/apt,,Waterfront Communities-The Island (77),11,5.0,5,2.0,168.0,,43.642589,-79.381784,2017-03-12 18:10:54.407253
15098430,95593650,Entire home/apt,,Waterfront Communities-The Island (77),13,5.0,6,2.0,168.0,,43.643706,-79.401238,2017-03-12 18:10:54.401185
13620449,25434952,Entire home/apt,,Moss Park (73),11,4.5,3,1.0,161.0,,43.654888,-79.366418,2017-03-12 18:10:52.992078
6755327,35368970,Entire home/apt,,South Riverdale (70),90,5.0,6,3.0,152.0,,43.660183,-79.343449,2017-03-12 18:10:52.966817
17383380,22255497,Entire home/apt,,Waterfront Communities-The Island (77),6,5.0,4,1.0,152.0,,43.646082,-79.400359,2017-03-12 18:10:51.461546
12135268,11200972,Entire home/apt,,Greenwood-Coxwell (65),2,0.0,4,3.0,152.0,,43.670985,-79.319688,2017-03-12 18:10:51.447023
6740430,23704687,Entire home/apt,,South Riverdale (70),7,5.0,6,2.0,152.0,,43.659875,-79.343838,2017-03-12 18:10:51.442439
11678924,25710991,Entire home/apt,,Waterfront Communities-The Island (77),7,4.5,3,1.0,152.0,,43.641571,-79.381945,2017-03-12 18:10:50.151380
16781941,55357443,Entire home/apt,,Waterfront Communities-The Island (77),6,5.0,4,1.0,152.0,,43.641651,-79.383691,2017-03-12 18:10:50.142610
7340012,6675979,Entire home/apt,,Woodbine Corridor (64),0,0.0,3,2.0,152.0,,43.684101,-79.313863,2017-03-12 18:10:50.138007
9594518,32302853,Entire home/apt,,South Riverdale (70),0,0.0,4,2.0,152.0,,43.672496,-79.329322,2017-03-12 18:10:48.854425
6504852,34002172,Entire home/apt,,Moss Park (73),99,5.0,2,0.0,157.0,,43.654605,-79.366352,2017-03-12 18:10:48.842924
14933262,8713735,Entire home/apt,,South Riverdale (70),6,5.0,2,1.0,152.0,,43.662704,-79.341837,2017-03-12 18:10:48.834414
5121999,25718103,Entire home/apt,,Willowdale East (51),2,0.0,2,1.0,152.0,,43.761564,-79.410272,2017-03-12 18:10:47.559384
4988393,25718103,Entire home/apt,,Newtonbrook West (36),1,0.0,4,1.0,149.0,,43.780382,-79.417925,2017-03-12 18:10:47.556583
5235824,1919294,Entire home/apt,,Willowdale East (51),5,5.0,6,3.0,168.0,,43.767211,-79.410555,2017-03-12 18:10:46.304579
6504645,19504524,Entire home/apt,,Forest Hill North (102),0,0.0,3,1.0,157.0,,43.707434,-79.427284,2017-03-12 18:10:46.296611
6911290,36216408,Entire home/apt,,Lawrence Park North (105),0,0.0,5,3.0,152.0,,43.724789,-79.410587,2017-03-12 18:10:46.293343
16309682,11206244,Entire home/apt,,Pelmo Park-Humberlea (23),0,0.0,8,3.0,152.0,,43.707794,-79.527059,2017-03-12 18:10:46.288855
16113102,102901292,Entire home/apt,,Willowdale East (51),0,0.0,5,2.0,149.0,,43.762332,-79.407927,2017-03-12 18:10:46.286621
12233780,65831629,Entire home/apt,,Willowdale East (51),2,0.0,5,2.0,152.0,,43.766512,-79.411424,2017-03-12 18:10:46.281155
1659168,1919294,Entire home/apt,,Newtonbrook West (36),12,4.5,4,2.0,152.0,,43.779297,-79.417856,2017-03-12 18:10:46.278196
5068206,25718103,Entire home/apt,,Willowdale East (51),0,0.0,2,1.0,149.0,,43.757592,-79.403886,2017-03-12 18:10:46.272430
5125875,25718103,Entire home/apt,,Newtonbrook West (36),0,0.0,4,2.0,177.0,,43.780267,-79.418683,2017-03-12 18:10:45.153065
16858781,100398189,Entire home/apt,,Mount Dennis (115),0,0.0,6,3.0,152.0,,43.690916,-79.498059,2017-03-12 18:10:45.149259
5203328,25718103,Entire home/apt,,Willowdale East (51),0,0.0,4,2.0,183.0,,43.761009,-79.409736,2017-03-12 18:10:45.145605
16962869,100398189,Entire home/apt,,Mount Dennis (115),0,0.0,6,3.0,152.0,,43.691197,-79.499771,2017-03-12 18:10:45.143398
3441579,6023215,Entire home/apt,,Bedford Park-Nortown (39),17,5.0,4,2.0,152.0,,43.718241,-79.416135,2017-03-12 18:10:45.140763
13800479,534666,Entire home/apt,,Lansing-Westgate (38),23,4.5,4,2.0,152.0,,43.761732,-79.411367,2017-03-12 18:10:45.138388
16407044,100537945,Entire home/apt,,West Humber-Clairville (1),0,0.0,2,1.0,152.0,,43.724271,-79.617321,2017-03-12 18:10:45.126715
4746812,24499668,Entire home/apt,,Humewood-Cedarvale (106),0,0.0,2,2.0,152.0,,43.69461,-79.424482,2017-03-12 18:10:43.891541
15631796,44890749,Entire home/apt,,Willowdale East (51),0,0.0,4,1.0,152.0,,43.760105,-79.408371,2017-03-12 18:10:43.888799
14774550,51943705,Entire home/apt,,Willowdale West (37),3,5.0,5,3.0,176.0,,43.777471,-79.416748,2017-03-12 18:10:43.880065
11031880,49746774,Entire home/apt,,Willowdale East (51),1,0.0,4,2.0,149.0,,43.764866,-79.409533,2017-03-12 18:10:43.864998
16559823,97561450,Entire home/apt,,Downsview-Roding-CFB (26),4,5.0,6,3.0,152.0,,43.728018,-79.468967,2017-03-12 18:10:43.854723
9644423,25718103,Entire home/apt,,Mount Pleasant West (104),0,0.0,3,1.0,161.0,,43.708655,-79.396602,2017-03-12 18:10:42.424920
14077200,8569918,Entire home/apt,,Yonge-Eglinton (100),0,0.0,6,2.0,168.0,,43.705572,-79.404678,2017-03-12 18:10:42.422465
14759788,5438051,Entire home/apt,,Willowdale East (51),2,0.0,2,1.0,179.0,,43.756969,-79.405215,2017-03-12 18:10:41.991412
6956367,7354580,Entire home/apt,,Wexford/Maryvale (119),11,5.0,7,2.0,176.0,,43.742414,-79.299917,2017-03-12 18:10:41.988759
1245603,6788021,Entire home/apt,,Yonge-St.Clair (97),11,5.0,5,2.0,179.0,,43.691274,-79.399785,2017-03-12 18:10:41.981082
15839307,58698625,Entire home/apt,,Mount Pleasant West (104),0,0.0,4,2.0,152.0,,43.70977,-79.397064,2017-03-12 18:10:41.978540
1022764,5630548,Entire home/apt,,Mount Pleasant East (99),8,4.5,6,3.0,155.0,,43.706758,-79.381898,2017-03-12 18:10:41.975686
17105056,114826564,Entire home/apt,,Lawrence Park South (103),0,0.0,5,3.0,152.0,,43.714188,-79.402282,2017-03-12 18:10:41.973353
14015836,83828264,Entire home/apt,,Banbury-Don Mills (42),5,5.0,5,2.0,162.0,,43.724962,-79.32698,2017-03-12 18:10:41.969690
8322106,4429064,Entire home/apt,,Mount Pleasant East (99),16,4.5,6,3.0,151.0,,43.701507,-79.382639,2017-03-12 18:10:41.966664
8115771,42854419,Entire home/apt,,St.Andrew-Windfields (40),8,4.5,5,3.0,152.0,,43.76327,-79.384756,2017-03-12 18:10:41.962540
14244416,86671843,Entire home/apt,,Leaside-Bennington (56),5,5.0,4,1.0,152.0,,43.692735,-79.367209,2017-03-12 18:10:41.960222
17103935,72030043,Entire home/apt,,Yonge-Eglinton (100),0,0.0,4,2.0,149.0,,43.706297,-79.398615,2017-03-12 18:10:41.957894
4701478,23034531,Entire home/apt,,Leaside-Bennington (56),0,0.0,6,3.0,175.0,,43.705168,-79.370761,2017-03-12 18:10:41.951665
16391894,1636451,Entire home/apt,,Taylor-Massey (61),0,0.0,4,3.0,152.0,,43.693506,-79.290523,2017-03-12 18:10:41.946344
15926514,9205815,Entire home/apt,,Parkwoods-Donalda (45),0,0.0,2,2.0,145.0,,43.742051,-79.331223,2017-03-12 18:10:40.631043
14472130,88692184,Entire home/apt,,Annex (95),6,5.0,2,1.0,179.0,,43.672093,-79.388463,2017-03-12 18:10:25.167347
10943138,51469580,Entire home/apt,,Waterfront Communities-The Island (77),107,5.0,4,2.0,150.0,,43.639412,-79.381551,2017-03-12 18:10:25.164969
4895351,22733116,Entire home/apt,,Danforth East York (59),7,4.5,8,3.0,182.0,,43.688992,-79.320668,2017-03-12 18:10:25.161905
11868891,63264663,Entire home/apt,,Greenwood-Coxwell (65),2,0.0,5,2.0,172.0,,43.680408,-79.328019,2017-03-12 18:10:25.157499
16574497,99662005,Entire home/apt,,Moss Park (73),3,5.0,6,2.0,175.0,,43.65961,-79.372801,2017-03-12 18:10:25.155360
10002467,24122779,Entire home/apt,,Waterfront Communities-The Island (77),0,0.0,2,1.0,152.0,,43.643604,-79.381959,2017-03-12 18:10:25.153104
9839433,8053720,Entire home/apt,,Playter Estates-Danforth (67),2,0.0,7,4.0,168.0,,43.681832,-79.346011,2017-03-12 18:10:25.150334
14742830,63608927,Entire home/apt,,Waterfront Communities-The Island (77),4,5.0,4,1.0,152.0,,43.641541,-79.380874,2017-03-12 18:10:25.144341
17634188,66633417,Entire home/apt,,Waterfront Communities-The Island (77),0,0.0,4,2.0,145.0,,43.643344,-79.402141,2017-03-12 18:10:25.142072
15079698,95408559,Entire home/apt,,Waterfront Communities-The Island (77),10,5.0,2,1.0,152.0,,43.644603,-79.402415,2017-03-12 18:10:23.702729
16997499,10737593,Entire home/apt,,Kensington-Chinatown (78),0,0.0,2,0.0,175.0,,43.652731,-79.388726,2017-03-12 18:10:23.700688
6622297,34660274,Entire home/apt,,Mount Pleasant West (104),2,0.0,2,1.0,168.0,,43.707207,-79.391777,2017-03-12 18:10:23.698283
17566986,14192890,Entire home/apt,,Waterfront Communities-The Island (77),0,0.0,6,2.0,152.0,,43.641286,-79.391979,2017-03-12 18:10:23.694767
13577248,22152173,Entire home/apt,,Waterfront Communities-The Island (77),11,5.0,3,1.0,152.0,,43.6486,-79.393979,2017-03-12 18:10:23.691505
14265901,2124835,Entire home/apt,,Little Portugal (84),19,4.5,5,2.0,152.0,,43.64095,-79.423545,2017-03-12 18:10:23.686689
14772516,88923354,Entire home/apt,,Niagara (82),9,5.0,4,2.0,149.0,,43.637442,-79.410671,2017-03-12 18:10:23.683264
11137390,1689424,Entire home/apt,,Waterfront Communities-The Island (77),1,0.0,6,3.0,172.0,,43.641547,-79.38181,2017-03-12 18:10:23.679474
3312043,1485530,Entire home/apt,,Danforth (66),7,4.5,6,3.0,173.0,,43.681246,-79.344343,2017-03-12 18:10:23.676070
3111914,15813931,Entire home/apt,,Waterfront Communities-The Island (77),16,5.0,4,2.0,149.0,,43.642013,-79.382421,2017-03-12 18:10:23.673016
4378015,22730977,Entire home/apt,,Church-Yonge Corridor (75),6,5.0,4,2.0,168.0,,43.655654,-79.379512,2017-03-12 18:10:23.670164
17331156,102005278,Entire home/apt,,Church-Yonge Corridor (75),0,0.0,3,1.0,169.0,,43.669668,-79.385089,2017-03-12 18:10:23.665330
3511593,367179,Entire home/apt,,Waterfront Communities-The Island (77),36,5.0,4,2.0,165.0,,43.646196,-79.39367,2017-03-12 18:10:23.661179
13986622,82067293,Entire home/apt,,Waterfront Communities-The Island (77),9,5.0,2,1.0,152.0,,43.641991,-79.371637,2017-03-12 18:10:23.654121
9610597,49726182,Entire home/apt,,Waterfront Communities-The Island (77),12,4.5,4,2.0,168.0,,43.64118,-79.394063,2017-03-12 18:10:22.092689
15528844,99863904,Entire home/apt,,Waterfront Communities-The Island (77),3,4.5,2,1.0,152.0,,43.641102,-79.397417,2017-03-12 18:10:22.089056
1778592,3877252,Entire home/apt,,Trinity-Bellwoods (81),17,5.0,4,2.0,176.0,,43.649972,-79.408652,2017-03-12 18:10:22.084544
10733611,4793411,Entire home/apt,,Kensington-Chinatown (78),36,5.0,6,2.0,172.0,,43.647925,-79.400846,2017-03-12 18:10:22.081884
13997679,47908202,Entire home/apt,,Waterfront Communities-The Island (77),1,0.0,2,1.0,168.0,,43.639886,-79.397551,2017-03-12 18:10:22.079233
13318608,36873827,Entire home/apt,,East End-Danforth (62),2,0.0,6,3.0,176.0,,43.680446,-79.29585,2017-03-12 18:10:22.074683
16487392,108243648,Entire home/apt,,Waterfront Communities-The Island (77),22,5.0,6,2.0,149.0,,43.641615,-79.383331,2017-03-12 18:10:22.072460
15147617,8976677,Entire home/apt,,Niagara (82),1,0.0,3,0.0,172.0,,43.643304,-79.413693,2017-03-12 18:10:22.070263
13846577,23951875,Entire home/apt,,Waterfront Communities-The Island (77),9,5.0,2,1.0,152.0,,43.637267,-79.390544,2017-03-12 18:10:22.067928
7709095,5213287,Entire home/apt,,Trinity-Bellwoods (81),72,5.0,6,3.0,152.0,,43.649868,-79.413842,2017-03-12 18:10:22.064939
16515482,103030013,Entire home/apt,,Niagara (82),1,0.0,2,1.0,152.0,,43.6391,-79.401203,2017-03-12 18:10:22.060221
16992635,113814069,Entire home/apt,,Regent Park (72),3,4.5,6,3.0,152.0,,43.660493,-79.356196,2017-03-12 18:10:22.053417
9296355,1595527,Entire home/apt,,Dovercourt-Wallace Emerson-Junction (93),7,5.0,4,3.0,179.0,,43.667233,-79.424107,2017-03-12 18:10:22.050441
10858946,8830982,Entire home/apt,,Humewood-Cedarvale (106),5,5.0,4,2.0,152.0,,43.685003,-79.425941,2017-03-12 18:10:20.915805
14783581,92289472,Entire home/apt,,Agincourt South-Malvern West (128),0,0.0,2,1.0,152.0,,43.779542,-79.281691,2017-03-12 18:10:20.912752
16131374,33640920,Entire home/apt,,South Riverdale (70),0,0.0,4,2.0,152.0,,43.659726,-79.338424,2017-03-12 18:10:20.910316
3998798,17196067,Entire home/apt,,Waterfront Communities-The Island (77),12,5.0,3,1.0,160.0,,43.650471,-79.357965,2017-03-12 18:10:20.907399
6743356,31554886,Entire home/apt,,Waterfront Communities-The Island (77),64,5.0,6,2.0,152.0,,43.642508,-79.382239,2017-03-12 18:10:20.904531
16208058,105820707,Entire home/apt,,Bay Street Corridor (76),1,0.0,2,1.0,150.0,,43.660961,-79.384085,2017-03-12 18:10:20.902200
6692728,3364895,Entire home/apt,,Niagara (82),0,0.0,2,1.0,160.0,,43.644078,-79.408509,2017-03-12 18:10:20.898254
16143219,79702251,Entire home/apt,,Bridle Path-Sunnybrook-York Mills (41),0,0.0,5,2.0,172.0,,43.711961,-79.384452,2017-03-12 18:10:20.892487
14916561,32506635,Entire home/apt,,Dovercourt-Wallace Emerson-Junction (93),9,5.0,7,3.0,176.0,,43.665843,-79.438759,2017-03-12 18:10:20.890187
5120998,8141424,Entire home/apt,,Waterfront Communities-The Island (77),12,5.0,5,2.0,152.0,,43.640475,-79.398951,2017-03-12 18:10:20.880311
15768653,809517,Entire home/apt,,Annex (95),18,5.0,4,2.0,152.0,,43.670772,-79.394659,2017-03-12 18:10:20.874473
16845325,49288354,Entire home/apt,,Waterfront Communities-The Island (77),1,0.0,5,2.0,175.0,,43.643553,-79.382527,2017-03-12 18:10:19.595166
14103157,5893377,Entire home/apt,,Niagara (82),7,5.0,2,1.0,172.0,,43.638513,-79.417402,2017-03-12 18:10:19.590377
16734184,49904395,Entire home/apt,,Waterfront Communities-The Island (77),4,5.0,4,2.0,152.0,,43.637495,-79.398821,2017-03-12 18:10:19.587492
7146096,1689230,Entire home/apt,,Yonge-Eglinton (100),0,0.0,4,2.0,183.0,,43.706027,-79.406244,2017-03-12 18:10:19.578832
13830177,26058638,Entire home/apt,,Woodbine Corridor (64),6,5.0,6,3.0,152.0,,43.671204,-79.313894,2017-03-12 18:10:19.573593
5856536,6482313,Entire home/apt,,Waterfront Communities-The Island (77),82,5.0,2,1.0,152.0,,43.637648,-79.39715,2017-03-12 18:10:19.571140
13598185,782726,Entire home/apt,,High Park-Swansea (87),1,0.0,4,2.0,145.0,,43.648344,-79.451778,2017-03-12 18:10:19.567070
15390070,6932946,Entire home/apt,,Waterfront Communities-The Island (77),2,0.0,4,1.0,172.0,,43.64368,-79.401999,2017-03-12 18:10:19.564661
1278781,5591734,Entire home/apt,,Bay Street Corridor (76),17,5.0,4,2.0,168.0,,43.668182,-79.388656,2017-03-12 18:10:19.561723
14709145,9705113,Entire home/apt,,Greenwood-Coxwell (65),5,5.0,6,2.0,152.0,,43.681543,-79.324801,2017-03-12 18:10:19.559472
16913617,7002804,Entire home/apt,,Dovercourt-Wallace Emerson-Junction (93),0,0.0,4,2.0,152.0,,43.670235,-79.447787,2017-03-12 18:10:19.557331
14744374,81907633,Entire home/apt,,Kensington-Chinatown (78),14,4.5,8,3.0,184.0,,43.649689,-79.403966,2017-03-12 18:10:19.554373
13769153,16353118,Entire home/apt,,Kensington-Chinatown (78),0,0.0,5,3.0,161.0,,43.656018,-79.392179,2017-03-12 18:10:19.551838
9006724,20121255,Entire home/apt,,Niagara (82),2,0.0,5,2.0,168.0,,43.642652,-79.409945,2017-03-12 18:10:19.549084
14177913,20415346,Entire home/apt,,Palmerston-Little Italy (80),0,0.0,2,1.0,145.0,,43.661969,-79.413769,2017-03-12 18:10:19.545800
14773050,32416096,Entire home/apt,,Niagara (82),0,0.0,2,1.0,152.0,,43.636553,-79.405095,2017-03-12 18:10:18.472633
12847269,1684087,Entire home/apt,,Waterfront Communities-The Island (77),6,5.0,4,2.0,168.0,,43.641404,-79.401557,2017-03-12 18:10:18.469740
14544694,82533657,Entire home/apt,,Waterfront Communities-The Island (77),31,5.0,5,2.0,183.0,,43.643316,-79.380986,2017-03-12 18:10:18.459106
7809205,41110091,Entire home/apt,,Waterfront Communities-The Island (77),27,5.0,5,2.0,183.0,,43.649806,-79.391426,2017-03-12 18:10:18.454615
4343061,5999977,Entire home/apt,,Dovercourt-Wallace Emerson-Junction (93),12,5.0,7,4.0,183.0,,43.663071,-79.423473,2017-03-12 18:10:18.451670
15221737,3620657,Entire home/apt,,Waterfront Communities-The Island (77),10,5.0,3,1.0,230.0,,43.649746,-79.388184,2017-03-12 18:25:17.611793
9249866,8280084,Entire home/apt,,High Park-Swansea (87),41,4.5,8,4.0,248.0,,43.638994,-79.478761,2017-03-12 18:25:17.602359
17662069,120206471,Entire home/apt,,Bay Street Corridor (76),0,0.0,10,5.0,215.0,,43.64856,-79.38364,2017-03-12 18:25:16.380496
12449084,60078962,Entire home/apt,,Annex (95),2,0.0,4,2.0,230.0,,43.671317,-79.389428,2017-03-12 18:25:16.376404
17178286,115590987,Entire home/apt,,Bay Street Corridor (76),1,0.0,10,2.0,306.0,,43.661127,-79.386971,2017-03-12 18:25:16.367438
12980825,20906026,Entire home/apt,,Niagara (82),3,5.0,4,2.0,241.0,,43.643119,-79.407618,2017-03-12 18:25:16.365214
13854914,23426689,Entire home/apt,,South Riverdale (70),15,5.0,8,3.0,229.0,,43.661041,-79.336819,2017-03-12 18:25:16.362189
9758488,1816117,Entire home/apt,,Danforth (66),10,5.0,7,4.0,230.0,,43.681336,-79.343438,2017-03-12 18:25:16.358357
12154745,65267172,Entire home/apt,,Kensington-Chinatown (78),5,4.5,6,3.0,245.0,,43.650468,-79.393,2017-03-12 18:25:16.352618
5276789,16835585,Entire home/apt,,Lawrence Park North (105),0,0.0,6,3.0,230.0,,43.729873,-79.410482,2017-03-12 18:25:16.349165
14531234,8872593,Entire home/apt,,Waterfront Communities-The Island (77),0,0.0,3,1.0,230.0,,43.643058,-79.402039,2017-03-12 18:25:15.379325
16289692,8738820,Entire home/apt,,Danforth (66),0,0.0,8,4.0,275.0,,43.686141,-79.327198,2017-03-12 18:25:15.372768
6784057,30557238,Entire home/apt,,Waterfront Communities-The Island (77),1,0.0,4,2.0,230.0,,43.644876,-79.377119,2017-03-12 18:25:15.365850
7413364,18522949,Entire home/apt,,Waterfront Communities-The Island (77),1,0.0,4,2.0,245.0,,43.64924,-79.387481,2017-03-12 18:25:15.357880
17559896,9433198,Entire home/apt,,South Riverdale (70),0,0.0,7,4.0,306.0,,43.665125,-79.340608,2017-03-12 18:25:15.351973
5708624,9700971,Entire home/apt,,Waterfront Communities-The Island (77),24,4.5,8,3.0,267.0,,43.640219,-79.392416,2017-03-12 18:25:15.349471
5127047,25899956,Entire home/apt,,Danforth (66),2,0.0,9,4.0,286.0,,43.681536,-79.341555,2017-03-12 18:25:15.343894
14202351,43441102,Entire home/apt,,South Riverdale (70),1,0.0,2,1.0,268.0,,43.660965,-79.353287,2017-03-12 18:25:15.341043
7534828,3985338,Entire home/apt,,Waterfront Communities-The Island (77),17,4.5,6,3.0,305.0,,43.642449,-79.381263,2017-03-12 18:25:15.337525
13436990,8702985,Entire home/apt,,Trinity-Bellwoods (81),20,5.0,6,3.0,259.0,,43.653106,-79.41448,2017-03-12 18:25:13.773990
5789664,30038219,Entire home/apt,,Little Portugal (84),0,0.0,8,4.0,272.0,,43.646465,-79.42631,2017-03-12 18:25:13.767185
14406706,3208770,Entire home/apt,,Kensington-Chinatown (78),0,0.0,5,3.0,214.0,,43.649679,-79.399553,2017-03-12 18:25:13.762816
16518175,14947672,Entire home/apt,,Waterfront Communities-The Island (77),3,4.5,5,2.0,252.0,,43.64315,-79.401136,2017-03-12 18:25:13.758745
13674844,1684650,Entire home/apt,,Waterfront Communities-The Island (77),6,4.5,2,1.0,230.0,,43.641291,-79.39567,2017-03-12 18:25:13.755885
8145610,43004447,Entire home/apt,,Edenbridge-Humber Valley (9),0,0.0,3,2.0,278.0,,43.664761,-79.518144,2017-03-12 18:25:13.753321
556724,2737251,Entire home/apt,,High Park-Swansea (87),3,4.5,6,4.0,268.0,,43.648424,-79.454596,2017-03-12 18:25:13.749737
9009730,47047118,Entire home/apt,,Little Portugal (84),0,0.0,4,2.0,230.0,,43.643047,-79.429461,2017-03-12 18:25:13.746378
15482655,17264364,Entire home/apt,,Waterfront Communities-The Island (77),11,5.0,4,2.0,230.0,,43.645604,-79.393365,2017-03-12 18:25:13.741882
14886011,79727046,Entire home/apt,,Waterfront Communities-The Island (77),11,5.0,5,2.0,230.0,,43.643564,-79.381353,2017-03-12 18:25:13.737467
16986089,113719268,Entire home/apt,,East End-Danforth (62),0,0.0,5,5.0,306.0,,43.681627,-79.288544,2017-03-12 18:25:13.735070
9250048,23531532,Entire home/apt,,High Park North (88),0,0.0,6,3.0,226.0,,43.655004,-79.461046,2017-03-12 18:25:13.731107
3827391,19682513,Entire home/apt,,Humewood-Cedarvale (106),0,0.0,2,2.0,239.0,,43.684035,-79.419706,2017-03-12 18:25:11.241721
6092208,22822269,Entire home/apt,,Little Portugal (84),24,5.0,4,2.0,226.0,,43.648309,-79.434002,2017-03-12 18:25:11.236968
17222372,115967627,Entire home/apt,,Waterfront Communities-The Island (77),1,0.0,8,3.0,248.0,,43.642459,-79.381452,2017-03-12 18:25:11.234551
16290946,56890759,Entire home/apt,,Waterfront Communities-The Island (77),0,0.0,6,3.0,230.0,,43.639743,-79.381488,2017-03-12 18:25:11.231653
5704298,29572863,Entire home/apt,,Waterfront Communities-The Island (77),19,5.0,4,2.0,208.0,,43.640677,-79.383441,2017-03-12 18:25:11.227273
14227945,51469580,Entire home/apt,,Waterfront Communities-The Island (77),43,5.0,6,3.0,213.0,,43.642621,-79.380782,2017-03-12 18:25:11.223622
12950119,785826,Entire home/apt,,Waterfront Communities-The Island (77),16,5.0,8,3.0,286.0,,43.644598,-79.391044,2017-03-12 18:25:11.221535
13970729,11121273,Entire home/apt,,Leaside-Bennington (56),0,0.0,3,2.0,268.0,,43.700486,-79.364222,2017-03-12 18:25:11.217942
6360487,33136326,Entire home/apt,,Waterfront Communities-The Island (77),0,0.0,5,2.0,210.0,,43.637776,-79.385808,2017-03-12 18:25:11.212094
7886551,1864388,Entire home/apt,,High Park-Swansea (87),5,5.0,8,4.0,272.0,,43.640478,-79.449788,2017-03-12 18:25:11.209460
13961376,2260590,Entire home/apt,,South Riverdale (70),0,0.0,5,3.0,220.0,,43.660311,-79.339141,2017-03-12 18:25:11.207410
9295372,48060985,Entire home/apt,,Agincourt South-Malvern West (128),25,4.5,12,7.0,305.0,,43.796325,-79.275105,2017-03-12 18:25:11.204716
13880393,81833279,Entire home/apt,,Danforth East York (59),12,4.5,8,4.0,245.0,,43.695137,-79.316947,2017-03-12 18:25:11.202549
3507281,17659883,Entire home/apt,,South Riverdale (70),35,5.0,6,3.0,214.0,,43.667995,-79.341139,2017-03-12 18:25:11.199559
14196467,55357443,Entire home/apt,,Waterfront Communities-The Island (77),4,5.0,6,2.0,268.0,,43.641898,-79.380137,2017-03-12 18:25:09.426449
6362084,33146101,Entire home/apt,,Niagara (82),0,0.0,4,1.0,218.0,,43.637804,-79.419364,2017-03-12 18:25:09.423368
6779839,35422002,Entire home/apt,,St.Andrew-Windfields (40),0,0.0,4,3.0,306.0,,43.764118,-79.37221,2017-03-12 18:25:09.420451
5446342,27709496,Entire home/apt,,Niagara (82),38,5.0,6,3.0,229.0,,43.639977,-79.401964,2017-03-12 18:25:09.413773
17271344,4085292,Entire home/apt,,Annex (95),1,0.0,4,2.0,306.0,,43.671455,-79.387317,2017-03-12 18:25:09.411537
2979246,15195735,Entire home/apt,,North Riverdale (68),3,5.0,5,3.0,245.0,,43.671547,-79.352739,2017-03-12 18:25:09.408868
6698902,34940857,Entire home/apt,,Moss Park (73),17,5.0,4,1.0,221.0,,43.653211,-79.370329,2017-03-12 18:25:09.406085
13769135,13861509,Entire home/apt,,Waterfront Communities-The Island (77),11,5.0,4,2.0,214.0,,43.64769,-79.397999,2017-03-12 18:25:09.403698
6589581,34470624,Entire home/apt,,South Riverdale (70),0,0.0,3,2.0,230.0,,43.661549,-79.352145,2017-03-12 18:25:09.400774
13161731,1588402,Entire home/apt,,Greenwood-Coxwell (65),0,0.0,6,3.0,286.0,,43.681211,-79.327105,2017-03-12 18:25:09.398466
16993068,87587601,Entire home/apt,,Waterfront Communities-The Island (77),1,0.0,6,2.0,213.0,,43.646912,-79.393082,2017-03-12 18:25:09.396178
6868389,35992132,Entire home/apt,,Annex (95),60,5.0,7,4.0,268.0,,43.679707,-79.390819,2017-03-12 18:25:09.393203
2927308,14947672,Entire home/apt,,Waterfront Communities-The Island (77),56,5.0,6,3.0,289.0,,43.640731,-79.397389,2017-03-12 18:25:09.391122
4931181,10917952,Entire home/apt,,South Riverdale (70),0,0.0,4,3.0,229.0,,43.657638,-79.344008,2017-03-12 18:25:09.388366
6408997,17306143,Entire home/apt,,Oakwood Village (107),0,0.0,6,4.0,210.0,,43.690564,-79.434574,2017-03-12 18:25:09.382493
12042925,63548913,Entire home/apt,,Trinity-Bellwoods (81),24,4.5,12,4.0,229.0,,43.648395,-79.421279,2017-03-12 18:25:09.376715
12543160,377846,Entire home/apt,,South Riverdale (70),16,5.0,8,4.0,275.0,,43.664355,-79.333266,2017-03-12 18:25:09.373970
16112538,23705522,Entire home/apt,,Waterfront Communities-The Island (77),17,5.0,8,2.0,229.0,,43.638981,-79.397668,2017-03-12 18:25:07.821361
5846765,29037113,Entire home/apt,,Waterfront Communities-The Island (77),35,5.0,4,1.0,221.0,,43.647352,-79.373807,2017-03-12 18:25:07.819174
13507324,1684087,Entire home/apt,,Trinity-Bellwoods (81),3,5.0,4,2.0,210.0,,43.6449,-79.422791,2017-03-12 18:25:07.816281
16382943,15697944,Entire home/apt,,Lansing-Westgate (38),4,5.0,6,4.0,220.0,,43.759032,-79.421603,2017-03-12 18:25:07.813511
2150181,9317720,Entire home/apt,,Yonge-Eglinton (100),6,5.0,6,3.0,241.0,,43.705007,-79.400238,2017-03-12 18:25:07.807864
13615006,78823357,Entire home/apt,,University (79),5,5.0,8,4.0,260.0,,43.660686,-79.405427,2017-03-12 18:25:07.804807
16905106,33371538,Entire home/apt,,Palmerston-Little Italy (80),1,0.0,4,2.0,230.0,,43.659455,-79.411456,2017-03-12 18:25:07.802491
13392962,55376713,Entire home/apt,,Dovercourt-Wallace Emerson-Junction (93),2,0.0,8,4.0,258.0,,43.668026,-79.42436,2017-03-12 18:25:07.800143
17556547,95205754,Entire home/apt,,Newtonbrook East (50),0,0.0,6,3.0,220.0,,43.786838,-79.410642,2017-03-12 18:25:07.797863
13003717,43032368,Entire home/apt,,Waterfront Communities-The Island (77),44,5.0,8,2.0,238.0,,43.64182,-79.38175,2017-03-12 18:25:07.794987
13941633,31586714,Entire home/apt,,Niagara (82),3,5.0,6,2.0,268.0,,43.638035,-79.413384,2017-03-12 18:25:07.792698
5756051,1704172,Entire home/apt,,Cabbagetown-South St.James Town (71),43,5.0,10,4.0,305.0,,43.663551,-79.376674,2017-03-12 18:25:07.789778
10773872,2199822,Entire home/apt,,Moss Park (73),55,5.0,12,3.0,229.0,,43.653211,-79.371899,2017-03-12 18:25:07.787294
17051894,3744474,Entire home/apt,,High Park-Swansea (87),0,0.0,5,3.0,216.0,,43.642023,-79.450205,2017-03-12 18:25:07.784554
17625118,49288354,Entire home/apt,,Waterfront Communities-The Island (77),0,0.0,5,2.0,268.0,,43.64177,-79.382526,2017-03-12 18:25:07.781867
6104732,31675651,Entire home/apt,,Waterfront Communities-The Island (77),1,0.0,2,1.0,230.0,,43.650947,-79.356941,2017-03-12 18:25:07.778411
6013874,31217284,Entire home/apt,,Woodbine Corridor (64),0,0.0,5,3.0,230.0,,43.671423,-79.315454,2017-03-12 18:25:06.190067
14994417,63979569,Entire home/apt,,Waterfront Communities-The Island (77),9,5.0,6,2.0,229.0,,43.6447,-79.400699,2017-03-12 18:25:06.187792
4890830,20981431,Entire home/apt,,Palmerston-Little Italy (80),90,4.5,8,3.0,241.0,,43.660506,-79.428511,2017-03-12 18:25:06.184901
15720355,53962881,Entire home/apt,,The Beaches (63),0,0.0,2,1.0,230.0,,43.671481,-79.288732,2017-03-12 18:25:06.182448
13726590,17819919,Entire home/apt,,Cabbagetown-South St.James Town (71),2,0.0,4,2.0,218.0,,43.664975,-79.361768,2017-03-12 18:25:06.180170
14237070,66042407,Entire home/apt,,Waterfront Communities-The Island (77),1,0.0,2,1.0,251.0,,43.638704,-79.397673,2017-03-12 18:25:06.177983
13562072,16737493,Entire home/apt,,Lawrence Park North (105),0,0.0,6,3.0,230.0,,43.729373,-79.41593,2017-03-12 18:25:06.175352
6099507,27042301,Entire home/apt,,Annex (95),6,5.0,6,4.0,226.0,,43.670784,-79.417743,2017-03-12 18:25:06.172147
15982039,8480721,Entire home/apt,,Waterfront Communities-The Island (77),4,5.0,14,3.0,306.0,,43.640412,-79.397449,2017-03-12 18:25:06.167729
13188857,18839267,Entire home/apt,,Waterfront Communities-The Island (77),38,4.5,8,3.0,306.0,,43.640716,-79.394802,2017-03-12 18:25:06.162935
14104025,19521414,Entire home/apt,,Waterfront Communities-The Island (77),4,4.5,2,1.0,215.0,,43.645122,-79.401944,2017-03-12 18:25:06.160250
12833586,70051758,Entire home/apt,,Woodbine Corridor (64),6,4.5,6,4.0,275.0,,43.671803,-79.317383,2017-03-12 18:25:06.157957
14841732,30406315,Entire home/apt,,Trinity-Bellwoods (81),1,0.0,6,3.0,286.0,,43.648123,-79.4049,2017-03-12 18:25:06.155755
17140511,115233095,Entire home/apt,,Waterfront Communities-The Island (77),0,0.0,4,2.0,229.0,,43.643908,-79.389699,2017-03-12 18:25:06.153314
14577137,43099463,Entire home/apt,,Waterfront Communities-The Island (77),27,5.0,8,2.0,238.0,,43.641001,-79.382513,2017-03-12 18:25:06.150317
8330198,34986205,Entire home/apt,,Niagara (82),39,4.5,6,2.0,210.0,,43.638311,-79.413897,2017-03-12 18:25:06.147537
13083421,72249424,Entire home/apt,,Trinity-Bellwoods (81),42,5.0,10,3.0,251.0,,43.646681,-79.417682,2017-03-12 18:25:06.144852
9971458,22682642,Entire home/apt,,Dovercourt-Wallace Emerson-Junction (93),28,5.0,6,3.0,210.0,,43.66931,-79.439305,2017-03-12 18:25:06.141848
15806578,33237911,Entire home/apt,,Waterfront Communities-The Island (77),37,5.0,8,2.0,252.0,,43.644183,-79.402296,2017-03-12 18:25:04.669498
5955003,30912206,Entire home/apt,,Mimico (includes Humber Bay Shores) (17),0,0.0,2,1.0,210.0,,43.624999,-79.489163,2017-03-12 18:25:04.666807
17616368,6744954,Entire home/apt,,Mimico (includes Humber Bay Shores) (17),0,0.0,4,1.0,230.0,,43.625137,-79.48997,2017-03-12 18:25:04.663153
11929982,9405760,Entire home/apt,,Waterfront Communities-The Island (77),8,5.0,2,1.0,305.0,,43.642111,-79.380159,2017-03-12 18:25:04.660886
14319900,87587601,Entire home/apt,,Waterfront Communities-The Island (77),9,5.0,5,2.0,229.0,,43.644988,-79.393069,2017-03-12 18:25:04.658164
4680680,24205695,Entire home/apt,,Greenwood-Coxwell (65),16,5.0,6,3.0,229.0,,43.668533,-79.31776,2017-03-12 18:25:04.653792
13962224,8740000,Entire home/apt,,Niagara (82),17,4.5,2,1.0,149.0,,43.636473,-79.400155,2017-03-12 18:12:47.744087
6321600,12954195,Entire home/apt,,The Beaches (63),0,0.0,5,3.0,152.0,,43.6714,-79.306927,2017-03-12 18:12:46.217877
17096351,27919447,Entire home/apt,,Bay Street Corridor (76),0,0.0,4,1.0,152.0,,43.651056,-79.381872,2017-03-12 18:12:46.205695
13914009,30965917,Entire home/apt,,Church-Yonge Corridor (75),0,0.0,4,2.0,152.0,,43.65601,-79.378543,2017-03-12 18:12:44.844127
15125806,4124418,Entire home/apt,,Waterfront Communities-The Island (77),1,0.0,6,2.0,172.0,,43.641755,-79.383115,2017-03-12 18:12:44.839186
8721313,4525751,Entire home/apt,,Waterfront Communities-The Island (77),2,0.0,4,2.0,152.0,,43.64247,-79.382962,2017-03-12 18:12:44.836784
17097108,55357443,Entire home/apt,,Waterfront Communities-The Island (77),0,0.0,4,2.0,152.0,,43.642996,-79.382296,2017-03-12 18:12:44.830660
14334249,1798495,Entire home/apt,,Waterfront Communities-The Island (77),3,4.5,4,1.0,161.0,,43.642471,-79.381261,2017-03-12 18:12:44.824944
6972551,8455169,Entire home/apt,,Bay Street Corridor (76),22,5.0,2,1.0,161.0,,43.650358,-79.378532,2017-03-12 18:12:44.821969
7401735,17834182,Entire home/apt,,Waterfront Communities-The Island (77),29,4.5,7,2.0,175.0,,43.642807,-79.380835,2017-03-12 18:12:43.467761
15818187,99694121,Entire home/apt,,Waterfront Communities-The Island (77),2,0.0,8,2.0,152.0,,43.642746,-79.382896,2017-03-12 18:12:43.462567
8923497,55442,Entire home/apt,,Bay Street Corridor (76),0,0.0,4,1.0,151.0,,43.651484,-79.384039,2017-03-12 18:12:43.459466
14357640,47120562,Entire home/apt,,Waterfront Communities-The Island (77),4,4.0,3,2.0,172.0,,43.64175,-79.375256,2017-03-12 18:12:43.454493
16354190,1919294,Entire home/apt,,Bay Street Corridor (76),0,0.0,4,2.0,152.0,,43.65094,-79.383858,2017-03-12 18:12:43.452113
6461148,33742581,Entire home/apt,,Waterfront Communities-The Island (77),50,5.0,4,2.0,152.0,,43.642067,-79.376513,2017-03-12 18:12:43.442023
10246194,8455169,Entire home/apt,,Church-Yonge Corridor (75),5,5.0,2,1.0,161.0,,43.65007,-79.376824,2017-03-12 18:12:43.439364
9136123,9634507,Entire home/apt,,Waterfront Communities-The Island (77),2,0.0,6,2.0,152.0,,43.643449,-79.377614,2017-03-12 18:12:43.437296
13797157,18598207,Entire home/apt,,Church-Yonge Corridor (75),5,4.5,2,1.0,152.0,,43.649828,-79.373603,2017-03-12 18:12:42.328636
12107038,64920612,Entire home/apt,,Waterfront Communities-The Island (77),1,0.0,2,1.0,161.0,,43.646838,-79.375721,2017-03-12 18:12:42.326469
7127610,37331907,Entire home/apt,,Waterfront Communities-The Island (77),33,4.0,7,2.0,168.0,,43.641527,-79.381947,2017-03-12 18:12:42.323738
15126245,4124418,Entire home/apt,,Waterfront Communities-The Island (77),2,0.0,5,2.0,172.0,,43.639201,-79.381518,2017-03-12 18:12:42.318097
16846209,49288354,Entire home/apt,,Waterfront Communities-The Island (77),0,0.0,5,2.0,152.0,,43.642042,-79.382015,2017-03-12 18:12:42.315853
11223296,1919294,Entire home/apt,,Waterfront Communities-The Island (77),8,4.5,5,2.0,152.0,,43.642954,-79.382609,2017-03-12 18:12:42.298649
15754980,50396723,Entire home/apt,,Waterfront Communities-The Island (77),3,5.0,3,1.0,176.0,,43.642373,-79.381354,2017-03-12 18:12:39.499956
11625050,61571341,Entire home/apt,,Waterfront Communities-The Island (77),33,5.0,4,2.0,157.0,,43.639324,-79.38267,2017-03-12 18:12:38.037706
17175347,112608754,Entire home/apt,,Bay Street Corridor (76),1,0.0,9,4.0,168.0,,43.655624,-79.386723,2017-03-12 18:12:32.062766
12129212,65088919,Entire home/apt,,Kensington-Chinatown (78),9,4.5,4,1.0,152.0,,43.655297,-79.400241,2017-03-12 18:12:32.048510
955211,3526584,Entire home/apt,,Palmerston-Little Italy (80),3,5.0,9,4.0,179.0,,43.659264,-79.426544,2017-03-12 18:12:32.045051
137099,149566,Entire home/apt,,Palmerston-Little Italy (80),9,4.5,6,3.0,149.0,,43.65781,-79.420652,2017-03-12 18:12:32.041961
14049700,11018899,Entire home/apt,,Bay Street Corridor (76),2,0.0,3,2.0,152.0,,43.664684,-79.389569,2017-03-12 18:12:32.038847
1881845,6411777,Entire home/apt,,Dufferin Grove (83),8,5.0,6,3.0,145.0,,43.658345,-79.431754,2017-03-12 18:12:31.305945
6425928,1919294,Entire home/apt,,Church-Yonge Corridor (75),5,5.0,4,2.0,152.0,,43.659533,-79.381946,2017-03-12 18:12:31.303065
666158,3367744,Entire home/apt,,Bay Street Corridor (76),37,5.0,4,2.0,176.0,,43.655082,-79.38652,2017-03-12 18:12:31.295074
6055023,10304305,Entire home/apt,,Dovercourt-Wallace Emerson-Junction (93),0,0.0,10,5.0,152.0,,43.661624,-79.437547,2017-03-12 18:12:31.292721
14371841,195095,Entire home/apt,,Church-Yonge Corridor (75),0,0.0,2,1.0,152.0,,43.669039,-79.385403,2017-03-12 18:12:31.289836
2739110,14015414,Entire home/apt,,Bay Street Corridor (76),39,5.0,3,1.0,145.0,,43.658631,-79.385621,2017-03-12 18:12:31.271235
14412332,7566494,Entire home/apt,,Church-Yonge Corridor (75),21,4.5,4,1.0,152.0,,43.655009,-79.379647,2017-03-12 18:12:30.130147
16002901,312382,Entire home/apt,,Oakwood Village (107),0,0.0,4,4.0,145.0,,43.683808,-79.441195,2017-03-12 18:12:30.114982
3923844,3501030,Entire home/apt,,Rosedale-Moore Park (98),12,5.0,2,1.0,152.0,,43.671794,-79.383907,2017-03-12 18:12:30.112250
4187173,21723056,Entire home/apt,,Dovercourt-Wallace Emerson-Junction (93),0,0.0,3,2.0,152.0,,43.661353,-79.431314,2017-03-12 18:12:28.793125
12973453,3068304,Entire home/apt,,Corso Italia-Davenport (92),1,0.0,8,4.0,152.0,,43.67741,-79.439223,2017-03-12 18:12:28.790586
14074043,53363525,Entire home/apt,,Oakwood Village (107),6,5.0,4,2.0,152.0,,43.679738,-79.439957,2017-03-12 18:12:28.786303
11088452,8268571,Entire home/apt,,Yonge-St.Clair (97),9,4.5,4,1.0,152.0,,43.680553,-79.394871,2017-03-12 18:12:28.778312
14163840,59239040,Entire home/apt,,Yonge-St.Clair (97),0,0.0,3,1.0,152.0,,43.681277,-79.398336,2017-03-12 18:12:27.846736
5154083,25910866,Entire home/apt,,Annex (95),7,4.5,6,4.0,152.0,,43.668496,-79.412968,2017-03-12 18:12:27.842141
6166015,31988627,Entire home/apt,,Dovercourt-Wallace Emerson-Junction (93),2,0.0,5,3.0,168.0,,43.668741,-79.426124,2017-03-12 18:12:27.834236
8897982,25718103,Entire home/apt,,Rosedale-Moore Park (98),2,0.0,3,1.0,152.0,,43.671893,-79.387453,2017-03-12 18:12:27.826258
16155748,6655202,Entire home/apt,,Annex (95),2,0.0,6,3.0,152.0,,43.665378,-79.418658,2017-03-12 18:12:27.817933
4370824,22660942,Entire home/apt,,Palmerston-Little Italy (80),1,0.0,2,2.0,156.0,,43.658296,-79.428243,2017-03-12 18:12:27.016700
14578323,89258061,Entire home/apt,,Dovercourt-Wallace Emerson-Junction (93),13,4.5,9,4.0,161.0,,43.67164,-79.446552,2017-03-12 18:12:25.500388
7095816,37003888,Entire home/apt,,Wychwood (94),1,0.0,6,3.0,152.0,,43.673952,-79.426316,2017-03-12 18:12:24.117037
14949093,68249794,Entire home/apt,,Willowdale East (51),16,5.0,6,2.0,172.0,,43.759709,-79.409242,2017-03-12 18:10:18.448874
12222962,3013279,Entire home/apt,,Bay Street Corridor (76),4,5.0,2,1.0,152.0,,43.667534,-79.385685,2017-03-12 18:10:18.444370
14710059,19117749,Entire home/apt,,University (79),31,5.0,4,2.0,145.0,,43.663346,-79.410065,2017-03-12 18:10:18.441884
12626777,39250631,Entire home/apt,,Waterfront Communities-The Island (77),44,4.5,3,1.0,152.0,,43.642172,-79.382585,2017-03-12 18:10:18.431249
14573502,44739850,Entire home/apt,,Niagara (82),6,5.0,3,1.0,152.0,,43.637742,-79.418973,2017-03-12 18:10:18.428200
6765831,35420372,Entire home/apt,,Waterfront Communities-The Island (77),79,5.0,5,2.0,168.0,,43.646015,-79.393319,2017-03-12 18:10:17.266953
17388045,49904395,Entire home/apt,,Kensington-Chinatown (78),0,0.0,4,2.0,172.0,,43.650641,-79.387835,2017-03-12 18:10:17.262968
9309637,35256388,Entire home/apt,,Waterfront Communities-The Island (77),48,5.0,4,2.0,183.0,,43.64393,-79.37973,2017-03-12 18:10:17.260554
7395032,20984359,Entire home/apt,,Waterfront Communities-The Island (77),21,5.0,6,3.0,175.0,,43.641954,-79.401176,2017-03-12 18:10:17.258076
4227336,1372066,Entire home/apt,,Bay Street Corridor (76),20,5.0,4,2.0,152.0,,43.661321,-79.386458,2017-03-12 18:10:17.255609
12804961,13360404,Entire home/apt,,Dovercourt-Wallace Emerson-Junction (93),1,0.0,5,3.0,170.0,,43.662704,-79.427831,2017-03-12 18:10:17.253054
13844647,16444533,Entire home/apt,,Corso Italia-Davenport (92),0,0.0,4,2.0,172.0,,43.678459,-79.447796,2017-03-12 18:10:17.249719
14680144,91263271,Entire home/apt,,Waterfront Communities-The Island (77),10,4.5,2,1.0,152.0,,43.6441,-79.391936,2017-03-12 18:10:17.246997
13094031,27971846,Entire home/apt,,Church-Yonge Corridor (75),24,4.5,4,2.0,168.0,,43.657154,-79.375633,2017-03-12 18:10:17.243932
13922412,4547630,Entire home/apt,,Annex (95),4,5.0,3,1.0,151.0,,43.666867,-79.41761,2017-03-12 18:10:17.239081
13712694,70636575,Entire home/apt,,Trinity-Bellwoods (81),3,4.5,4,3.0,161.0,,43.650304,-79.424474,2017-03-12 18:10:17.234051
5134176,10784446,Entire home/apt,,Casa Loma (96),0,0.0,4,3.0,172.0,,43.675722,-79.412163,2017-03-12 18:10:17.229515
14825310,19622262,Entire home/apt,,Bay Street Corridor (76),1,0.0,2,1.0,152.0,,43.66695,-79.387419,2017-03-12 18:10:17.224860
6462925,33740846,Entire home/apt,,Greenwood-Coxwell (65),68,4.5,10,4.0,145.0,,43.665131,-79.324116,2017-03-12 18:10:15.512012
14727398,6397629,Entire home/apt,,Casa Loma (96),19,5.0,9,3.0,149.0,,43.682034,-79.404892,2017-03-12 18:10:15.507328
5346806,27709496,Entire home/apt,,Niagara (82),42,5.0,4,2.0,151.0,,43.639637,-79.401166,2017-03-12 18:10:15.505078
6198704,4426242,Entire home/apt,,Waterfront Communities-The Island (77),54,4.5,5,2.0,161.0,,43.646936,-79.393609,2017-03-12 18:10:15.502564
1792909,1794420,Entire home/apt,,Waterfront Communities-The Island (77),34,5.0,4,2.0,161.0,,43.644072,-79.392481,2017-03-12 18:10:15.494948
16477232,49288354,Entire home/apt,,Waterfront Communities-The Island (77),3,4.0,3,1.0,152.0,,43.64312,-79.388432,2017-03-12 18:10:15.489181
11934927,1704172,Entire home/apt,,Moss Park (73),20,5.0,5,2.0,152.0,,43.657353,-79.372001,2017-03-12 18:10:15.486344
13940183,3004501,Entire home/apt,,Junction Area (90),1,0.0,4,3.0,145.0,,43.665434,-79.471756,2017-03-12 18:10:15.483940
16758664,7399213,Entire home/apt,,Bay Street Corridor (76),1,0.0,4,2.0,168.0,,43.649356,-79.381975,2017-03-12 18:10:15.481652
5030730,19126882,Entire home/apt,,Church-Yonge Corridor (75),130,5.0,8,3.0,152.0,,43.660913,-79.379706,2017-03-12 18:10:15.477161
6812322,31718569,Entire home/apt,,Waterfront Communities-The Island (77),86,5.0,5,2.0,149.0,,43.641442,-79.397599,2017-03-12 18:10:15.470910
13849465,49904395,Entire home/apt,,Waterfront Communities-The Island (77),31,5.0,4,2.0,176.0,,43.647146,-79.375583,2017-03-12 18:10:15.468648
6385830,3718914,Entire home/apt,,Yonge-St.Clair (97),23,5.0,4,1.0,149.0,,43.685723,-79.400009,2017-03-12 18:10:15.465926
12497807,67041866,Entire home/apt,,Waterfront Communities-The Island (77),45,5.0,4,1.0,152.0,,43.648987,-79.38798,2017-03-12 18:10:14.133310
16613912,12866806,Entire home/apt,,North Riverdale (68),0,0.0,3,2.0,152.0,,43.673665,-79.353771,2017-03-12 18:10:14.130776
15537202,31261277,Entire home/apt,,Annex (95),11,4.5,8,3.0,168.0,,43.672493,-79.407289,2017-03-12 18:10:14.126852
8918246,1148618,Entire home/apt,,Waterfront Communities-The Island (77),16,5.0,2,1.0,168.0,,43.640659,-79.382725,2017-03-12 18:10:14.123996
9477844,5583826,Entire home/apt,,Oakwood Village (107),36,5.0,6,3.0,149.0,,43.680921,-79.441812,2017-03-12 18:10:14.120520
16036130,1767813,Entire home/apt,,University (79),2,0.0,3,1.0,149.0,,43.657975,-79.406704,2017-03-12 18:10:14.117295
16352719,93741522,Entire home/apt,,Old East York (58),3,5.0,4,2.0,146.0,,43.69142,-79.342729,2017-03-12 18:10:14.112669
16081938,99211545,Entire home/apt,,Yonge-Eglinton (100),3,5.0,6,3.0,152.0,,43.704002,-79.40601,2017-03-12 18:10:14.110407
13672964,24858454,Entire home/apt,,Playter Estates-Danforth (67),19,5.0,8,3.0,149.0,,43.680829,-79.347405,2017-03-12 18:10:14.107950
436403,31397994,Entire home/apt,,Moss Park (73),109,4.5,5,3.0,149.0,,43.661698,-79.374962,2017-03-12 18:10:14.104785
14913177,18839267,Entire home/apt,,Waterfront Communities-The Island (77),25,5.0,5,2.0,152.0,,43.638395,-79.397615,2017-03-12 18:10:14.102151
13294458,71150733,Entire home/apt,,Niagara (82),44,4.5,5,2.0,152.0,,43.637958,-79.404484,2017-03-12 18:10:14.099598
13280326,35484607,Entire home/apt,,Church-Yonge Corridor (75),49,5.0,4,2.0,152.0,,43.658093,-79.378131,2017-03-12 18:10:14.096938
13251401,66808601,Entire home/apt,,Moss Park (73),13,5.0,4,2.0,152.0,,43.657936,-79.37407,2017-03-12 18:10:14.094042
1300386,5254568,Entire home/apt,,Waterfront Communities-The Island (77),154,5.0,4,2.0,152.0,,43.644705,-79.375986,2017-03-12 18:10:14.090830
10299546,33842639,Entire home/apt,,Bay Street Corridor (76),51,4.5,6,2.0,168.0,,43.662915,-79.3879,2017-03-12 18:10:11.777884
16548328,55175789,Entire home/apt,,Kensington-Chinatown (78),9,5.0,4,2.0,172.0,,43.656778,-79.402219,2017-03-12 18:10:11.775792
17213091,68068283,Entire home/apt,,Roncesvalles (86),1,0.0,9,4.0,172.0,,43.641794,-79.439654,2017-03-12 18:10:11.773485
15769848,321906,Entire home/apt,,Waterfront Communities-The Island (77),30,5.0,4,2.0,152.0,,43.643613,-79.389948,2017-03-12 18:10:11.770594
9952947,12795294,Entire home/apt,,Waterfront Communities-The Island (77),128,5.0,6,2.0,152.0,,43.642198,-79.38045,2017-03-12 18:10:11.767491
14452870,71399091,Entire home/apt,,Waterfront Communities-The Island (77),32,4.5,7,3.0,168.0,,43.641304,-79.382585,2017-03-12 18:10:11.764274
7750255,30381123,Entire home/apt,,Waterfront Communities-The Island (77),34,5.0,2,1.0,152.0,,43.643162,-79.401345,2017-03-12 18:10:11.760644
17286147,1251512,Entire home/apt,,Dufferin Grove (83),0,0.0,6,3.0,172.0,,43.65696,-79.438512,2017-03-12 18:10:11.755025
7129934,20376706,Entire home/apt,,South Riverdale (70),96,5.0,6,3.0,168.0,,43.661067,-79.331925,2017-03-12 18:10:11.746605
6116194,31732464,Entire home/apt,,High Park North (88),0,0.0,2,1.0,168.0,,43.657884,-79.456383,2017-03-12 18:10:11.743606
6741079,33940466,Entire home/apt,,Waterfront Communities-The Island (77),34,5.0,6,2.0,152.0,,43.639453,-79.396472,2017-03-12 18:10:11.740604
12950947,71151644,Entire home/apt,,Niagara (82),7,4.5,4,1.0,152.0,,43.639868,-79.41342,2017-03-12 18:10:11.738352
16569364,56362948,Entire home/apt,,Niagara (82),6,4.5,4,2.0,145.0,,43.638145,-79.411619,2017-03-12 18:10:11.735770
12264481,7446032,Entire home/apt,,Waterfront Communities-The Island (77),82,5.0,6,2.0,161.0,,43.643562,-79.390205,2017-03-12 18:10:11.733214
15058069,95192720,Entire home/apt,,Waterfront Communities-The Island (77),43,4.5,5,1.0,152.0,,43.640597,-79.386524,2017-03-12 18:10:11.730669
16897434,2932162,Entire home/apt,,Cabbagetown-South St.James Town (71),1,0.0,6,3.0,145.0,,43.666908,-79.364847,2017-03-12 18:10:11.726383
17513877,118730643,Entire home/apt,,Waterfront Communities-The Island (77),0,0.0,6,2.0,174.0,,43.645374,-79.379574,2017-03-12 18:10:09.955835
15743072,50396723,Entire home/apt,,Waterfront Communities-The Island (77),10,5.0,2,1.0,168.0,,43.642685,-79.382824,2017-03-12 18:10:09.952937
15758980,20371032,Entire home/apt,,Waterfront Communities-The Island (77),13,5.0,8,3.0,150.0,,43.647807,-79.365044,2017-03-12 18:10:09.950536
17653633,39250631,Entire home/apt,,Waterfront Communities-The Island (77),0,0.0,3,1.0,153.0,,43.641634,-79.382343,2017-03-12 18:10:09.948469
16354484,38970146,Entire home/apt,,Waterfront Communities-The Island (77),0,0.0,3,1.0,155.0,,43.643524,-79.380295,2017-03-12 18:10:09.946091
4365918,191654,Entire home/apt,,Moss Park (73),18,5.0,6,3.0,172.0,,43.657865,-79.371929,2017-03-12 18:10:09.943474
17638337,109784388,Entire home/apt,,Little Portugal (84),0,0.0,10,3.0,160.0,,43.650086,-79.433759,2017-03-12 18:10:09.941119
14690107,91344624,Entire home/apt,,Waterfront Communities-The Island (77),0,0.0,3,1.0,152.0,,43.644566,-79.391277,2017-03-12 18:10:09.938260
14489157,19461277,Entire home/apt,,Church-Yonge Corridor (75),87,4.5,8,1.0,152.0,,43.65421,-79.375238,2017-03-12 18:10:09.935971
17656186,120152244,Entire home/apt,,Waterfront Communities-The Island (77),0,0.0,3,0.0,152.0,,43.646194,-79.390417,2017-03-12 18:10:09.929051
14556306,44793357,Entire home/apt,,Little Portugal (84),3,5.0,2,1.0,175.0,,43.642592,-79.423752,2017-03-12 18:10:09.925173
7027641,35256388,Entire home/apt,,Waterfront Communities-The Island (77),66,5.0,4,2.0,152.0,,43.64548,-79.37939,2017-03-12 18:10:09.922100
17464036,34460869,Entire home/apt,,Waterfront Communities-The Island (77),0,0.0,2,2.0,152.0,,43.638942,-79.390057,2017-03-12 18:10:09.919745
3220114,16306789,Entire home/apt,,Waterfront Communities-The Island (77),124,5.0,2,1.0,149.0,,43.648203,-79.371521,2017-03-12 18:10:09.916879
8251326,43513242,Entire home/apt,,Waterfront Communities-The Island (77),26,5.0,2,1.0,168.0,,43.641682,-79.376074,2017-03-12 18:10:09.914336
9611288,49726182,Entire home/apt,,Waterfront Communities-The Island (77),27,4.5,4,2.0,168.0,,43.641224,-79.392731,2017-03-12 18:10:09.911723
4739299,12795294,Entire home/apt,,Waterfront Communities-The Island (77),186,4.5,6,2.0,152.0,,43.640878,-79.384398,2017-03-12 18:10:09.909048
16709255,28066937,Entire home/apt,,Bay Street Corridor (76),27,5.0,6,2.0,152.0,,43.649802,-79.382631,2017-03-12 18:10:09.904655
12762522,67544532,Entire home/apt,,Alderwood (20),1,0.0,4,2.0,130.0,,43.600249,-79.548996,2017-03-12 18:10:06.950271
4994261,2228298,Entire home/apt,,New Toronto (18),0,0.0,6,2.0,136.0,,43.597885,-79.500661,2017-03-12 18:10:06.054675
9464086,38956955,Entire home/apt,,Kensington-Chinatown (78),1,0.0,5,2.0,134.0,,43.653874,-79.391682,2017-03-12 18:08:29.426179
8990859,14342762,Entire home/apt,,Niagara (82),3,5.0,2,1.0,139.0,,43.639889,-79.413573,2017-03-12 18:06:41.383547
16674805,16966618,Entire home/apt,,Mimico (includes Humber Bay Shores) (17),0,0.0,4,2.0,138.0,,43.608427,-79.494529,2017-03-12 18:06:30.595434
693773,19986,Entire home/apt,,Roncesvalles (86),2,0.0,3,1.0,134.0,,43.64105,-79.435155,2017-03-12 18:06:15.038340
4215778,21878865,Entire home/apt,,Stonegate-Queensway (16),3,4.5,4,2.0,134.0,,43.634323,-79.485753,2017-03-12 18:06:13.767736
17342046,6688666,Entire home/apt,,Islington-City Centre West (14),0,0.0,4,1.0,134.0,,43.623686,-79.517174,2017-03-12 18:06:13.753952
1859942,8280084,Entire home/apt,,High Park-Swansea (87),33,5.0,6,2.0,126.0,,43.638955,-79.476809,2017-03-12 18:06:12.542607
14917343,1792724,Entire home/apt,,Dovercourt-Wallace Emerson-Junction (93),1,0.0,4,2.0,133.0,,43.662521,-79.454176,2017-03-12 18:06:11.148046
9694254,1507966,Entire home/apt,,Runnymede-Bloor West Village (89),0,0.0,3,3.0,127.0,,43.662973,-79.49164,2017-03-12 18:06:08.074919
5642672,25612374,Entire home/apt,,Runnymede-Bloor West Village (89),17,5.0,7,3.0,129.0,,43.665617,-79.486473,2017-03-12 18:06:08.049798
3348401,16898206,Entire home/apt,,Roncesvalles (86),1,0.0,4,3.0,134.0,,43.646924,-79.44387,2017-03-12 18:05:42.633184
207206,1019538,Entire home/apt,,Little Portugal (84),17,4.5,4,2.0,129.0,,43.645886,-79.434637,2017-03-12 18:05:42.629170
3847672,296574,Entire home/apt,,Waterfront Communities-The Island (77),10,5.0,3,2.0,138.0,,43.640652,-79.394625,2017-03-12 18:05:31.974382
8088964,12535667,Entire home/apt,,Waterfront Communities-The Island (77),0,0.0,4,1.0,141.0,,43.639026,-79.386181,2017-03-12 18:03:50.471388
2171366,11076856,Entire home/apt,,Dovercourt-Wallace Emerson-Junction (93),1,0.0,4,2.0,136.0,,43.667722,-79.428084,2017-03-12 18:03:36.360626
12869281,7135549,Entire home/apt,,Annex (95),0,0.0,4,1.0,141.0,,43.669923,-79.389858,2017-03-12 18:03:29.128811
14318223,1664863,Entire home/apt,,Annex (95),4,5.0,3,1.0,129.0,,43.670822,-79.387143,2017-03-12 18:03:28.072573
13529918,41512567,Entire home/apt,,Mimico (includes Humber Bay Shores) (17),8,4.5,4,0.0,134.0,,43.623722,-79.48327,2017-03-12 18:02:23.177517
13979414,83391859,Entire home/apt,,Mimico (includes Humber Bay Shores) (17),0,0.0,2,1.0,130.0,,43.625463,-79.48961,2017-03-12 18:02:14.963950
7246693,37940834,Entire home/apt,,Islington-City Centre West (14),7,5.0,3,2.0,130.0,,43.608298,-79.55767,2017-03-12 18:02:09.639619
9229023,7135549,Entire home/apt,,Waterfront Communities-The Island (77),2,0.0,6,2.0,141.0,,43.644454,-79.392686,2017-03-12 18:01:57.489094
13730853,30974496,Entire home/apt,,Dovercourt-Wallace Emerson-Junction (93),18,4.5,4,2.0,134.0,,43.661946,-79.434355,2017-03-12 18:01:37.947868
5834256,30284623,Entire home/apt,,Little Portugal (84),0,0.0,6,3.0,137.0,,43.648465,-79.436863,2017-03-12 18:01:36.735992
959676,5214021,Entire home/apt,,Church-Yonge Corridor (75),29,5.0,3,1.0,141.0,,43.664446,-79.37991,2017-03-12 18:01:24.247625
14823034,92676436,Entire home/apt,,Niagara (82),0,0.0,2,0.0,134.0,,43.645195,-79.408607,2017-03-12 18:01:22.915385
3167354,91047,Entire home/apt,,Waterfront Communities-The Island (77),11,5.0,2,1.0,134.0,,43.647377,-79.397817,2017-03-12 18:01:21.421119
4359007,16785625,Entire home/apt,,Palmerston-Little Italy (80),0,0.0,4,2.0,134.0,,43.655537,-79.421322,2017-03-12 18:01:00.616828
4067472,20306602,Entire home/apt,,Yonge-St.Clair (97),1,0.0,2,1.0,144.0,,43.687639,-79.394912,2017-03-12 18:00:55.565512
4978293,25652610,Entire home/apt,,Little Portugal (84),2,0.0,3,1.0,138.0,,43.645977,-79.425392,2017-03-12 17:58:36.474657
526705,1698603,Entire home/apt,,Roncesvalles (86),26,5.0,4,1.0,137.0,,43.642789,-79.433472,2017-03-12 17:58:36.469285
16425766,107681975,Entire home/apt,,Niagara (82),0,0.0,3,2.0,141.0,,43.640192,-79.419986,2017-03-12 17:58:35.230723
13865316,29221167,Entire home/apt,,Waterfront Communities-The Island (77),7,4.5,4,1.0,126.0,,43.644207,-79.400503,2017-03-12 17:58:27.787351
6467081,4393832,Entire home/apt,,Waterfront Communities-The Island (77),5,5.0,3,1.0,126.0,,43.642144,-79.39363,2017-03-12 17:58:26.613464
3341643,12813271,Entire home/apt,,Niagara (82),7,5.0,4,2.0,144.0,,43.643351,-79.406246,2017-03-12 17:58:13.338997
16690604,110518179,Entire home/apt,,Niagara (82),0,0.0,4,2.0,138.0,,43.640658,-79.411755,2017-03-12 17:58:13.336716
1326015,2499198,Entire home/apt,,Dovercourt-Wallace Emerson-Junction (93),21,5.0,6,3.0,143.0,,43.662569,-79.452441,2017-03-12 17:58:13.329129
8170258,549846,Entire home/apt,,South Parkdale (85),0,0.0,4,2.0,134.0,,43.639261,-79.43471,2017-03-12 17:58:13.324169
1006969,429211,Entire home/apt,,Niagara (82),2,0.0,3,1.0,126.0,,43.640797,-79.414484,2017-03-12 17:58:11.959771
7001744,477761,Entire home/apt,,South Parkdale (85),1,0.0,2,1.0,138.0,,43.638838,-79.43142,2017-03-12 17:58:10.114304
12757033,3063252,Entire home/apt,,Little Portugal (84),0,0.0,5,3.0,126.0,,43.647128,-79.435443,2017-03-12 17:58:08.906125
12628682,8760371,Entire home/apt,,Little Portugal (84),8,5.0,4,3.0,134.0,,43.648894,-79.43791,2017-03-12 17:58:08.896054
6710966,2062404,Entire home/apt,,Roncesvalles (86),6,5.0,4,2.0,130.0,,43.645886,-79.43629,2017-03-12 17:58:08.889891
16016063,7566494,Entire home/apt,,South Parkdale (85),9,4.5,4,2.0,144.0,,43.640797,-79.425008,2017-03-12 17:58:07.138515
6502594,32759390,Entire home/apt,,Little Portugal (84),11,5.0,4,3.0,138.0,,43.646785,-79.426644,2017-03-12 17:58:05.837545
1891675,1919294,Entire home/apt,,Niagara (82),1,0.0,3,1.0,129.0,,43.638772,-79.41715,2017-03-12 17:58:01.065229
1661729,1919294,Entire home/apt,,Niagara (82),6,4.5,3,1.0,129.0,,43.638746,-79.414113,2017-03-12 17:58:01.049600
3802485,146130,Entire home/apt,,Niagara (82),10,4.5,4,1.0,137.0,,43.644985,-79.414724,2017-03-12 17:58:01.044954
3614496,5374198,Entire home/apt,,Waterfront Communities-The Island (77),73,5.0,5,2.0,144.0,,43.637071,-79.396701,2017-03-12 17:57:59.811436
1278395,1919294,Entire home/apt,,Waterfront Communities-The Island (77),4,4.5,3,1.0,137.0,,43.638087,-79.398331,2017-03-12 17:57:59.805671
8443688,7135549,Entire home/apt,,Waterfront Communities-The Island (77),3,3.5,6,2.0,126.0,,43.642994,-79.39133,2017-03-12 17:57:59.795463
15789636,102140187,Entire home/apt,,Niagara (82),8,5.0,4,1.0,138.0,,43.642474,-79.415248,2017-03-12 17:57:57.183044
7603270,113345,Entire home/apt,,Waterfront Communities-The Island (77),2,0.0,6,1.0,144.0,,43.638409,-79.388134,2017-03-12 17:57:40.527588
5593708,7135549,Entire home/apt,,Waterfront Communities-The Island (77),6,4.0,4,1.0,126.0,,43.645168,-79.389854,2017-03-12 17:57:40.523976
5960374,7135549,Entire home/apt,,Waterfront Communities-The Island (77),1,0.0,4,1.0,126.0,,43.644612,-79.389743,2017-03-12 17:57:40.521205
9045856,7135549,Entire home/apt,,Waterfront Communities-The Island (77),1,0.0,4,1.0,137.0,,43.644241,-79.388416,2017-03-12 17:57:40.516385
14807807,51461810,Entire home/apt,,Kensington-Chinatown (78),5,4.5,4,2.0,130.0,,43.654436,-79.401444,2017-03-12 17:57:26.594770
9046915,1919294,Entire home/apt,,Bay Street Corridor (76),0,0.0,2,1.0,129.0,,43.652972,-79.387472,2017-03-12 17:57:22.529188
16251382,106261347,Entire home/apt,,North Riverdale (68),4,5.0,6,3.0,126.0,,43.668855,-79.349216,2017-03-12 17:54:22.371528
2181695,10468498,Entire home/apt,,Waterfront Communities-The Island (77),25,4.5,4,1.0,129.0,,43.644907,-79.388302,2017-03-12 17:54:22.366113
13193454,37514178,Entire home/apt,,Bay Street Corridor (76),2,0.0,3,1.0,142.0,,43.650399,-79.38701,2017-03-12 17:54:22.363813
8608649,1919294,Entire home/apt,,Waterfront Communities-The Island (77),6,4.5,2,1.0,129.0,,43.638482,-79.398934,2017-03-12 17:54:22.352956
8722057,45777883,Entire home/apt,,Waterfront Communities-The Island (77),0,0.0,4,2.0,137.0,,43.642163,-79.383142,2017-03-12 17:54:22.345263
746318,1919294,Entire home/apt,,Waterfront Communities-The Island (77),5,5.0,2,1.0,129.0,,43.643736,-79.379532,2017-03-12 17:54:20.984454
14330532,87708239,Entire home/apt,,Blake-Jones (69),11,5.0,7,2.0,129.0,,43.678587,-79.341865,2017-03-12 17:54:20.982199
13861926,77924106,Entire home/apt,,Bay Street Corridor (76),3,4.0,5,2.0,138.0,,43.665553,-79.38781,2017-03-12 17:54:20.971704
14981204,24165754,Entire home/apt,,Waterfront Communities-The Island (77),2,0.0,3,1.0,138.0,,43.648144,-79.388218,2017-03-12 17:54:20.955881
15508026,26249441,Entire home/apt,,Waterfront Communities-The Island (77),1,0.0,4,2.0,141.0,,43.643013,-79.389851,2017-03-12 17:54:20.077062
13046399,534666,Entire home/apt,,Waterfront Communities-The Island (77),35,5.0,4,2.0,134.0,,43.642921,-79.382404,2017-03-12 17:54:20.075003
14262741,73051427,Entire home/apt,,Waterfront Communities-The Island (77),11,5.0,2,1.0,138.0,,43.644105,-79.402188,2017-03-12 17:54:20.072627
14761021,72682883,Entire home/apt,,Waterfront Communities-The Island (77),3,5.0,2,1.0,130.0,,43.642649,-79.383223,2017-03-12 17:54:20.067140
17264572,5775704,Entire home/apt,,Waterfront Communities-The Island (77),3,4.5,4,2.0,138.0,,43.647366,-79.395929,2017-03-12 17:54:20.060438
17023197,105269100,Entire home/apt,,Waterfront Communities-The Island (77),6,5.0,10,2.0,144.0,,43.646619,-79.403451,2017-03-12 17:54:20.056391
14747053,9710008,Entire home/apt,,Playter Estates-Danforth (67),2,0.0,6,2.0,130.0,,43.680514,-79.346347,2017-03-12 17:54:10.366446
16203686,21245388,Entire home/apt,,Waterfront Communities-The Island (77),0,0.0,2,1.0,134.0,,43.64507,-79.394946,2017-03-12 17:54:10.364315
16367026,93358127,Entire home/apt,,Kennedy Park (124),0,0.0,12,6.0,138.0,,43.725666,-79.264021,2017-03-12 17:54:10.357213
11590591,61302723,Entire home/apt,,Waterfront Communities-The Island (77),30,5.0,5,2.0,126.0,,43.642823,-79.382951,2017-03-12 17:54:10.353103
5298352,1919294,Entire home/apt,,Waterfront Communities-The Island (77),1,0.0,2,1.0,129.0,,43.648145,-79.391765,2017-03-12 17:54:10.340690
9370341,44450561,Entire home/apt,,The Beaches (63),0,0.0,3,2.0,134.0,,43.675243,-79.298856,2017-03-12 17:54:10.336243
12307903,66366678,Entire home/apt,,Rosedale-Moore Park (98),19,4.5,6,3.0,126.0,,43.672931,-79.377284,2017-03-12 17:54:10.332261
16933046,1919294,Entire home/apt,,Bay Street Corridor (76),0,0.0,3,2.0,138.0,,43.649514,-79.384191,2017-03-12 17:54:10.327806
16042319,55357443,Entire home/apt,,Waterfront Communities-The Island (77),6,5.0,3,1.0,130.0,,43.644609,-79.390485,2017-03-12 17:54:09.404246
14841139,60078962,Entire home/apt,,Annex (95),5,5.0,2,1.0,139.0,,43.67024,-79.391281,2017-03-12 17:54:09.399432
4070051,963354,Entire home/apt,,Waterfront Communities-The Island (77),162,4.5,4,2.0,134.0,,43.64201,-79.393745,2017-03-12 17:54:09.390467
6154475,11050437,Entire home/apt,,Moss Park (73),16,5.0,4,1.0,141.0,,43.651603,-79.36373,2017-03-12 17:54:09.387461
16949075,113328677,Entire home/apt,,Church-Yonge Corridor (75),2,0.0,5,2.0,138.0,,43.660475,-79.382173,2017-03-12 17:54:09.379997
7873957,6844586,Entire home/apt,,Woodbine Corridor (64),4,5.0,5,2.0,134.0,,43.674517,-79.31285,2017-03-12 17:54:06.641553
6900673,1288169,Entire home/apt,,East End-Danforth (62),7,5.0,6,4.0,138.0,,43.682371,-79.305943,2017-03-12 17:54:06.635612
8623634,164481,Entire home/apt,,The Beaches (63),2,0.0,5,2.0,134.0,,43.672063,-79.28713,2017-03-12 17:54:06.632771
3269244,735228,Entire home/apt,,South Riverdale (70),25,4.5,4,2.0,134.0,,43.660193,-79.346396,2017-03-12 17:54:06.613522
9009547,15943051,Entire home/apt,,Bay Street Corridor (76),67,5.0,5,2.0,130.0,,43.660558,-79.385512,2017-03-12 17:54:06.606720
17238388,69267810,Entire home/apt,,Annex (95),1,0.0,3,1.0,126.0,,43.669286,-79.394207,2017-03-12 17:54:04.085068
13988682,83493587,Entire home/apt,,Moss Park (73),32,5.0,8,3.0,138.0,,43.65867,-79.369213,2017-03-12 17:54:04.058325
6822995,35735340,Entire home/apt,,Kensington-Chinatown (78),0,0.0,2,1.0,138.0,,43.652525,-79.390855,2017-03-12 17:54:04.051260
14471471,67092703,Entire home/apt,,Waterfront Communities-The Island (77),24,5.0,3,1.0,126.0,,43.643851,-79.39043,2017-03-12 17:54:04.048747
13438101,963354,Entire home/apt,,Waterfront Communities-The Island (77),36,4.5,5,2.0,129.0,,43.641011,-79.382683,2017-03-12 17:54:03.151420
6644229,27746870,Entire home/apt,,Bay Street Corridor (76),8,4.5,4,2.0,129.0,,43.668594,-79.389493,2017-03-12 17:54:03.141244
15280837,23806510,Entire home/apt,,Cabbagetown-South St.James Town (71),2,0.0,4,2.0,139.0,,43.666959,-79.368027,2017-03-12 17:54:01.888113
8722958,45782369,Entire home/apt,,Waterfront Communities-The Island (77),86,5.0,4,2.0,126.0,,43.645615,-79.38994,2017-03-12 17:54:01.875778
3229123,11206244,Entire home/apt,,Waterfront Communities-The Island (77),21,5.0,5,1.0,130.0,,43.644827,-79.376071,2017-03-12 17:54:01.871063
16884840,103264124,Entire home/apt,,Waterfront Communities-The Island (77),0,0.0,4,2.0,134.0,,43.640921,-79.382339,2017-03-12 17:54:00.584747
12546976,31938060,Entire home/apt,,Waterfront Communities-The Island (77),96,5.0,4,1.0,126.0,,43.64419,-79.396733,2017-03-12 17:54:00.571549
8263571,20230145,Entire home/apt,,Waterfront Communities-The Island (77),37,5.0,2,1.0,134.0,,43.641392,-79.396873,2017-03-12 17:54:00.564014
17498582,30745282,Entire home/apt,,Cabbagetown-South St.James Town (71),0,0.0,5,2.0,130.0,,43.666194,-79.375181,2017-03-12 17:53:59.095700
12843490,70126514,Entire home/apt,,Willowdale East (51),0,0.0,3,3.0,131.0,,43.77214,-79.412339,2017-03-12 17:53:57.803946
16134554,104146034,Entire home/apt,,Brookhaven-Amesbury (30),1,0.0,6,3.0,129.0,,43.703878,-79.493233,2017-03-12 17:53:57.801043
15895901,102901292,Entire home/apt,,Lansing-Westgate (38),0,0.0,3,1.0,126.0,,43.761318,-79.411804,2017-03-12 17:53:57.798689
15887468,102901292,Entire home/apt,,Willowdale East (51),2,0.0,3,1.0,134.0,,43.760276,-79.410444,2017-03-12 17:53:56.586565
8823118,1919294,Entire home/apt,,Newtonbrook West (36),0,0.0,3,1.0,137.0,,43.781021,-79.417975,2017-03-12 17:53:56.576434
15887276,102901292,Entire home/apt,,Lansing-Westgate (38),0,0.0,3,1.0,134.0,,43.761393,-79.411011,2017-03-12 17:53:55.772069
11260423,47910679,Entire home/apt,,Westminster-Branson (35),26,5.0,6,2.0,129.0,,43.778044,-79.452625,2017-03-12 17:53:55.768000
1610027,8569918,Entire home/apt,,Yonge-Eglinton (100),19,4.5,8,2.0,144.0,,43.704209,-79.405031,2017-03-12 17:53:54.990021
5066127,25718103,Entire home/apt,,Mount Pleasant West (104),1,0.0,2,1.0,142.0,,43.709757,-79.397126,2017-03-12 17:53:54.987038
1756093,1919294,Entire home/apt,,Bayview Village (52),3,4.0,4,2.0,144.0,,43.768648,-79.379335,2017-03-12 17:53:54.984208
4816413,24515181,Entire home/apt,,Taylor-Massey (61),2,0.0,8,3.0,134.0,,43.699971,-79.295938,2017-03-12 17:53:54.980410
14428253,88787668,Entire home/apt,,Yonge-St.Clair (97),0,0.0,4,2.0,134.0,,43.695965,-79.400779,2017-03-12 17:53:54.978052
11103932,57674011,Entire home/apt,,Tam O'Shanter-Sullivan (118),2,0.0,8,3.0,144.0,,43.784552,-79.311242,2017-03-12 17:53:54.973956
7051022,16194320,Entire home/apt,,Agincourt South-Malvern West (128),3,4.5,6,3.0,126.0,,43.789742,-79.290033,2017-03-12 17:53:54.963254
9249149,48061554,Entire home/apt,,Mount Pleasant West (104),0,0.0,3,1.0,134.0,,43.697988,-79.390986,2017-03-12 17:53:54.960673
4271125,22175461,Entire home/apt,,Milliken (130),1,0.0,4,2.0,138.0,,43.823096,-79.270361,2017-03-12 17:53:54.239076
15470492,66668029,Entire home/apt,,Flemingdon Park (44),22,5.0,5,2.0,126.0,,43.710351,-79.331762,2017-03-12 17:53:54.236740
6078779,18189760,Entire home/apt,,Bayview Village (52),0,0.0,3,1.0,145.0,,43.764496,-79.382389,2017-03-12 18:10:40.616604
13712974,1919294,Entire home/apt,,Bayview Village (52),0,0.0,4,2.0,152.0,,43.770209,-79.367753,2017-03-12 18:10:40.611731
17663049,42520292,Entire home/apt,,Parkwoods-Donalda (45),0,0.0,10,3.0,152.0,,43.75355,-79.333487,2017-03-12 18:10:40.608201
6073922,31527432,Entire home/apt,,Parkwoods-Donalda (45),4,5.0,6,3.0,152.0,,43.748736,-79.319489,2017-03-12 18:10:40.605249
8439515,44435857,Entire home/apt,,Ionview (125),12,4.5,9,5.0,151.0,,43.73492,-79.271453,2017-03-12 18:10:40.602361
3027364,15421263,Entire home/apt,,Kensington-Chinatown (78),8,5.0,4,2.0,156.0,,43.648948,-79.40339,2017-03-12 18:10:39.235178
13858231,28193418,Entire home/apt,,Woodbine Corridor (64),5,5.0,6,3.0,151.0,,43.677769,-79.319022,2017-03-12 18:10:39.233020
16401553,103603081,Entire home/apt,,Willowdale West (37),2,0.0,6,4.0,179.0,,43.774094,-79.417587,2017-03-12 18:10:39.230927
3105418,464885,Entire home/apt,,Waterfront Communities-The Island (77),3,5.0,4,2.0,176.0,,43.645436,-79.400333,2017-03-12 18:10:39.226846
13788664,81010791,Entire home/apt,,South Riverdale (70),1,0.0,2,1.0,152.0,,43.664276,-79.342379,2017-03-12 18:10:39.224359
14030029,4758411,Entire home/apt,,The Beaches (63),3,4.5,4,2.0,152.0,,43.673747,-79.286972,2017-03-12 18:10:39.217427
6692561,35030528,Entire home/apt,,Greenwood-Coxwell (65),0,0.0,5,4.0,172.0,,43.669208,-79.322372,2017-03-12 18:10:39.212644
14885295,55063889,Entire home/apt,,Church-Yonge Corridor (75),7,5.0,6,2.0,172.0,,43.659834,-79.382238,2017-03-12 18:10:39.206915
14223496,23058258,Entire home/apt,,Waterfront Communities-The Island (77),6,5.0,2,1.0,152.0,,43.639783,-79.389169,2017-03-12 18:10:39.204813
14935968,93948352,Entire home/apt,,Trinity-Bellwoods (81),0,0.0,4,1.0,149.0,,43.647771,-79.415988,2017-03-12 18:10:39.200172
1165585,1508497,Entire home/apt,,The Beaches (63),34,4.5,4,2.0,174.0,,43.673288,-79.282685,2017-03-12 18:10:37.587089
13192359,270708,Entire home/apt,,Rockcliffe-Smythe (111),11,5.0,5,2.0,152.0,,43.673048,-79.500265,2017-03-12 18:10:37.584927
14835837,92811243,Entire home/apt,,Waterfront Communities-The Island (77),2,0.0,2,1.0,152.0,,43.642318,-79.399356,2017-03-12 18:10:37.580212
5892831,2496543,Entire home/apt,,Dovercourt-Wallace Emerson-Junction (93),0,0.0,8,3.0,152.0,,43.666271,-79.432397,2017-03-12 18:10:37.572808
6661634,34865317,Entire home/apt,,Oakwood Village (107),12,5.0,6,3.0,151.0,,43.680715,-79.440907,2017-03-12 18:10:37.564736
13432525,12010544,Entire home/apt,,Long Branch (19),9,4.5,4,2.0,152.0,,43.586713,-79.541684,2017-03-12 18:10:34.622262
8200242,24530807,Entire home/apt,,High Park-Swansea (87),0,0.0,2,1.0,145.0,,43.642626,-79.472451,2017-03-12 18:10:34.619602
16917831,112190153,Entire home/apt,,Lansing-Westgate (38),1,0.0,4,2.0,167.0,,43.761052,-79.411251,2017-03-12 18:10:34.617662
15023496,173054,Entire home/apt,,Waterfront Communities-The Island (77),2,0.0,2,1.0,149.0,,43.648969,-79.389596,2017-03-12 18:10:34.611929
4661866,24122779,Entire home/apt,,Waterfront Communities-The Island (77),2,0.0,2,1.0,149.0,,43.641985,-79.381742,2017-03-12 18:10:34.607455
6895069,4194819,Entire home/apt,,Danforth East York (59),0,0.0,4,2.0,152.0,,43.69175,-79.317723,2017-03-12 18:10:34.597060
5749868,15219402,Entire home/apt,,Islington-City Centre West (14),0,0.0,1,1.0,155.0,,43.645482,-79.523355,2017-03-12 18:10:34.591930
16883141,43030678,Entire home/apt,,Bay Street Corridor (76),0,0.0,4,2.0,152.0,,43.658926,-79.385351,2017-03-12 18:10:34.587606
6363316,33154335,Entire home/apt,,High Park North (88),1,0.0,4,3.0,172.0,,43.65844,-79.45715,2017-03-12 18:10:34.584917
6806173,35628715,Entire home/apt,,Danforth (66),0,0.0,6,3.0,152.0,,43.684622,-79.331639,2017-03-12 18:10:34.582713
13942547,39164588,Entire home/apt,,Waterfront Communities-The Island (77),2,0.0,2,1.0,145.0,,43.644873,-79.401707,2017-03-12 18:10:34.580528
16407788,37514178,Entire home/apt,,Waterfront Communities-The Island (77),0,0.0,3,1.0,149.0,,43.642573,-79.380749,2017-03-12 18:10:34.577991
5572166,28889404,Entire home/apt,,Trinity-Bellwoods (81),6,5.0,5,3.0,145.0,,43.654046,-79.41863,2017-03-12 18:10:32.929956
5372841,23336387,Entire home/apt,,Bay Street Corridor (76),14,4.5,3,1.0,145.0,,43.658483,-79.384364,2017-03-12 18:10:32.927368
8596518,13976958,Entire home/apt,,Waterfront Communities-The Island (77),0,0.0,4,2.0,152.0,,43.648051,-79.39224,2017-03-12 18:10:32.924456
6830898,35784746,Entire home/apt,,Waterfront Communities-The Island (77),38,5.0,6,2.0,152.0,,43.64074,-79.382419,2017-03-12 18:10:32.921911
4438046,2155079,Entire home/apt,,Waterfront Communities-The Island (77),24,5.0,4,1.0,168.0,,43.642321,-79.393325,2017-03-12 18:10:32.918761
6101778,31794012,Entire home/apt,,Greenwood-Coxwell (65),0,0.0,4,2.0,152.0,,43.669872,-79.327339,2017-03-12 18:10:32.914109
14859374,14136391,Entire home/apt,,Waterfront Communities-The Island (77),0,0.0,2,1.0,155.0,,43.644613,-79.4005,2017-03-12 18:10:32.911728
7602269,35097889,Entire home/apt,,Annex (95),33,5.0,2,1.0,149.0,,43.672841,-79.395635,2017-03-12 18:10:32.909147
9281219,37514178,Entire home/apt,,Waterfront Communities-The Island (77),10,4.5,3,1.0,148.0,,43.64309,-79.38057,2017-03-12 18:10:32.905214
16140994,20918219,Entire home/apt,,Niagara (82),0,0.0,2,1.0,152.0,,43.642139,-79.402031,2017-03-12 18:10:32.902504
16882088,1564689,Entire home/apt,,Roncesvalles (86),0,0.0,5,1.0,184.0,,43.642228,-79.443101,2017-03-12 18:10:32.896629
12992319,21845786,Entire home/apt,,Greenwood-Coxwell (65),22,5.0,6,3.0,148.0,,43.662037,-79.329583,2017-03-12 18:10:32.891286
16437963,107788572,Entire home/apt,,Weston (113),7,5.0,8,4.0,161.0,,43.703974,-79.516648,2017-03-12 18:10:31.851104
9389617,21850979,Entire home/apt,,Palmerston-Little Italy (80),0,0.0,4,2.0,172.0,,43.657955,-79.411491,2017-03-12 18:10:31.847954
16487255,4951854,Entire home/apt,,Trinity-Bellwoods (81),8,5.0,4,2.0,152.0,,43.647955,-79.424053,2017-03-12 18:10:31.843730
6854233,16833453,Entire home/apt,,Waterfront Communities-The Island (77),0,0.0,2,1.0,149.0,,43.64335,-79.37668,2017-03-12 18:10:31.840784
16425784,9443058,Entire home/apt,,Kensington-Chinatown (78),12,5.0,10,4.0,162.0,,43.654364,-79.395576,2017-03-12 18:10:31.838317
11113022,57731911,Entire home/apt,,Waterfront Communities-The Island (77),0,0.0,4,1.0,176.0,,43.637744,-79.397739,2017-03-12 18:10:31.833706
7816380,15124240,Entire home/apt,,Roncesvalles (86),1,0.0,5,3.0,176.0,,43.646579,-79.444171,2017-03-12 18:10:31.831074
7156836,29093323,Entire home/apt,,University (79),0,0.0,1,0.0,152.0,,43.662851,-79.402035,2017-03-12 18:10:31.827902
17207982,98714022,Entire home/apt,,Mount Dennis (115),0,0.0,6,3.0,152.0,,43.690353,-79.499016,2017-03-12 18:10:31.825338
14732548,27709496,Entire home/apt,,Waterfront Communities-The Island (77),10,5.0,6,2.0,151.0,,43.642807,-79.382596,2017-03-12 18:10:31.822877
735729,23336387,Entire home/apt,,Waterfront Communities-The Island (77),22,4.5,3,1.0,145.0,,43.640718,-79.374672,2017-03-12 18:10:31.818254
17162069,115442293,Entire home/apt,,Waterfront Communities-The Island (77),1,0.0,4,2.0,149.0,,43.640123,-79.400852,2017-03-12 18:10:31.815687
1867846,3274906,Entire home/apt,,Waterfront Communities-The Island (77),27,5.0,4,2.0,165.0,,43.642633,-79.401188,2017-03-12 18:10:31.813149
10472825,53970841,Entire home/apt,,Niagara (82),13,4.5,2,1.0,179.0,,43.639331,-79.413353,2017-03-12 18:10:31.810255
8291416,11584889,Entire home/apt,,South Riverdale (70),1,0.0,4,2.0,172.0,,43.659924,-79.34882,2017-03-12 18:10:31.806938
17177778,115584376,Entire home/apt,,Church-Yonge Corridor (75),2,0.0,4,2.0,145.0,,43.664608,-79.378124,2017-03-12 18:10:30.302709
3673423,18648843,Entire home/apt,,Waterfront Communities-The Island (77),1,0.0,2,1.0,163.0,,43.644076,-79.401674,2017-03-12 18:10:30.300127
17437368,19746853,Entire home/apt,,Blake-Jones (69),0,0.0,6,4.0,152.0,,43.678043,-79.342521,2017-03-12 18:10:30.295874
14690379,9578566,Entire home/apt,,Roncesvalles (86),2,0.0,3,2.0,152.0,,43.655397,-79.452059,2017-03-12 18:10:30.293589
6778421,2302652,Entire home/apt,,Oakwood Village (107),1,0.0,5,3.0,149.0,,43.687071,-79.438242,2017-03-12 18:10:30.291098
11447133,363432,Entire home/apt,,Annex (95),15,5.0,2,1.0,145.0,,43.672438,-79.388291,2017-03-12 18:10:30.288783
14746198,21658675,Entire home/apt,,Blake-Jones (69),2,0.0,4,2.0,161.0,,43.673335,-79.336522,2017-03-12 18:10:30.286597
2525251,12929845,Entire home/apt,,Waterfront Communities-The Island (77),0,0.0,4,1.0,161.0,,43.647023,-79.392855,2017-03-12 18:10:30.280644
14575565,55357443,Entire home/apt,,Waterfront Communities-The Island (77),7,5.0,2,1.0,152.0,,43.644819,-79.388404,2017-03-12 18:10:30.278269
11716109,12795294,Entire home/apt,,Waterfront Communities-The Island (77),83,4.5,6,2.0,152.0,,43.641509,-79.38265,2017-03-12 18:10:30.273577
17636700,15228291,Entire home/apt,,Wychwood (94),0,0.0,7,4.0,152.0,,43.674887,-79.422548,2017-03-12 18:10:30.271307
8212527,6744997,Entire home/apt,,Yonge-St.Clair (97),62,5.0,4,2.0,149.0,,43.686843,-79.397469,2017-03-12 18:10:30.268939
14384816,12724703,Entire home/apt,,Niagara (82),0,0.0,4,1.0,152.0,,43.64283,-79.407835,2017-03-12 18:10:30.266351
5082105,8141424,Entire home/apt,,Waterfront Communities-The Island (77),21,5.0,6,2.0,149.0,,43.640906,-79.398693,2017-03-12 18:10:30.263722
8858408,43686462,Entire home/apt,,Yonge-Eglinton (100),1,0.0,2,1.0,152.0,,43.710646,-79.399417,2017-03-12 18:10:28.603216
15756445,50396723,Entire home/apt,,Waterfront Communities-The Island (77),1,0.0,3,1.0,179.0,,43.641303,-79.381605,2017-03-12 18:10:28.599619
14826260,86610598,Entire home/apt,,The Beaches (63),2,0.0,6,3.0,149.0,,43.671348,-79.310154,2017-03-12 18:10:28.596421
13885036,50396723,Entire home/apt,,Waterfront Communities-The Island (77),11,5.0,3,1.0,161.0,,43.641541,-79.382232,2017-03-12 18:10:28.593059
14871622,84721968,Entire home/apt,,Palmerston-Little Italy (80),10,5.0,4,1.0,160.0,,43.661673,-79.411513,2017-03-12 18:10:28.590881
8756210,4922481,Entire home/apt,,Wychwood (94),11,5.0,8,4.0,172.0,,43.679804,-79.4235,2017-03-12 18:10:28.586494
8942190,39870987,Entire home/apt,,Bay Street Corridor (76),55,4.5,4,2.0,152.0,,43.648347,-79.385491,2017-03-12 18:10:28.584315
4147849,21517336,Entire home/apt,,Waterfront Communities-The Island (77),0,0.0,1,1.0,152.0,,43.636389,-79.398603,2017-03-12 18:10:28.579010
9302062,8347285,Entire home/apt,,Church-Yonge Corridor (75),2,0.0,5,2.0,172.0,,43.653982,-79.378705,2017-03-12 18:10:28.573871
14744671,2927540,Entire home/apt,,Waterfront Communities-The Island (77),43,4.5,9,4.0,152.0,,43.645366,-79.401602,2017-03-12 18:10:26.633009
2508792,743216,Entire home/apt,,Blake-Jones (69),5,4.0,6,3.0,149.0,,43.670797,-79.339521,2017-03-12 18:10:26.630640
7180530,24512830,Entire home/apt,,Waterfront Communities-The Island (77),0,0.0,2,1.0,152.0,,43.642635,-79.391461,2017-03-12 18:10:26.623987
16691266,23090472,Entire home/apt,,Banbury-Don Mills (42),0,0.0,6,4.0,152.0,,43.729207,-79.350586,2017-03-12 18:10:26.619518
16087849,12795294,Entire home/apt,,Waterfront Communities-The Island (77),26,5.0,6,2.0,152.0,,43.640894,-79.382562,2017-03-12 18:10:26.617342
4255587,16758875,Entire home/apt,,Niagara (82),0,0.0,2,0.0,168.0,,43.636302,-79.401274,2017-03-12 18:10:26.610502
3147502,15979507,Entire home/apt,,Trinity-Bellwoods (81),6,5.0,4,2.0,172.0,,43.651695,-79.412403,2017-03-12 18:10:26.606800
6258975,22160624,Entire home/apt,,Bay Street Corridor (76),59,5.0,6,2.0,165.0,,43.667335,-79.390232,2017-03-12 18:10:26.603716
8814673,46176663,Entire home/apt,,High Park North (88),0,0.0,2,1.0,152.0,,43.654715,-79.468445,2017-03-12 18:10:26.600764
8808897,16948391,Entire home/apt,,Waterfront Communities-The Island (77),0,0.0,2,1.0,172.0,,43.643674,-79.393253,2017-03-12 18:10:26.596853
8534717,44934689,Entire home/apt,,South Riverdale (70),0,0.0,2,1.0,152.0,,43.671914,-79.331352,2017-03-12 18:10:26.594115
5375807,12874802,Entire home/apt,,Waterfront Communities-The Island (77),145,5.0,5,2.0,152.0,,43.644652,-79.390707,2017-03-12 18:10:26.590468
10805318,55933118,Entire home/apt,,High Park-Swansea (87),6,5.0,4,2.0,152.0,,43.64986,-79.475252,2017-03-12 18:10:26.587344
13495524,77161347,Entire home/apt,,Stonegate-Queensway (16),0,0.0,5,2.0,152.0,,43.624569,-79.495037,2017-03-12 18:10:25.178899
3246342,16420709,Entire home/apt,,Church-Yonge Corridor (75),0,0.0,2,1.0,183.0,,43.664332,-79.37993,2017-03-12 18:10:25.176254
9924823,51017803,Entire home/apt,,Annex (95),5,5.0,2,1.0,152.0,,43.671652,-79.389895,2017-03-12 18:10:25.171962
8104707,42791674,Entire home/apt,,Annex (95),0,0.0,4,2.0,152.0,,43.671159,-79.393676,2017-03-12 18:10:25.169810
13900611,22735639,Entire home/apt,,Pleasant View (46),12,4.5,6,3.0,138.0,,43.79685,-79.336618,2017-03-12 17:53:54.234447
5354909,27757947,Entire home/apt,,Morningside (135),0,0.0,3,3.0,134.0,,43.787677,-79.194531,2017-03-12 17:53:54.229317
14303811,24088806,Entire home/apt,,Willowdale East (51),35,5.0,4,2.0,137.0,,43.758299,-79.403169,2017-03-12 17:53:54.225870
16484585,18004943,Entire home/apt,,Agincourt South-Malvern West (128),0,0.0,3,1.0,129.0,,43.788651,-79.261382,2017-03-12 17:53:54.221835
9461635,16853533,Entire home/apt,,Parkwoods-Donalda (45),12,5.0,8,3.0,138.0,,43.760448,-79.332455,2017-03-12 17:53:54.217754
6398547,33363863,Entire home/apt,,Woburn (137),1,0.0,4,2.0,134.0,,43.7806,-79.244299,2017-03-12 17:53:54.214884
14111311,85010712,Entire home/apt,,Bayview Woods-Steeles (49),0,0.0,2,1.0,138.0,,43.80244,-79.373781,2017-03-12 17:53:54.209037
16621379,103843653,Entire home/apt,,Trinity-Bellwoods (81),0,0.0,8,3.0,134.0,,43.645525,-79.417176,2017-03-12 17:53:52.811609
13805486,81222510,Entire home/apt,,Church-Yonge Corridor (75),40,5.0,6,2.0,132.0,,43.649115,-79.375458,2017-03-12 17:53:52.807015
13465786,24519005,Entire home/apt,,Waterfront Communities-The Island (77),13,5.0,3,1.0,129.0,,43.643491,-79.388422,2017-03-12 17:53:52.804254
3916922,20290038,Entire home/apt,,Waterfront Communities-The Island (77),41,5.0,4,1.0,131.0,,43.642388,-79.384201,2017-03-12 17:53:52.800353
17593156,1919294,Entire home/apt,,Bay Street Corridor (76),0,0.0,3,2.0,130.0,,43.666269,-79.386283,2017-03-12 17:53:52.798131
16254732,1919294,Entire home/apt,,Bay Street Corridor (76),0,0.0,3,2.0,130.0,,43.650195,-79.3855,2017-03-12 17:53:52.796024
13960943,18839267,Entire home/apt,,Waterfront Communities-The Island (77),13,4.0,5,2.0,129.0,,43.648321,-79.390785,2017-03-12 17:53:51.308933
4882159,17430748,Entire home/apt,,Palmerston-Little Italy (80),16,5.0,4,2.0,130.0,,43.660918,-79.42336,2017-03-12 17:53:51.306144
6911296,24407633,Entire home/apt,,Waterfront Communities-The Island (77),0,0.0,4,1.0,130.0,,43.639585,-79.399776,2017-03-12 17:53:51.303765
7196373,37683342,Entire home/apt,,Newtonbrook East (50),3,4.5,6,3.0,134.0,,43.783411,-79.411981,2017-03-12 17:53:51.299733
15616432,2994437,Entire home/apt,,Moss Park (73),4,4.0,6,2.0,130.0,,43.658722,-79.371769,2017-03-12 17:53:51.296881
10958345,26048,Entire home/apt,,Moss Park (73),11,5.0,2,1.0,129.0,,43.655393,-79.366376,2017-03-12 17:53:51.292806
17319843,63968705,Entire home/apt,,Willowdale West (37),0,0.0,4,2.0,130.0,,43.772826,-79.415877,2017-03-12 17:53:51.290518
17000041,17713659,Entire home/apt,,Waterfront Communities-The Island (77),0,0.0,4,2.0,134.0,,43.645124,-79.396887,2017-03-12 17:53:51.288391
13656749,7566494,Entire home/apt,,Niagara (82),13,4.5,4,1.0,144.0,,43.63815,-79.419153,2017-03-12 17:53:51.281315
341933,1390920,Entire home/apt,,South Riverdale (70),90,5.0,6,2.0,137.0,,43.667124,-79.336783,2017-03-12 17:53:51.278847
6763246,20328478,Entire home/apt,,Bayview Woods-Steeles (49),2,0.0,10,4.0,141.0,,43.7992,-79.374232,2017-03-12 17:53:51.276479
14473016,8246121,Entire home/apt,,Dufferin Grove (83),2,0.0,1,1.0,130.0,,43.656087,-79.43296,2017-03-12 17:53:49.711729
3120863,11723357,Entire home/apt,,Waterfront Communities-The Island (77),55,5.0,3,2.0,144.0,,43.637213,-79.390615,2017-03-12 17:53:49.708548
5838823,6482313,Entire home/apt,,Willowdale East (51),0,0.0,3,1.0,144.0,,43.777402,-79.413153,2017-03-12 17:53:49.702230
13523146,9560823,Entire home/apt,,Oakwood Village (107),22,4.5,4,2.0,126.0,,43.686564,-79.434393,2017-03-12 17:53:49.697341
10499160,54127775,Entire home/apt,,Niagara (82),2,0.0,2,1.0,130.0,,43.63691,-79.419668,2017-03-12 17:53:49.689694
5006252,1386147,Entire home/apt,,Niagara (82),31,5.0,4,1.0,138.0,,43.636798,-79.410583,2017-03-12 17:53:49.686786
5606652,27500279,Entire home/apt,,University (79),17,5.0,2,1.0,144.0,,43.66515,-79.410037,2017-03-12 17:53:49.684785
4338184,13850608,Entire home/apt,,Waterfront Communities-The Island (77),50,4.5,3,1.0,130.0,,43.645457,-79.388067,2017-03-12 17:53:49.680876
11318131,14761152,Entire home/apt,,Palmerston-Little Italy (80),23,4.5,6,2.0,134.0,,43.659341,-79.416042,2017-03-12 17:53:49.678126
15514187,99694121,Entire home/apt,,Waterfront Communities-The Island (77),6,3.5,7,2.0,137.0,,43.642031,-79.382625,2017-03-12 17:53:49.675627
4998418,13188160,Entire home/apt,,Lawrence Park North (105),1,0.0,8,3.0,138.0,,43.729189,-79.41355,2017-03-12 17:53:48.221753
13078378,7533910,Entire home/apt,,Corso Italia-Davenport (92),7,5.0,5,2.0,142.0,,43.683016,-79.452052,2017-03-12 17:53:48.218793
1619243,6168440,Entire home/apt,,Moss Park (73),44,5.0,8,3.0,126.0,,43.650725,-79.366628,2017-03-12 17:53:48.216027
1466633,7856118,Entire home/apt,,Niagara (82),3,5.0,2,1.0,138.0,,43.6422,-79.415593,2017-03-12 17:53:48.213392
6025128,31273257,Entire home/apt,,Moss Park (73),0,0.0,2,1.0,134.0,,43.653136,-79.362224,2017-03-12 17:53:48.210953
14072543,1531721,Entire home/apt,,Waterfront Communities-The Island (77),2,0.0,2,1.0,137.0,,43.644944,-79.401224,2017-03-12 17:53:48.208705
1178309,1798495,Entire home/apt,,Bay Street Corridor (76),4,4.0,4,1.0,138.0,,43.663009,-79.386104,2017-03-12 17:53:48.205726
4387230,22757943,Entire home/apt,,Dufferin Grove (83),3,4.5,4,1.0,130.0,,43.657237,-79.445022,2017-03-12 17:53:48.202515
6331801,22431111,Entire home/apt,,Moss Park (73),1,0.0,6,2.0,137.0,,43.660635,-79.369598,2017-03-12 17:53:48.196733
17078419,36300139,Entire home/apt,,Islington-City Centre West (14),0,0.0,4,1.0,141.0,,43.643453,-79.53261,2017-03-12 17:53:48.194624
15793394,102172796,Entire home/apt,,Waterfront Communities-The Island (77),0,0.0,5,1.0,134.0,,43.646832,-79.391351,2017-03-12 17:53:48.192137
13473906,68068283,Entire home/apt,,Bay Street Corridor (76),33,5.0,4,2.0,144.0,,43.666049,-79.38951,2017-03-12 17:53:48.189953
10670068,52310402,Entire home/apt,,University (79),6,5.0,6,2.0,134.0,,43.664362,-79.407985,2017-03-12 17:53:48.187213
6900207,36158324,Entire home/apt,,Lawrence Park South (103),5,5.0,4,2.0,144.0,,43.715393,-79.40094,2017-03-12 17:53:48.182386
16349242,3738532,Entire home/apt,,Waterfront Communities-The Island (77),23,4.5,6,2.0,137.0,,43.646303,-79.39223,2017-03-12 17:53:47.123229
13563909,20663951,Entire home/apt,,High Park-Swansea (87),15,4.0,5,3.0,130.0,,43.641832,-79.450629,2017-03-12 17:53:47.121041
14375378,53955322,Entire home/apt,,Kensington-Chinatown (78),28,5.0,13,6.0,129.0,,43.656372,-79.39945,2017-03-12 17:53:47.118857
6986156,36628374,Entire home/apt,,Cabbagetown-South St.James Town (71),0,0.0,5,1.0,134.0,,43.664359,-79.359978,2017-03-12 17:53:47.116200
1462084,1397143,Entire home/apt,,Waterfront Communities-The Island (77),70,5.0,2,1.0,130.0,,43.647701,-79.372089,2017-03-12 17:53:47.113738
13334521,56730678,Entire home/apt,,Islington-City Centre West (14),13,4.5,6,2.0,134.0,,43.638625,-79.537214,2017-03-12 17:53:47.111554
8886607,6141240,Entire home/apt,,Roncesvalles (86),4,5.0,4,2.0,130.0,,43.65394,-79.451518,2017-03-12 17:53:47.107225
6810212,35650938,Entire home/apt,,Greenwood-Coxwell (65),0,0.0,4,3.0,144.0,,43.678121,-79.330282,2017-03-12 17:53:47.104554
13936510,3985933,Entire home/apt,,Dovercourt-Wallace Emerson-Junction (93),0,0.0,4,3.0,126.0,,43.667689,-79.435824,2017-03-12 17:53:47.102218
2459983,12578668,Entire home/apt,,Palmerston-Little Italy (80),31,4.5,2,1.0,130.0,,43.657571,-79.409,2017-03-12 17:53:47.097886
17302432,61327790,Entire home/apt,,South Riverdale (70),0,0.0,4,2.0,138.0,,43.65918,-79.342601,2017-03-12 17:53:47.091018
875224,4360516,Entire home/apt,,Wychwood (94),14,5.0,6,3.0,144.0,,43.680165,-79.426532,2017-03-12 17:53:47.088344
7048865,5090895,Entire home/apt,,Waterfront Communities-The Island (77),20,4.5,2,1.0,134.0,,43.637719,-79.399055,2017-03-12 17:53:47.085491
12610891,15393926,Entire home/apt,,Waterfront Communities-The Island (77),14,5.0,4,0.0,137.0,,43.644115,-79.399595,2017-03-12 17:53:47.082868
6701632,35080337,Entire home/apt,,Annex (95),11,5.0,2,2.0,141.0,,43.671446,-79.389144,2017-03-12 17:53:45.150230
15025524,4122407,Entire home/apt,,Niagara (82),4,4.5,5,2.0,134.0,,43.637579,-79.405671,2017-03-12 17:53:45.148023
12227956,37514178,Entire home/apt,,Waterfront Communities-The Island (77),1,0.0,2,1.0,144.0,,43.649237,-79.388057,2017-03-12 17:53:45.139219
11850515,2753637,Entire home/apt,,Church-Yonge Corridor (75),1,0.0,4,1.0,134.0,,43.659433,-79.381366,2017-03-12 17:53:45.131880
15156856,26764271,Entire home/apt,,Willowdale West (37),0,0.0,5,2.0,138.0,,43.77134,-79.426183,2017-03-12 17:53:45.126072
15222235,96739673,Entire home/apt,,Waterfront Communities-The Island (77),0,0.0,3,1.0,137.0,,43.649615,-79.391487,2017-03-12 17:53:45.123938
16507113,24543770,Entire home/apt,,Mimico (includes Humber Bay Shores) (17),0,0.0,2,0.0,138.0,,43.604631,-79.524043,2017-03-12 17:53:45.121606
5095202,26326951,Entire home/apt,,Waterfront Communities-The Island (77),44,5.0,2,1.0,134.0,,43.644879,-79.396068,2017-03-12 17:53:45.060595
11372070,30718176,Entire home/apt,,Niagara (82),10,5.0,2,2.0,129.0,,43.645039,-79.404115,2017-03-12 17:53:45.011010
12579136,65604692,Entire home/apt,,East End-Danforth (62),13,5.0,5,3.0,137.0,,43.684473,-79.309486,2017-03-12 17:53:43.447926
2716883,4347578,Entire home/apt,,Waterfront Communities-The Island (77),14,4.5,4,2.0,138.0,,43.647001,-79.398625,2017-03-12 17:53:43.445073
7092313,12112001,Entire home/apt,,Mount Pleasant West (104),18,5.0,4,2.0,137.0,,43.709575,-79.395764,2017-03-12 17:53:43.437788
6233184,32342150,Entire home/apt,,Waterfront Communities-The Island (77),0,0.0,2,1.0,134.0,,43.639157,-79.383354,2017-03-12 17:53:43.434675
6766284,35423329,Entire home/apt,,Niagara (82),11,5.0,3,1.0,126.0,,43.644222,-79.404785,2017-03-12 17:53:43.431351
13311828,11292206,Entire home/apt,,Kensington-Chinatown (78),1,0.0,4,1.0,137.0,,43.649606,-79.39282,2017-03-12 17:53:43.429068
13584653,29785796,Entire home/apt,,Waterfront Communities-The Island (77),4,5.0,2,1.0,134.0,,43.640137,-79.391356,2017-03-12 17:53:43.426428
12824971,2242693,Entire home/apt,,Bay Street Corridor (76),9,5.0,4,1.0,138.0,,43.655008,-79.382193,2017-03-12 17:53:43.416125
13063805,55175789,Entire home/apt,,Kensington-Chinatown (78),46,4.5,3,1.0,134.0,,43.650295,-79.398196,2017-03-12 17:53:43.413254
4977408,25657066,Entire home/apt,,Waterfront Communities-The Island (77),39,5.0,3,1.0,138.0,,43.650307,-79.388046,2017-03-12 17:53:43.410481
7330011,15788778,Entire home/apt,,Niagara (82),1,0.0,2,1.0,138.0,,43.640101,-79.415758,2017-03-12 17:53:43.408021
14883456,24001279,Entire home/apt,,East End-Danforth (62),5,5.0,4,2.0,137.0,,43.68438,-79.302948,2017-03-12 17:53:42.012227
15872433,102901292,Entire home/apt,,Willowdale East (51),2,0.0,3,1.0,126.0,,43.761614,-79.409599,2017-03-12 17:53:42.009948
8473294,3066256,Entire home/apt,,Niagara (82),16,5.0,4,2.0,129.0,,43.643989,-79.407769,2017-03-12 17:53:42.007087
9407269,4577821,Entire home/apt,,Oakwood Village (107),0,0.0,2,2.0,138.0,,43.679706,-79.440108,2017-03-12 17:53:42.004264
17046530,21761190,Entire home/apt,,Danforth (66),0,0.0,6,1.0,139.0,,43.681425,-79.345748,2017-03-12 17:53:41.998896
15792966,102172796,Entire home/apt,,Waterfront Communities-The Island (77),1,0.0,5,5.0,134.0,,43.645119,-79.392353,2017-03-12 17:53:41.994929
10726608,363432,Entire home/apt,,Annex (95),4,5.0,2,1.0,130.0,,43.671626,-79.388381,2017-03-12 17:53:41.992837
2522073,1919294,Entire home/apt,,Kensington-Chinatown (78),14,4.5,2,1.0,129.0,,43.653326,-79.388308,2017-03-12 17:53:41.990607
1673003,8856331,Entire home/apt,,Lawrence Park North (105),13,5.0,6,2.0,129.0,,43.731753,-79.404424,2017-03-12 17:53:41.987710
13814072,4819787,Entire home/apt,,South Riverdale (70),15,4.5,4,2.0,138.0,,43.665799,-79.340507,2017-03-12 17:53:41.985136
4197272,7334732,Entire home/apt,,Annex (95),3,5.0,2,1.0,129.0,,43.667857,-79.414165,2017-03-12 17:53:41.982786
17013914,96298082,Entire home/apt,,Annex (95),0,0.0,2,1.0,129.0,,43.671014,-79.393385,2017-03-12 17:53:41.979941
5174567,3761229,Entire home/apt,,Oakwood Village (107),11,4.5,5,3.0,131.0,,43.686978,-79.436383,2017-03-12 17:53:41.977649
7995968,40082910,Entire home/apt,,Niagara (82),38,4.5,6,2.0,134.0,,43.639654,-79.415096,2017-03-12 17:53:41.974882
16674573,110321717,Entire home/apt,,Wychwood (94),1,0.0,5,3.0,134.0,,43.680188,-79.425286,2017-03-12 17:53:41.972536
2997407,14761152,Entire home/apt,,Palmerston-Little Italy (80),29,4.5,4,2.0,134.0,,43.660633,-79.411549,2017-03-12 17:53:40.971650
15011948,78644879,Entire home/apt,,Church-Yonge Corridor (75),2,0.0,8,3.0,130.0,,43.660073,-79.376823,2017-03-12 17:53:40.968726
1782926,2129309,Entire home/apt,,Woodbine Corridor (64),11,5.0,5,3.0,138.0,,43.672327,-79.317572,2017-03-12 17:53:40.964977
9707427,49287686,Entire home/apt,,Moss Park (73),0,0.0,4,1.0,137.0,,43.653135,-79.367351,2017-03-12 17:53:40.962120
13506358,72029669,Entire home/apt,,Waterfront Communities-The Island (77),5,5.0,6,2.0,129.0,,43.64163,-79.382269,2017-03-12 17:53:40.958263
17593030,1919294,Entire home/apt,,Bay Street Corridor (76),0,0.0,3,2.0,130.0,,43.665705,-79.388174,2017-03-12 17:53:40.954445
16507957,53730278,Entire home/apt,,Lansing-Westgate (38),0,0.0,3,1.0,130.0,,43.76643,-79.413108,2017-03-12 17:53:40.952202
16229273,106049008,Entire home/apt,,South Parkdale (85),3,5.0,4,2.0,129.0,,43.640741,-79.425416,2017-03-12 17:53:40.948105
14059165,32746804,Entire home/apt,,Little Portugal (84),3,4.5,4,2.0,129.0,,43.64293,-79.423646,2017-03-12 17:53:40.945511
1891100,9228931,Entire home/apt,,University (79),17,5.0,4,3.0,134.0,,43.66058,-79.403978,2017-03-12 17:53:40.939340
6445326,6294454,Entire home/apt,,Cabbagetown-South St.James Town (71),23,4.5,4,1.0,137.0,,43.665968,-79.375519,2017-03-12 17:53:40.937168
5624920,29154259,Entire home/apt,,Palmerston-Little Italy (80),4,5.0,4,2.0,134.0,,43.662564,-79.410674,2017-03-12 17:53:40.934321
16451538,3301184,Entire home/apt,,Trinity-Bellwoods (81),2,0.0,5,2.0,134.0,,43.645163,-79.414829,2017-03-12 17:53:40.931379
6336195,32989004,Entire home/apt,,South Parkdale (85),33,5.0,5,2.0,141.0,,43.640695,-79.423842,2017-03-12 17:53:39.212990
13797914,15943473,Entire home/apt,,South Riverdale (70),12,5.0,3,1.0,134.0,,43.661788,-79.343094,2017-03-12 17:53:39.208588
7207033,37739181,Entire home/apt,,Mount Pleasant West (104),18,5.0,3,1.0,141.0,,43.709845,-79.396457,2017-03-12 17:53:39.204354
17472386,94492217,Entire home/apt,,Waterfront Communities-The Island (77),0,0.0,3,1.0,129.0,,43.643386,-79.389025,2017-03-12 17:53:39.202178
16975476,81944532,Entire home/apt,,Wexford/Maryvale (119),1,0.0,5,3.0,136.0,,43.742539,-79.300472,2017-03-12 17:53:39.200061
13752951,1039434,Entire home/apt,,Little Portugal (84),1,0.0,5,2.0,129.0,,43.641648,-79.424518,2017-03-12 17:53:39.194578
4286161,22250681,Entire home/apt,,Annex (95),34,5.0,4,2.0,137.0,,43.671716,-79.388835,2017-03-12 17:53:39.191868
12781117,31359875,Entire home/apt,,Roncesvalles (86),2,0.0,6,2.0,138.0,,43.641578,-79.441511,2017-03-12 17:53:39.189547
11699057,2124835,Entire home/apt,,Niagara (82),13,4.5,5,1.0,126.0,,43.637041,-79.419172,2017-03-12 17:53:39.187017
13990641,28186973,Entire home/apt,,Niagara (82),8,5.0,5,2.0,136.0,,43.63713,-79.404132,2017-03-12 17:53:39.184660
5743017,29787352,Entire home/apt,,South Riverdale (70),5,5.0,6,3.0,134.0,,43.665165,-79.347533,2017-03-12 17:53:39.178976
15271797,34692866,Entire home/apt,,Bay Street Corridor (76),1,0.0,3,2.0,134.0,,43.667323,-79.386212,2017-03-12 17:53:37.693718
10681478,55175789,Entire home/apt,,Kensington-Chinatown (78),58,4.5,3,1.0,125.0,,43.650331,-79.39733,2017-03-12 17:53:37.691600
4855151,24519005,Entire home/apt,,Waterfront Communities-The Island (77),23,5.0,3,1.0,126.0,,43.644364,-79.388639,2017-03-12 17:53:37.687466
15107144,1919294,Entire home/apt,,Newtonbrook West (36),0,0.0,3,1.0,137.0,,43.780944,-79.419695,2017-03-12 17:53:37.685498
6304898,11098648,Entire home/apt,,Waterfront Communities-The Island (77),114,4.5,6,2.0,144.0,,43.641108,-79.39485,2017-03-12 17:53:37.679663
5974189,5854692,Entire home/apt,,Church-Yonge Corridor (75),80,5.0,8,2.0,134.0,,43.655146,-79.380247,2017-03-12 17:53:37.676842
5558895,1948752,Entire home/apt,,Little Portugal (84),108,4.5,4,2.0,128.0,,43.64122,-79.422964,2017-03-12 17:53:37.672765
9524519,25201467,Entire home/apt,,Bay Street Corridor (76),21,4.5,4,2.0,141.0,,43.658933,-79.385091,2017-03-12 17:53:37.668509
10202793,52416088,Entire home/apt,,Waterfront Communities-The Island (77),3,5.0,2,1.0,134.0,,43.637222,-79.395567,2017-03-12 17:53:37.666410
15345502,97830433,Entire home/apt,,Waterfront Communities-The Island (77),0,0.0,3,1.0,134.0,,43.638886,-79.382454,2017-03-12 17:53:37.664297
5037911,15433871,Entire home/apt,,Church-Yonge Corridor (75),51,5.0,6,2.0,144.0,,43.666014,-79.383873,2017-03-12 17:53:37.660703
6513545,34016441,Entire home/apt,,Clanton Park (33),20,5.0,6,2.0,126.0,,43.750993,-79.457556,2017-03-12 17:53:36.289680
11755970,62557170,Entire home/apt,,Kensington-Chinatown (78),56,5.0,6,1.0,126.0,,43.651319,-79.395094,2017-03-12 17:53:36.282917
11089023,82791,Entire home/apt,,Waterfront Communities-The Island (77),57,5.0,3,1.0,144.0,,43.643171,-79.382781,2017-03-12 17:53:36.267105
14825932,92709355,Entire home/apt,,Waterfront Communities-The Island (77),11,4.5,4,1.0,134.0,,43.645264,-79.40008,2017-03-12 17:53:36.262455
17155448,20858393,Entire home/apt,,Waterfront Communities-The Island (77),4,5.0,4,2.0,130.0,,43.639992,-79.385285,2017-03-12 17:53:36.259854
6850864,35898024,Entire home/apt,,Annex (95),0,0.0,2,1.0,141.0,,43.673491,-79.390127,2017-03-12 17:53:36.257490
12924952,2449404,Entire home/apt,,South Riverdale (70),19,5.0,4,2.0,129.0,,43.663629,-79.33986,2017-03-12 17:53:36.254898
10202621,52409264,Entire home/apt,,Corso Italia-Davenport (92),16,4.5,8,4.0,141.0,,43.67424,-79.447733,2017-03-12 17:53:36.251865
17011875,114052347,Entire home/apt,,Yonge-St.Clair (97),1,0.0,3,2.0,134.0,,43.695378,-79.39793,2017-03-12 17:53:36.249528
15845286,12243051,Entire home/apt,,University (79),8,4.5,8,3.0,144.0,,43.658615,-79.406989,2017-03-12 17:53:36.247137
14386272,88340153,Entire home/apt,,Church-Yonge Corridor (75),25,5.0,2,1.0,137.0,,43.647813,-79.376054,2017-03-12 17:53:35.268640
3730919,19065181,Entire home/apt,,Waterfront Communities-The Island (77),19,5.0,4,1.0,138.0,,43.644691,-79.390906,2017-03-12 17:53:35.264297
15361069,8581354,Entire home/apt,,Dovercourt-Wallace Emerson-Junction (93),3,4.5,4,2.0,138.0,,43.669469,-79.433906,2017-03-12 17:53:35.262051
7276596,10428900,Entire home/apt,,Waterfront Communities-The Island (77),74,5.0,5,2.0,126.0,,43.640975,-79.381887,2017-03-12 17:53:35.259075
13863233,81935339,Entire home/apt,,Waterfront Communities-The Island (77),9,5.0,4,2.0,134.0,,43.639557,-79.382908,2017-03-12 17:53:35.256205
15250982,96885181,Entire home/apt,,Waterfront Communities-The Island (77),22,4.5,6,2.0,129.0,,43.645111,-79.401705,2017-03-12 17:53:35.253292
7310404,3301776,Entire home/apt,,Waterfront Communities-The Island (77),36,4.5,2,1.0,141.0,,43.646162,-79.392491,2017-03-12 17:53:31.739858
16088062,31255818,Entire home/apt,,Waterfront Communities-The Island (77),10,4.5,5,2.0,134.0,,43.644689,-79.390938,2017-03-12 17:53:31.735689
14382095,86622390,Entire home/apt,,Waterfront Communities-The Island (77),13,5.0,2,1.0,134.0,,43.641922,-79.380419,2017-03-12 17:53:31.733063
6850099,35893719,Entire home/apt,,Waterfront Communities-The Island (77),7,5.0,2,1.0,134.0,,43.642743,-79.398667,2017-03-12 17:53:31.730394
14136430,7597360,Entire home/apt,,Waterfront Communities-The Island (77),5,5.0,2,1.0,129.0,,43.646632,-79.376439,2017-03-12 17:53:31.728140
16596958,1684087,Entire home/apt,,Mount Pleasant West (104),0,0.0,4,2.0,141.0,,43.707422,-79.396508,2017-03-12 17:53:31.724672
14857613,69267810,Entire home/apt,,Waterfront Communities-The Island (77),37,4.5,4,1.0,138.0,,43.643269,-79.390575,2017-03-12 17:53:30.189033
13473283,69267810,Entire home/apt,,Waterfront Communities-The Island (77),47,4.5,2,1.0,138.0,,43.645127,-79.390244,2017-03-12 17:53:30.186175
16885842,534666,Entire home/apt,,Waterfront Communities-The Island (77),3,4.5,4,2.0,134.0,,43.642622,-79.381172,2017-03-12 17:53:30.182204
14200094,47669138,Entire home/apt,,Waterfront Communities-The Island (77),31,5.0,2,1.0,134.0,,43.646948,-79.397531,2017-03-12 17:53:30.179766
16212854,69267810,Entire home/apt,,Annex (95),8,5.0,4,1.0,138.0,,43.670604,-79.393512,2017-03-12 17:53:30.176996
13631424,14442943,Entire home/apt,,Trinity-Bellwoods (81),11,5.0,2,1.0,141.0,,43.645878,-79.420332,2017-03-12 17:53:30.173253
5668954,3137894,Entire home/apt,,Waterfront Communities-The Island (77),24,5.0,4,2.0,137.0,,43.645584,-79.393922,2017-03-12 17:53:30.171060
14245630,86686672,Entire home/apt,,Moss Park (73),9,5.0,4,1.0,126.0,,43.650886,-79.371352,2017-03-12 17:53:30.168928
16302710,106060423,Entire home/apt,,Newtonbrook East (50),2,0.0,8,3.0,137.0,,43.792429,-79.405201,2017-03-12 17:53:30.166695
2927431,14948533,Entire home/apt,,Moss Park (73),8,5.0,2,1.0,134.0,,43.651931,-79.372339,2017-03-12 17:53:30.163592
14613798,20214093,Entire home/apt,,Waterfront Communities-The Island (77),8,5.0,2,1.0,126.0,,43.645035,-79.392695,2017-03-12 17:53:30.157992
15500719,8702985,Entire home/apt,,Trinity-Bellwoods (81),2,0.0,2,1.0,136.0,,43.651587,-79.414418,2017-03-12 17:53:30.155546
12760123,42298818,Entire home/apt,,High Park North (88),20,5.0,6,2.0,129.0,,43.658944,-79.4537,2017-03-12 17:53:30.150142
7133629,9186162,Entire home/apt,,Waterfront Communities-The Island (77),58,4.5,6,2.0,138.0,,43.641775,-79.376413,2017-03-12 17:53:30.146917
17557439,110791263,Entire home/apt,,Waterfront Communities-The Island (77),0,0.0,5,2.0,134.0,,43.63785,-79.397124,2017-03-12 17:53:28.600330
9749102,23586145,Entire home/apt,,Niagara (82),0,0.0,2,1.0,138.0,,43.637778,-79.418723,2017-03-12 17:53:28.597867
17589971,119507081,Entire home/apt,,Waterfront Communities-The Island (77),0,0.0,6,2.0,144.0,,43.638649,-79.382229,2017-03-12 17:53:28.595764
9515723,49305669,Entire home/apt,,Waterfront Communities-The Island (77),66,5.0,5,2.0,141.0,,43.641083,-79.38243,2017-03-12 17:53:28.593491
16626518,57035580,Entire home/apt,,Waterfront Communities-The Island (77),3,5.0,3,1.0,129.0,,43.647349,-79.375506,2017-03-12 17:53:28.588471
6878816,36045518,Entire home/apt,,Forest Hill South (101),0,0.0,2,1.0,130.0,,43.703455,-79.411531,2017-03-12 17:53:28.585803
10435455,16343267,Entire home/apt,,Little Portugal (84),14,5.0,4,2.0,142.0,,43.642242,-79.424089,2017-03-12 17:53:28.583152
6767412,35431551,Entire home/apt,,Niagara (82),0,0.0,4,2.0,138.0,,43.640605,-79.418598,2017-03-12 17:53:28.578765
17380122,64216584,Entire home/apt,,Church-Yonge Corridor (75),5,5.0,6,2.0,130.0,,43.656456,-79.37999,2017-03-12 17:53:28.574879
2165577,7341708,Entire home/apt,,Waterfront Communities-The Island (77),0,0.0,2,1.0,130.0,,43.639973,-79.395513,2017-03-12 17:53:28.571204
16897655,112762274,Entire home/apt,,Waterfront Communities-The Island (77),2,0.0,3,1.0,134.0,,43.641291,-79.382767,2017-03-12 17:53:28.567320
13674220,79559123,Entire home/apt,,Waterfront Communities-The Island (77),3,5.0,2,1.0,134.0,,43.64671,-79.392075,2017-03-12 17:53:28.564515
2594598,13284043,Entire home/apt,,Waterfront Communities-The Island (77),127,4.5,4,2.0,130.0,,43.638145,-79.389796,2017-03-12 17:53:28.559912
15887025,102901292,Entire home/apt,,Lansing-Westgate (38),2,0.0,3,1.0,126.0,,43.759927,-79.410963,2017-03-12 17:53:28.554964
14533481,46540398,Entire home/apt,,Waterfront Communities-The Island (77),27,5.0,4,1.0,137.0,,43.643535,-79.382937,2017-03-12 17:53:26.763529
5822821,534666,Entire home/apt,,Waterfront Communities-The Island (77),84,4.5,3,1.0,138.0,,43.642032,-79.381825,2017-03-12 17:53:26.760655
17435225,117964517,Entire home/apt,,Waterfront Communities-The Island (77),2,0.0,4,1.0,136.0,,43.638776,-79.385492,2017-03-12 17:53:26.756222
14484099,52249699,Entire home/apt,,Niagara (82),18,5.0,6,1.0,126.0,,43.645027,-79.413192,2017-03-12 17:53:26.753879
15325006,97413190,Entire home/apt,,Annex (95),6,5.0,2,1.0,137.0,,43.672462,-79.388334,2017-03-12 17:53:26.751379
4692459,22407775,Entire home/apt,,Niagara (82),22,5.0,3,1.0,130.0,,43.636921,-79.401914,2017-03-12 17:53:26.746773
5500597,400517,Entire home/apt,,Church-Yonge Corridor (75),25,5.0,2,1.0,126.0,,43.652755,-79.376892,2017-03-12 17:53:26.743753
15356300,4276841,Entire home/apt,,Bayview Village (52),9,4.5,10,2.0,138.0,,43.767023,-79.370717,2017-03-12 17:53:26.741203
14065935,24235743,Entire home/apt,,Little Portugal (84),20,5.0,4,1.0,137.0,,43.642949,-79.42383,2017-03-12 17:53:26.738091
14859493,15834378,Entire home/apt,,Yonge-Eglinton (100),5,4.5,6,2.0,129.0,,43.701215,-79.407854,2017-03-12 17:53:26.735663
15647750,86384127,Entire home/apt,,Moss Park (73),12,4.5,10,3.0,138.0,,43.657001,-79.370103,2017-03-12 17:53:26.733306
14916406,30965917,Entire home/apt,,Waterfront Communities-The Island (77),19,5.0,4,2.0,134.0,,43.639605,-79.39567,2017-03-12 17:53:26.729129
13925019,44702510,Entire home/apt,,Waterfront Communities-The Island (77),1,0.0,2,1.0,134.0,,43.642257,-79.380668,2017-03-12 17:53:22.313834
5755164,29855613,Entire home/apt,,Dufferin Grove (83),8,5.0,6,4.0,134.0,,43.6565,-79.441686,2017-03-12 17:53:22.310876
13657964,828563,Entire home/apt,,Waterfront Communities-The Island (77),91,5.0,2,1.0,129.0,,43.641696,-79.381887,2017-03-12 17:53:22.308859
12793198,66366678,Entire home/apt,,Rosedale-Moore Park (98),43,5.0,6,3.0,138.0,,43.672887,-79.376502,2017-03-12 17:53:22.306523
6541318,434405,Entire home/apt,,Waterfront Communities-The Island (77),14,5.0,2,1.0,130.0,,43.646343,-79.393756,2017-03-12 17:53:22.303913
6074089,129646,Entire home/apt,,Waterfront Communities-The Island (77),4,5.0,2,1.0,129.0,,43.642824,-79.38355,2017-03-12 17:53:22.299809
14150082,934821,Entire home/apt,,Waterfront Communities-The Island (77),15,5.0,3,1.0,141.0,,43.647884,-79.37279,2017-03-12 17:53:22.297577
13445857,21245388,Entire home/apt,,Waterfront Communities-The Island (77),30,5.0,4,1.0,137.0,,43.645048,-79.392656,2017-03-12 17:53:22.292911
9281353,3947933,Entire home/apt,,Waterfront Communities-The Island (77),21,5.0,2,1.0,141.0,,43.639822,-79.380855,2017-03-12 17:53:22.286824
16468698,108067174,Entire home/apt,,Annex (95),1,0.0,3,2.0,134.0,,43.670085,-79.393635,2017-03-12 17:53:22.284445
12524021,25276389,Entire home/apt,,Waterfront Communities-The Island (77),56,5.0,4,1.0,137.0,,43.643189,-79.391445,2017-03-12 17:53:22.281299
13111411,50396723,Entire home/apt,,Waterfront Communities-The Island (77),19,5.0,3,1.0,138.0,,43.642658,-79.381058,2017-03-12 17:53:22.277021
9664134,2317182,Entire home/apt,,Trinity-Bellwoods (81),15,5.0,2,1.0,133.0,,43.649113,-79.411745,2017-03-12 17:53:22.274641
4751276,24519005,Entire home/apt,,Waterfront Communities-The Island (77),23,5.0,3,1.0,134.0,,43.644748,-79.389332,2017-03-12 17:53:22.271390
15770518,25276389,Entire home/apt,,Waterfront Communities-The Island (77),10,5.0,4,1.0,137.0,,43.643641,-79.389148,2017-03-12 17:53:20.653712
14860996,11126773,Entire home/apt,,Niagara (82),17,5.0,4,2.0,134.0,,43.637681,-79.403854,2017-03-12 17:53:20.651726
12291533,6960460,Entire home/apt,,Waterfront Communities-The Island (77),1,0.0,2,1.0,138.0,,43.646555,-79.391136,2017-03-12 17:53:20.649097
13840431,69267810,Entire home/apt,,Annex (95),38,4.5,5,2.0,138.0,,43.671274,-79.39512,2017-03-12 17:53:20.644706
16481740,13617365,Entire home/apt,,Waterfront Communities-The Island (77),1,0.0,5,2.0,136.0,,43.643009,-79.400498,2017-03-12 17:53:20.642485
14680666,923780,Entire home/apt,,Waterfront Communities-The Island (77),5,5.0,4,2.0,141.0,,43.640007,-79.389836,2017-03-12 17:53:20.639921
10921581,2764534,Entire home/apt,,Bay Street Corridor (76),16,4.5,2,1.0,138.0,,43.667884,-79.388586,2017-03-12 17:57:16.539732
4029348,20889872,Entire home/apt,,Waterfront Communities-The Island (77),28,5.0,2,0.0,138.0,,43.641016,-79.400928,2017-03-12 17:57:15.047469
10815551,17834182,Entire home/apt,,Waterfront Communities-The Island (77),18,4.5,7,2.0,129.0,,43.643347,-79.390932,2017-03-12 17:57:15.043491
753590,1919294,Entire home/apt,,Waterfront Communities-The Island (77),14,4.5,4,1.0,144.0,,43.643078,-79.392778,2017-03-12 17:57:13.647507
5298470,1919294,Entire home/apt,,Waterfront Communities-The Island (77),6,5.0,4,2.0,144.0,,43.648212,-79.392734,2017-03-12 17:57:13.634224
13942126,82938443,Entire home/apt,,Niagara (82),7,4.5,5,2.0,129.0,,43.636555,-79.404772,2017-03-12 17:57:12.219307
5133776,26539545,Entire home/apt,,University (79),34,5.0,5,2.0,138.0,,43.664523,-79.402081,2017-03-12 17:57:12.214782
6685564,3557791,Entire home/apt,,Niagara (82),0,0.0,2,1.0,141.0,,43.636376,-79.40029,2017-03-12 17:57:12.203481
4531081,11098648,Entire home/apt,,Waterfront Communities-The Island (77),139,4.5,6,2.0,144.0,,43.641357,-79.39501,2017-03-12 17:57:12.197374
892352,4448135,Entire home/apt,,Kensington-Chinatown (78),96,5.0,6,1.0,130.0,,43.650433,-79.396926,2017-03-12 17:57:09.670595
1019166,1919294,Entire home/apt,,Waterfront Communities-The Island (77),7,4.5,4,2.0,144.0,,43.641997,-79.396231,2017-03-12 17:57:09.665697
15274237,86640202,Entire home/apt,,Waterfront Communities-The Island (77),2,0.0,2,0.0,138.0,,43.644432,-79.40092,2017-03-12 17:57:09.651102
17323608,15912223,Entire home/apt,,Waterfront Communities-The Island (77),0,0.0,4,1.0,134.0,,43.641861,-79.392765,2017-03-12 17:57:06.527507
728296,1919294,Entire home/apt,,Niagara (82),8,4.5,3,1.0,129.0,,43.637522,-79.413816,2017-03-12 17:56:49.744028
12541259,11494404,Entire home/apt,,Niagara (82),22,5.0,4,2.0,131.0,,43.63628,-79.404452,2017-03-12 17:56:48.568685
2943404,11709153,Entire home/apt,,Niagara (82),10,5.0,6,2.0,126.0,,43.640619,-79.41702,2017-03-12 17:56:48.556227
4890367,25161444,Entire home/apt,,Roncesvalles (86),11,5.0,7,4.0,129.0,,43.640123,-79.442546,2017-03-12 17:56:48.548174
14232228,51509516,Entire home/apt,,Kensington-Chinatown (78),5,4.5,5,2.0,134.0,,43.649406,-79.40245,2017-03-12 17:56:46.872899
2593164,7155827,Entire home/apt,,Niagara (82),5,5.0,2,1.0,138.0,,43.645037,-79.411765,2017-03-12 17:56:46.866582
5180478,26793942,Entire home/apt,,Trinity-Bellwoods (81),12,4.5,4,1.0,134.0,,43.646201,-79.41293,2017-03-12 17:56:46.858514
15625435,99694121,Entire home/apt,,Waterfront Communities-The Island (77),5,5.0,8,2.0,144.0,,43.642302,-79.390533,2017-03-12 17:56:45.449713
17398827,117615075,Entire home/apt,,Roncesvalles (86),0,0.0,5,3.0,138.0,,43.645479,-79.442292,2017-03-12 17:56:45.438120
3858874,8942185,Entire home/apt,,Niagara (82),27,4.5,6,2.0,141.0,,43.640794,-79.404843,2017-03-12 17:56:44.253628
15140820,33498885,Entire home/apt,,Niagara (82),4,4.0,3,1.0,134.0,,43.640726,-79.41714,2017-03-12 17:56:44.248022
3683593,2062677,Entire home/apt,,Bay Street Corridor (76),4,4.5,2,1.0,144.0,,43.645715,-79.382927,2017-03-12 17:56:42.826612
7176995,3248081,Entire home/apt,,South Parkdale (85),1,0.0,4,2.0,136.0,,43.639657,-79.430584,2017-03-12 17:56:41.555567
7225869,23182978,Entire home/apt,,Niagara (82),2,0.0,2,1.0,141.0,,43.641035,-79.418776,2017-03-12 17:56:36.027638
13101656,72796925,Entire home/apt,,North St.James Town (74),0,0.0,2,0.0,144.0,,43.670827,-79.380249,2017-03-12 17:56:23.619066
14218238,7135549,Entire home/apt,,Waterfront Communities-The Island (77),0,0.0,6,2.0,144.0,,43.641725,-79.382088,2017-03-12 17:56:23.611771
11427629,43191204,Entire home/apt,,Waterfront Communities-The Island (77),6,4.5,2,1.0,144.0,,43.641107,-79.372462,2017-03-12 17:56:23.606563
9479221,49133533,Entire home/apt,,Church-Yonge Corridor (75),1,0.0,2,0.0,143.0,,43.6538,-79.373499,2017-03-12 17:56:23.602766
5003807,25803289,Entire home/apt,,Waterfront Communities-The Island (77),1,0.0,2,1.0,129.0,,43.642085,-79.371821,2017-03-12 17:56:22.047346
8072437,3822238,Entire home/apt,,Waterfront Communities-The Island (77),12,3.5,7,2.0,138.0,,43.643486,-79.375981,2017-03-12 17:56:22.039489
17264203,6739062,Entire home/apt,,Church-Yonge Corridor (75),0,0.0,3,1.0,134.0,,43.652708,-79.378041,2017-03-12 17:56:22.033967
3269556,16532893,Entire home/apt,,Waterfront Communities-The Island (77),15,5.0,4,1.0,144.0,,43.646714,-79.375156,2017-03-12 17:56:22.029512
13134698,56312972,Entire home/apt,,Waterfront Communities-The Island (77),3,4.5,4,1.0,144.0,,43.624533,-79.379897,2017-03-12 17:56:20.743565
8184307,8181379,Entire home/apt,,Dufferin Grove (83),0,0.0,5,3.0,141.0,,43.656106,-79.445465,2017-03-12 17:56:13.409447
6808625,35641884,Entire home/apt,,Oakwood Village (107),2,0.0,6,2.0,126.0,,43.67981,-79.441994,2017-03-12 17:56:13.402262
4323223,22444934,Entire home/apt,,Dovercourt-Wallace Emerson-Junction (93),0,0.0,4,3.0,144.0,,43.664846,-79.431386,2017-03-12 17:56:13.397415
3391850,506958,Entire home/apt,,Dovercourt-Wallace Emerson-Junction (93),0,0.0,2,0.0,134.0,,43.658443,-79.446195,2017-03-12 17:56:11.908131
12092049,64818471,Entire home/apt,,Oakwood Village (107),0,0.0,5,3.0,134.0,,43.684164,-79.437757,2017-03-12 17:56:11.890034
14321434,58455846,Entire home/apt,,Oakwood Village (107),0,0.0,6,2.0,138.0,,43.68589,-79.439206,2017-03-12 17:56:11.880041
830963,3894776,Entire home/apt,,Palmerston-Little Italy (80),20,4.5,4,2.0,126.0,,43.658687,-79.425612,2017-03-12 17:56:10.489582
14341128,200760,Entire home/apt,,Corso Italia-Davenport (92),9,4.0,4,2.0,137.0,,43.67848,-79.437888,2017-03-12 17:56:10.485621
2261852,11548858,Entire home/apt,,Annex (95),4,4.5,4,1.0,130.0,,43.672752,-79.406825,2017-03-12 17:56:10.476874
1974848,6657591,Entire home/apt,,Dovercourt-Wallace Emerson-Junction (93),8,5.0,5,3.0,144.0,,43.669499,-79.430533,2017-03-12 17:56:10.470464
12379483,3251808,Entire home/apt,,Dovercourt-Wallace Emerson-Junction (93),6,4.5,2,1.0,134.0,,43.665362,-79.446006,2017-03-12 17:56:08.768445
7143278,6082358,Entire home/apt,,Dovercourt-Wallace Emerson-Junction (93),1,0.0,5,3.0,130.0,,43.669112,-79.427374,2017-03-12 17:56:08.763378
7938262,35706319,Entire home/apt,,Church-Yonge Corridor (75),24,4.5,2,0.0,144.0,,43.664046,-79.3808,2017-03-12 17:56:03.815173
9559386,6739062,Entire home/apt,,Church-Yonge Corridor (75),3,5.0,3,1.0,138.0,,43.669889,-79.384214,2017-03-12 17:56:03.803908
12986191,13074648,Entire home/apt,,South Riverdale (70),2,0.0,6,3.0,126.0,,43.666794,-79.346219,2017-03-12 17:56:02.843670
3351289,11390175,Entire home/apt,,South Riverdale (70),1,0.0,4,2.0,134.0,,43.663979,-79.354449,2017-03-12 17:56:02.837028
3369760,17001223,Entire home/apt,,Broadview North (57),13,5.0,6,4.0,141.0,,43.683628,-79.348105,2017-03-12 17:56:02.043293
13752592,2451557,Entire home/apt,,Kensington-Chinatown (78),0,0.0,2,1.0,144.0,,43.65492,-79.398712,2017-03-12 17:55:59.344438
14127977,8177248,Entire home/apt,,Dovercourt-Wallace Emerson-Junction (93),2,0.0,6,4.0,134.0,,43.663691,-79.432147,2017-03-12 17:55:59.339735
17601809,114344363,Entire home/apt,,Trinity-Bellwoods (81),0,0.0,4,2.0,129.0,,43.652997,-79.415784,2017-03-12 17:55:56.279006
8652773,39544470,Entire home/apt,,Little Portugal (84),2,0.0,4,2.0,126.0,,43.643215,-79.422925,2017-03-12 17:55:54.819708
4616098,2372619,Entire home/apt,,Waterfront Communities-The Island (77),24,4.5,4,1.0,126.0,,43.642964,-79.390128,2017-03-12 17:55:54.808473
6843406,34092005,Entire home/apt,,Trinity-Bellwoods (81),15,5.0,4,2.0,141.0,,43.646709,-79.407403,2017-03-12 17:55:54.797241
2574620,13183998,Entire home/apt,,Waterfront Communities-The Island (77),8,5.0,4,1.0,141.0,,43.645258,-79.393299,2017-03-12 17:55:53.691054
7281337,12871231,Entire home/apt,,Trinity-Bellwoods (81),110,4.5,9,4.0,144.0,,43.649133,-79.409807,2017-03-12 17:55:49.807548
16996346,52432167,Entire home/apt,,Little Portugal (84),1,0.0,2,1.0,129.0,,43.643402,-79.425851,2017-03-12 17:55:48.820284
511141,2518222,Entire home/apt,,Little Portugal (84),27,5.0,6,2.0,138.0,,43.648872,-79.432019,2017-03-12 17:55:43.787101
9403760,48766118,Entire home/apt,,Little Portugal (84),44,5.0,4,2.0,134.0,,43.643136,-79.423292,2017-03-12 17:55:41.294920
13900136,82283451,Entire home/apt,,South Parkdale (85),5,4.5,3,1.0,134.0,,43.64001,-79.422815,2017-03-12 17:55:38.217189
11022132,57195059,Entire home/apt,,Forest Hill North (102),0,0.0,4,1.0,134.0,,43.707476,-79.425571,2017-03-12 17:55:32.392058
8868915,20624389,Entire home/apt,,Lansing-Westgate (38),0,0.0,6,2.0,130.0,,43.759236,-79.410875,2017-03-12 17:55:32.387520
15067718,8760552,Entire home/apt,,South Parkdale (85),0,0.0,4,2.0,134.0,,43.640143,-79.422496,2017-03-12 17:55:28.060946
6844443,3675918,Entire home/apt,,Waterfront Communities-The Island (77),10,4.5,2,1.0,143.0,,43.643936,-79.390649,2017-03-12 17:55:28.052115
12568745,6699405,Entire home/apt,,South Riverdale (70),0,0.0,8,4.0,141.0,,43.665097,-79.3463,2017-03-12 17:55:28.049334
1578070,5559775,Entire home/apt,,Waterfront Communities-The Island (77),12,4.5,4,2.0,131.0,,43.646159,-79.392033,2017-03-12 17:55:26.727332
13730870,82791,Entire home/apt,,Little Portugal (84),28,4.5,4,2.0,129.0,,43.64323,-79.423789,2017-03-12 17:55:26.723122
16255015,1919294,Entire home/apt,,Bay Street Corridor (76),0,0.0,2,2.0,129.0,,43.650677,-79.384205,2017-03-12 17:55:26.694811
15706080,8850734,Entire home/apt,,South Riverdale (70),0,0.0,3,2.0,144.0,,43.660987,-79.342,2017-03-12 17:55:25.478340
15172877,35345435,Entire home/apt,,Waterfront Communities-The Island (77),1,0.0,2,1.0,138.0,,43.639728,-79.397896,2017-03-12 17:55:25.471972
10880528,47702059,Entire home/apt,,Waterfront Communities-The Island (77),34,4.5,5,1.0,144.0,,43.642813,-79.380976,2017-03-12 17:55:25.467548
8577645,1919294,Entire home/apt,,Waterfront Communities-The Island (77),1,0.0,4,2.0,137.0,,43.642642,-79.382498,2017-03-12 17:55:24.466427
10388083,5579235,Entire home/apt,,Niagara (82),0,0.0,2,1.0,134.0,,43.637863,-79.418111,2017-03-12 17:55:24.464094
5860980,27746870,Entire home/apt,,Bay Street Corridor (76),6,3.5,4,2.0,129.0,,43.649685,-79.386446,2017-03-12 17:55:24.459182
6373686,5135302,Entire home/apt,,Trinity-Bellwoods (81),1,0.0,2,1.0,130.0,,43.645967,-79.412274,2017-03-12 17:55:13.002909
12997276,1919294,Entire home/apt,,Church-Yonge Corridor (75),4,4.5,2,1.0,129.0,,43.655353,-79.37668,2017-03-12 17:55:12.984891
14826292,31085227,Entire home/apt,,Niagara (82),6,5.0,4,2.0,134.0,,43.636261,-79.404336,2017-03-12 17:55:12.982315
5805793,4481135,Entire home/apt,,Trinity-Bellwoods (81),17,5.0,2,1.0,134.0,,43.646405,-79.416759,2017-03-12 17:55:11.638307
15130734,17764286,Entire home/apt,,Little Portugal (84),0,0.0,4,2.0,137.0,,43.641237,-79.423127,2017-03-12 17:55:11.623863
7003701,1886218,Entire home/apt,,Trinity-Bellwoods (81),29,4.5,2,1.0,129.0,,43.647237,-79.406609,2017-03-12 17:55:11.621123
16443418,1919294,Entire home/apt,,Waterfront Communities-The Island (77),0,0.0,4,2.0,137.0,,43.639623,-79.39285,2017-03-12 17:55:10.186141
14806276,92513427,Entire home/apt,,Trinity-Bellwoods (81),5,5.0,2,1.0,138.0,,43.647993,-79.410007,2017-03-12 17:55:10.183908
15426410,31759365,Entire home/apt,,Waterfront Communities-The Island (77),0,0.0,2,1.0,138.0,,43.645281,-79.398789,2017-03-12 17:55:10.181493
7044846,20797595,Entire home/apt,,Waterfront Communities-The Island (77),12,4.5,4,2.0,134.0,,43.6408,-79.383871,2017-03-12 17:55:10.166390
14223541,82791,Entire home/apt,,South Parkdale (85),23,4.5,4,2.0,129.0,,43.640823,-79.424177,2017-03-12 17:55:08.886287
4901641,4010478,Entire home/apt,,Niagara (82),10,4.5,2,2.0,134.0,,43.64443,-79.413187,2017-03-12 17:55:08.876767
16073759,103843653,Entire home/apt,,Trinity-Bellwoods (81),1,0.0,8,3.0,137.0,,43.646058,-79.417681,2017-03-12 17:55:08.872468
17312170,165899,Entire home/apt,,Niagara (82),0,0.0,5,1.0,129.0,,43.637806,-79.40707,2017-03-12 17:55:08.863758
15148200,8976677,Entire home/apt,,Niagara (82),1,0.0,3,1.0,141.0,,43.643537,-79.415189,2017-03-12 17:55:08.860957
10597319,54681810,Entire home/apt,,Trinity-Bellwoods (81),26,5.0,6,2.0,144.0,,43.644993,-79.418272,2017-03-12 17:55:07.600790
14386539,12860809,Entire home/apt,,Waterfront Communities-The Island (77),3,4.5,2,1.0,129.0,,43.643337,-79.380359,2017-03-12 17:55:07.572356
13435146,3825163,Entire home/apt,,Trinity-Bellwoods (81),4,5.0,4,2.0,138.0,,43.651868,-79.41618,2017-03-12 17:55:06.083989
13529751,77768724,Entire home/apt,,Waterfront Communities-The Island (77),26,5.0,4,2.0,134.0,,43.642043,-79.381372,2017-03-12 17:55:06.075146
17601135,62398808,Entire home/apt,,Trinity-Bellwoods (81),0,0.0,4,2.0,136.0,,43.654373,-79.408239,2017-03-12 17:55:06.060096
7411257,1919294,Entire home/apt,,Church-Yonge Corridor (75),6,4.5,3,2.0,137.0,,43.668103,-79.385163,2017-03-12 17:55:05.108030
16352894,6079484,Entire home/apt,,Waterfront Communities-The Island (77),0,0.0,4,2.0,138.0,,43.641633,-79.382015,2017-03-12 17:55:05.100739
14153442,12860809,Entire home/apt,,Waterfront Communities-The Island (77),15,5.0,3,1.0,126.0,,43.640844,-79.382495,2017-03-12 17:55:05.088221
5769297,5854692,Entire home/apt,,Church-Yonge Corridor (75),66,5.0,8,2.0,126.0,,43.65481,-79.380221,2017-03-12 17:55:02.934114
16300671,33998949,Entire home/apt,,Bay Street Corridor (76),0,0.0,3,2.0,138.0,,43.650949,-79.380227,2017-03-12 17:55:00.585358
5559784,4916259,Entire home/apt,,Cabbagetown-South St.James Town (71),19,5.0,4,2.0,144.0,,43.665249,-79.370634,2017-03-12 17:54:59.568665
13992933,57879991,Entire home/apt,,South Riverdale (70),47,4.5,4,1.0,125.0,,43.667294,-79.337852,2017-03-12 17:54:45.122781
908807,4871479,Entire home/apt,,Playter Estates-Danforth (67),36,4.5,3,1.0,134.0,,43.677732,-79.361266,2017-03-12 17:54:43.129390
12682834,33277581,Entire home/apt,,Bay Street Corridor (76),11,5.0,4,1.0,141.0,,43.660914,-79.385836,2017-03-12 17:54:43.127312
270330,1415439,Entire home/apt,,Waterfront Communities-The Island (77),72,5.0,4,1.0,129.0,,43.642481,-79.375024,2017-03-12 17:54:43.124192
16707478,110697163,Entire home/apt,,Waterfront Communities-The Island (77),0,0.0,2,1.0,138.0,,43.639367,-79.397471,2017-03-12 17:54:43.112582
15713961,3817189,Entire home/apt,,Moss Park (73),1,0.0,8,2.0,126.0,,43.65579,-79.37253,2017-03-12 17:54:43.106998
11279714,12077066,Entire home/apt,,South Riverdale (70),7,4.5,2,1.0,144.0,,43.658456,-79.34942,2017-03-12 17:54:43.098766
9959199,11766501,Entire home/apt,,Waterfront Communities-The Island (77),0,0.0,7,2.0,129.0,,43.640845,-79.389294,2017-03-12 17:54:43.093582
14568261,10018289,Entire home/apt,,South Riverdale (70),0,0.0,5,2.0,134.0,,43.664047,-79.34117,2017-03-12 17:54:30.339596
13856460,63921543,Entire home/apt,,Waterfront Communities-The Island (77),7,4.5,6,2.0,137.0,,43.646109,-79.397254,2017-03-12 17:54:30.329756
11979841,4899872,Entire home/apt,,Waterfront Communities-The Island (77),2,0.0,2,0.0,138.0,,43.647224,-79.397307,2017-03-12 17:54:30.326892
16315597,1919294,Entire home/apt,,Bay Street Corridor (76),1,0.0,4,2.0,138.0,,43.649022,-79.383031,2017-03-12 17:54:30.317419
5903095,16340124,Entire home/apt,,Niagara (82),1,0.0,1,1.0,144.0,,43.636301,-79.40006,2017-03-12 17:54:30.309381
5761422,6851194,Entire home/apt,,Danforth East York (59),7,4.5,6,3.0,134.0,,43.687689,-79.336754,2017-03-12 17:54:30.305918
1695679,6472752,Entire home/apt,,Church-Yonge Corridor (75),6,5.0,4,1.0,140.0,,43.660323,-79.381475,2017-03-12 17:54:28.872406
5310461,113345,Entire home/apt,,Waterfront Communities-The Island (77),4,4.5,4,1.0,129.0,,43.648197,-79.388275,2017-03-12 17:54:28.870168
1236305,6739062,Entire home/apt,,Rosedale-Moore Park (98),3,4.5,2,1.0,130.0,,43.671496,-79.385173,2017-03-12 17:54:28.865625
776346,1919294,Entire home/apt,,Waterfront Communities-The Island (77),8,4.5,3,1.0,129.0,,43.642721,-79.391107,2017-03-12 17:54:28.863306
10823737,4077041,Entire home/apt,,Waterfront Communities-The Island (77),5,4.5,3,2.0,134.0,,43.642338,-79.383316,2017-03-12 17:54:28.859590
13114971,1919294,Entire home/apt,,Waterfront Communities-The Island (77),0,0.0,2,1.0,129.0,,43.638312,-79.397549,2017-03-12 17:54:28.856653
14153216,85509427,Entire home/apt,,Kensington-Chinatown (78),35,5.0,7,2.0,129.0,,43.64996,-79.402845,2017-03-12 17:54:28.853213
1231069,5238206,Entire home/apt,,Waterfront Communities-The Island (77),9,5.0,3,1.0,129.0,,43.640905,-79.382532,2017-03-12 17:54:28.850888
16939805,25868940,Entire home/apt,,South Riverdale (70),0,0.0,2,2.0,143.0,,43.661016,-79.351216,2017-03-12 17:54:28.848419
14220195,2100122,Entire home/apt,,Moss Park (73),1,0.0,2,1.0,130.0,,43.653848,-79.367463,2017-03-12 17:54:28.846027
5814564,30170184,Entire home/apt,,Waterfront Communities-The Island (77),0,0.0,2,1.0,129.0,,43.639014,-79.390336,2017-03-12 17:54:28.843063
4029711,4427850,Entire home/apt,,Bay Street Corridor (76),3,5.0,4,2.0,134.0,,43.652685,-79.383824,2017-03-12 17:54:28.840304
14252116,34075107,Entire home/apt,,Annex (95),5,4.5,5,3.0,138.0,,43.671515,-79.398222,2017-03-12 17:54:28.836384
10284340,1919294,Entire home/apt,,Waterfront Communities-The Island (77),1,0.0,2,1.0,129.0,,43.639525,-79.397955,2017-03-12 17:54:28.831605
16065702,5567340,Entire home/apt,,Waterfront Communities-The Island (77),2,0.0,4,1.0,126.0,,43.644369,-79.401929,2017-03-12 17:54:28.828838
1186655,6488491,Entire home/apt,,South Riverdale (70),15,4.5,5,2.0,138.0,,43.66434,-79.340927,2017-03-12 17:54:27.274260
12890301,69402689,Entire home/apt,,South Riverdale (70),2,0.0,2,0.0,134.0,,43.663527,-79.340737,2017-03-12 17:54:27.272194
104096,349172,Entire home/apt,,South Riverdale (70),15,5.0,6,2.0,134.0,,43.665266,-79.329344,2017-03-12 17:54:27.266186
5537555,28704942,Entire home/apt,,Birchcliffe-Cliffside (122),16,4.5,6,2.0,138.0,,43.687988,-79.284517,2017-03-12 17:54:27.262432
3420417,14721542,Entire home/apt,,Birchcliffe-Cliffside (122),3,4.5,4,2.0,134.0,,43.682908,-79.284308,2017-03-12 17:54:27.258577
9055545,37331907,Entire home/apt,,Waterfront Communities-The Island (77),59,5.0,7,2.0,144.0,,43.644186,-79.390618,2017-03-12 17:54:27.254893
16443350,1919294,Entire home/apt,,Waterfront Communities-The Island (77),1,0.0,2,1.0,129.0,,43.640437,-79.392918,2017-03-12 17:54:27.251123
17224524,55357443,Entire home/apt,,Waterfront Communities-The Island (77),1,0.0,4,1.0,144.0,,43.641891,-79.381716,2017-03-12 17:54:27.248888
14854566,8351706,Entire home/apt,,Waterfront Communities-The Island (77),0,0.0,2,1.0,135.0,,43.641042,-79.396416,2017-03-12 17:54:25.706824
14380750,80603071,Entire home/apt,,Cabbagetown-South St.James Town (71),7,4.5,8,4.0,142.0,,43.666285,-79.370637,2017-03-12 17:54:25.703910
14039955,1039434,Entire home/apt,,Kensington-Chinatown (78),1,0.0,2,1.0,137.0,,43.655031,-79.400671,2017-03-12 17:54:25.701655
8812875,9859739,Entire home/apt,,Waterfront Communities-The Island (77),1,0.0,5,2.0,141.0,,43.644309,-79.401117,2017-03-12 17:54:25.697758
12980897,49288354,Entire home/apt,,Waterfront Communities-The Island (77),8,4.5,2,1.0,129.0,,43.643438,-79.381667,2017-03-12 17:54:25.689134
14993631,2510743,Entire home/apt,,Waterfront Communities-The Island (77),5,5.0,3,1.0,126.0,,43.644722,-79.402499,2017-03-12 17:54:25.682692
14504656,89325823,Entire home/apt,,Waterfront Communities-The Island (77),3,4.5,3,1.0,130.0,,43.64713,-79.390339,2017-03-12 17:54:25.677166
578364,1798495,Entire home/apt,,Bay Street Corridor (76),13,4.5,4,1.0,138.0,,43.66298,-79.386838,2017-03-12 17:54:24.677688
14274131,8181610,Entire home/apt,,Bay Street Corridor (76),2,0.0,2,1.0,134.0,,43.661113,-79.38575,2017-03-12 17:54:24.675446
2075514,1631989,Entire home/apt,,Waterfront Communities-The Island (77),32,5.0,6,2.0,137.0,,43.648032,-79.373925,2017-03-12 17:54:24.670360
638586,3186285,Entire home/apt,,Waterfront Communities-The Island (77),43,4.5,2,1.0,138.0,,43.642707,-79.392437,2017-03-12 17:54:24.666476
1457064,1919294,Entire home/apt,,Waterfront Communities-The Island (77),3,5.0,2,1.0,137.0,,43.642087,-79.381803,2017-03-12 17:54:24.663609
2634635,3055556,Entire home/apt,,Moss Park (73),18,5.0,3,1.0,129.0,,43.662458,-79.375476,2017-03-12 17:54:24.654395
14966588,15438192,Entire home/apt,,Waterfront Communities-The Island (77),3,5.0,2,1.0,130.0,,43.644636,-79.401936,2017-03-12 17:54:24.642225
15286270,76596997,Entire home/apt,,Niagara (82),2,0.0,5,2.0,138.0,,43.637362,-79.40393,2017-03-12 17:54:23.860805
6627706,34369973,Entire home/apt,,South Riverdale (70),0,0.0,6,3.0,134.0,,43.667177,-79.32988,2017-03-12 17:54:23.857679
15665189,29945125,Entire home/apt,,Niagara (82),1,0.0,4,1.0,134.0,,43.636396,-79.400586,2017-03-12 17:54:23.849829
466650,1039434,Entire home/apt,,Waterfront Communities-The Island (77),15,5.0,3,1.0,129.0,,43.643525,-79.401537,2017-03-12 17:54:23.838152
33169,140662,Entire home/apt,,Cabbagetown-South St.James Town (71),51,5.0,4,1.0,126.0,,43.664968,-79.375772,2017-03-12 17:54:23.832579
15917764,103274818,Entire home/apt,,Palmerston-Little Italy (80),9,5.0,2,1.0,141.0,,43.656925,-79.410076,2017-03-12 17:53:20.637741
10205625,52432167,Entire home/apt,,Little Portugal (84),62,5.0,4,2.0,134.0,,43.644005,-79.425629,2017-03-12 17:53:20.635407
7770469,29824322,Entire home/apt,,Waterfront Communities-The Island (77),69,5.0,4,1.0,134.0,,43.643794,-79.392374,2017-03-12 17:53:20.633135
17478107,106261347,Entire home/apt,,North Riverdale (68),0,0.0,4,2.0,126.0,,43.669287,-79.3499,2017-03-12 17:53:20.631018
13053098,9698775,Entire home/apt,,Waterfront Communities-The Island (77),49,5.0,3,0.0,137.0,,43.641004,-79.379009,2017-03-12 17:53:20.628741
15938163,103436757,Entire home/apt,,Waterfront Communities-The Island (77),30,5.0,4,2.0,144.0,,43.640742,-79.38413,2017-03-12 17:53:20.626470
15986161,1157555,Entire home/apt,,Waterfront Communities-The Island (77),48,5.0,8,3.0,141.0,,43.64332,-79.39026,2017-03-12 17:53:20.624225
15161520,47669138,Entire home/apt,,Waterfront Communities-The Island (77),13,5.0,2,2.0,134.0,,43.644979,-79.397626,2017-03-12 17:53:20.621238
17476597,24411527,Entire home/apt,,Niagara (82),2,0.0,4,2.0,134.0,,43.638109,-79.404178,2017-03-12 17:53:20.618861
14273489,86940295,Entire home/apt,,South Riverdale (70),84,5.0,6,3.0,137.0,,43.660069,-79.341145,2017-03-12 17:53:20.616218
17132223,1034922,Entire home/apt,,Cabbagetown-South St.James Town (71),0,0.0,6,3.0,141.0,,43.669149,-79.36416,2017-03-12 17:53:20.614012
15916548,103264124,Entire home/apt,,Waterfront Communities-The Island (77),14,5.0,4,2.0,138.0,,43.640966,-79.383028,2017-03-12 17:53:20.610929
2123691,10830387,Entire home/apt,,Stonegate-Queensway (16),0,0.0,2,1.0,114.0,,43.625672,-79.490711,2017-03-12 17:53:07.677113
7256445,37991968,Entire home/apt,,Alderwood (20),0,0.0,6,3.0,114.0,,43.610545,-79.55025,2017-03-12 17:53:06.837548
14089207,15653599,Entire home/apt,,Long Branch (19),0,0.0,6,4.0,114.0,,43.586521,-79.540542,2017-03-12 17:53:05.377816
4414325,22913609,Entire home/apt,,Little Portugal (84),0,0.0,4,2.0,107.0,,43.645701,-79.423625,2017-03-12 17:52:58.776766
4067502,16966618,Entire home/apt,,Mimico (includes Humber Bay Shores) (17),0,0.0,2,2.0,114.0,,43.608592,-79.495596,2017-03-12 17:52:57.837347
15232100,81166883,Entire home/apt,,Mimico (includes Humber Bay Shores) (17),1,0.0,4,2.0,107.0,,43.605727,-79.494096,2017-03-12 17:52:55.387192
14068152,14130077,Entire home/apt,,Lambton Baby Point (114),0,0.0,6,2.0,123.0,,43.653804,-79.48751,2017-03-12 17:52:51.708923
14593752,966705,Entire home/apt,,Mimico (includes Humber Bay Shores) (17),0,0.0,4,2.0,114.0,,43.611617,-79.48951,2017-03-12 17:52:50.899395
9412144,48802233,Entire home/apt,,Mimico (includes Humber Bay Shores) (17),0,0.0,1,1.0,114.0,,43.624824,-79.489339,2017-03-12 17:52:50.191432
12847496,22326836,Entire home/apt,,High Park North (88),2,0.0,4,3.0,114.0,,43.659753,-79.465307,2017-03-12 17:52:47.442418
14185882,65147825,Entire home/apt,,Waterfront Communities-The Island (77),0,0.0,2,1.0,114.0,,43.646674,-79.389687,2017-03-12 17:50:29.289729
16253631,10323838,Entire home/apt,,Waterfront Communities-The Island (77),1,0.0,6,2.0,106.0,,43.643806,-79.392048,2017-03-12 17:50:10.761121
2372531,12120023,Entire home/apt,,Waterfront Communities-The Island (77),9,5.0,2,1.0,114.0,,43.644637,-79.397122,2017-03-12 17:49:53.227370
4343596,48868433,Entire home/apt,,Waterfront Communities-The Island (77),0,0.0,2,1.0,114.0,,43.644524,-79.400149,2017-03-12 17:48:19.944757
9796511,7135549,Entire home/apt,,Waterfront Communities-The Island (77),1,0.0,4,1.0,114.0,,43.644627,-79.392571,2017-03-12 17:48:19.929960
9898262,7135549,Entire home/apt,,Waterfront Communities-The Island (77),2,0.0,4,1.0,111.0,,43.641277,-79.395869,2017-03-12 17:48:19.319178
9300695,25553691,Entire home/apt,,Islington-City Centre West (14),0,0.0,2,1.0,114.0,,43.644008,-79.526867,2017-03-12 17:46:08.851959
16850081,80584755,Entire home/apt,,Mount Olive-Silverstone-Jamestown (2),0,0.0,4,2.0,114.0,,43.748378,-79.594381,2017-03-12 17:46:08.845941
8552706,45020518,Entire home/apt,,West Humber-Clairville (1),0,0.0,4,3.0,118.0,,43.721344,-79.589354,2017-03-12 17:46:08.839124
15325714,9287141,Entire home/apt,,Eringate-Centennial-West Deane (11),1,0.0,4,2.0,114.0,,43.673931,-79.565922,2017-03-12 17:46:08.836955
7410907,1919294,Entire home/apt,,Mimico (includes Humber Bay Shores) (17),2,0.0,2,1.0,122.0,,43.622733,-79.48238,2017-03-12 17:46:07.274799
13332871,35965162,Entire home/apt,,Junction Area (90),8,4.0,7,2.0,107.0,,43.678272,-79.474097,2017-03-12 17:46:07.249938
7017038,25372758,Entire home/apt,,Mimico (includes Humber Bay Shores) (17),0,0.0,5,2.0,123.0,,43.628382,-79.479463,2017-03-12 17:46:06.397837
1733279,6688666,Entire home/apt,,Islington-City Centre West (14),31,4.5,4,1.0,114.0,,43.643857,-79.530898,2017-03-12 17:46:05.695794
16267935,16851310,Entire home/apt,,Mimico (includes Humber Bay Shores) (17),3,5.0,2,1.0,114.0,,43.622915,-79.479174,2017-03-12 17:46:05.684410
4080793,21166557,Entire home/apt,,Stonegate-Queensway (16),47,4.5,4,2.0,106.0,,43.643171,-79.499248,2017-03-12 17:46:05.076879
3544358,17740308,Entire home/apt,,Rockcliffe-Smythe (111),0,0.0,3,2.0,114.0,,43.67476,-79.502031,2017-03-12 17:46:05.073555
4017360,1394631,Entire home/apt,,High Park-Swansea (87),65,5.0,6,2.0,105.0,,43.648744,-79.455621,2017-03-12 17:46:03.292205
5917059,3148693,Entire home/apt,,Weston-Pellam Park (91),17,4.5,4,1.0,106.0,,43.670247,-79.460808,2017-03-12 17:46:03.283267
3705788,18896932,Entire home/apt,,High Park North (88),14,4.5,5,3.0,123.0,,43.658782,-79.478325,2017-03-12 17:46:03.269195
6457753,5214133,Entire home/apt,,Weston-Pellam Park (91),11,5.0,6,3.0,114.0,,43.67038,-79.461366,2017-03-12 17:46:01.789577
6901399,36165508,Entire home/apt,,Junction Area (90),2,0.0,4,1.0,111.0,,43.676232,-79.469968,2017-03-12 17:46:00.855311
7116213,3895013,Entire home/apt,,High Park North (88),5,5.0,4,1.0,111.0,,43.651967,-79.473451,2017-03-12 17:46:00.844433
8580519,45158484,Entire home/apt,,Mimico (includes Humber Bay Shores) (17),0,0.0,2,2.0,123.0,,43.624937,-79.484522,2017-03-12 17:46:00.151016
14193986,86071831,Entire home/apt,,Mimico (includes Humber Bay Shores) (17),1,0.0,2,1.0,114.0,,43.623485,-79.481257,2017-03-12 17:45:59.123952
17677127,120335138,Entire home/apt,,Mimico (includes Humber Bay Shores) (17),0,0.0,4,1.0,114.0,,43.625611,-79.478411,2017-03-12 17:45:59.114755
13332696,75466888,Entire home/apt,,High Park North (88),40,4.5,8,4.0,107.0,,43.659468,-79.45465,2017-03-12 17:45:59.108854
11081830,6739062,Entire home/apt,,Niagara (82),0,0.0,2,1.0,123.0,,43.638195,-79.41574,2017-03-12 17:45:56.631466
13490017,44838019,Entire home/apt,,Waterfront Communities-The Island (77),10,5.0,4,1.0,116.0,,43.648462,-79.392905,2017-03-12 17:45:48.105364
15344227,39159271,Entire home/apt,,Waterfront Communities-The Island (77),0,0.0,2,1.0,113.0,,43.647901,-79.393723,2017-03-12 17:45:30.748987
9675663,36742992,Entire home/apt,,High Park North (88),0,0.0,4,2.0,112.0,,43.656136,-79.455768,2017-03-12 17:44:36.959277
6988306,17076186,Entire home/apt,,High Park-Swansea (87),0,0.0,4,3.0,114.0,,43.640956,-79.454484,2017-03-12 17:44:36.942274
12202259,65609939,Entire home/apt,,Junction Area (90),1,0.0,2,1.0,114.0,,43.663252,-79.458634,2017-03-12 17:44:36.021353
12124219,53318438,Entire home/apt,,Trinity-Bellwoods (81),0,0.0,4,1.0,114.0,,43.653473,-79.417713,2017-03-12 17:42:52.534264
5958337,8786666,Entire home/apt,,Kensington-Chinatown (78),0,0.0,2,1.0,107.0,,43.65512,-79.39004,2017-03-12 17:41:08.675169
2320893,10796912,Entire home/apt,,University (79),30,5.0,3,1.0,123.0,,43.666532,-79.39577,2017-03-12 17:41:08.661648
3577688,14099340,Entire home/apt,,Corso Italia-Davenport (92),0,0.0,6,2.0,114.0,,43.678817,-79.438375,2017-03-12 17:39:20.600719
16345663,32044025,Entire home/apt,,Pelmo Park-Humberlea (23),0,0.0,6,3.0,106.0,,43.709242,-79.520557,2017-03-12 17:38:05.673486
16055177,85459663,Entire home/apt,,Bathurst Manor (34),0,0.0,8,3.0,122.0,,43.754125,-79.454817,2017-03-12 17:38:05.670924
9978497,50547667,Entire home/apt,,Keelesdale-Eglinton West (110),0,0.0,6,3.0,114.0,,43.687629,-79.471271,2017-03-12 17:38:05.666986
15582745,98714022,Entire home/apt,,Mount Dennis (115),5,5.0,4,2.0,114.0,,43.688936,-79.499421,2017-03-12 17:38:05.663110
9787367,534666,Entire home/apt,,Lansing-Westgate (38),0,0.0,4,2.0,114.0,,43.760545,-79.412425,2017-03-12 17:38:04.859431
16982095,534666,Entire home/apt,,Mount Pleasant West (104),0,0.0,4,2.0,114.0,,43.705747,-79.39437,2017-03-12 17:38:04.850538
16930803,113114983,Entire home/apt,,High Park-Swansea (87),3,5.0,4,1.0,123.0,,43.647626,-79.475108,2017-03-12 17:37:54.437268
7368673,18357511,Entire home/apt,,Corso Italia-Davenport (92),2,0.0,5,3.0,114.0,,43.677079,-79.455749,2017-03-12 17:37:33.891230
7193912,37673355,Entire home/apt,,Islington-City Centre West (14),1,0.0,4,2.0,114.0,,43.643849,-79.531816,2017-03-12 17:37:32.458743
15813458,96820510,Entire home/apt,,Junction Area (90),0,0.0,6,3.0,121.0,,43.660273,-79.479387,2017-03-12 17:37:32.429890
7181770,6591645,Entire home/apt,,Junction Area (90),0,0.0,4,3.0,107.0,,43.663224,-79.479363,2017-03-12 17:37:31.126928
16359399,74980715,Entire home/apt,,High Park North (88),0,0.0,2,1.0,123.0,,43.659,-79.457669,2017-03-12 17:37:29.737357
6420842,12799958,Entire home/apt,,High Park North (88),0,0.0,6,3.0,114.0,,43.658871,-79.465882,2017-03-12 17:37:27.533013
13091946,33238038,Entire home/apt,,Islington-City Centre West (14),14,5.0,4,2.0,107.0,,43.639462,-79.538223,2017-03-12 17:37:26.209653
8590377,45208953,Entire home/apt,,High Park-Swansea (87),6,5.0,6,3.0,123.0,,43.651763,-79.457371,2017-03-12 17:37:26.181057
3270314,1200367,Entire home/apt,,High Park North (88),25,5.0,3,1.0,114.0,,43.658663,-79.461104,2017-03-12 17:37:21.664036
10583818,54559312,Entire home/apt,,Mimico (includes Humber Bay Shores) (17),13,4.5,4,2.0,114.0,,43.622591,-79.482254,2017-03-12 17:37:21.654035
17674689,120335138,Entire home/apt,,Mimico (includes Humber Bay Shores) (17),0,0.0,4,1.0,114.0,,43.624731,-79.479746,2017-03-12 17:37:20.362378
16670858,110281894,Entire home/apt,,Eringate-Centennial-West Deane (11),0,0.0,8,4.0,123.0,,43.661924,-79.583489,2017-03-12 17:37:20.351742
15917083,103267988,Entire home/apt,,Weston (113),17,5.0,4,2.0,107.0,,43.700775,-79.518977,2017-03-12 17:37:19.125488
16176373,90463151,Entire home/apt,,Pelmo Park-Humberlea (23),10,5.0,6,3.0,114.0,,43.709425,-79.511145,2017-03-12 17:37:19.123309
8239154,2844245,Entire home/apt,,Islington-City Centre West (14),20,4.5,3,1.0,123.0,,43.621708,-79.522066,2017-03-12 17:37:17.850693
4728833,3017936,Entire home/apt,,Niagara (82),1,0.0,2,2.0,107.0,,43.642286,-79.412426,2017-03-12 17:37:09.208187
11016327,7135549,Entire home/apt,,Waterfront Communities-The Island (77),1,0.0,4,1.0,114.0,,43.643264,-79.3908,2017-03-12 17:36:34.903810
13883663,82183234,Entire home/apt,,Waterfront Communities-The Island (77),0,0.0,2,1.0,114.0,,43.644165,-79.402046,2017-03-12 17:34:55.789659
6014387,1410677,Entire home/apt,,Little Portugal (84),1,0.0,2,1.0,114.0,,43.647426,-79.425452,2017-03-12 17:34:47.137990
8933335,7895355,Entire home/apt,,Little Portugal (84),36,4.5,2,0.0,107.0,,43.650164,-79.430063,2017-03-12 17:34:47.133922
9226687,47970248,Entire home/apt,,Roncesvalles (86),1,0.0,2,0.0,107.0,,43.648612,-79.449086,2017-03-12 17:34:37.495632
14881656,93308839,Entire home/apt,,Waterfront Communities-The Island (77),1,0.0,2,1.0,114.0,,43.644731,-79.401758,2017-03-12 17:34:23.148471
3292991,2748348,Entire home/apt,,Waterfront Communities-The Island (77),1,0.0,2,2.0,106.0,,43.644481,-79.398995,2017-03-12 17:34:23.143717
790590,1919294,Entire home/apt,,Waterfront Communities-The Island (77),10,4.0,2,1.0,114.0,,43.640442,-79.39541,2017-03-12 17:34:23.116449
15114370,92486573,Entire home/apt,,Waterfront Communities-The Island (77),2,0.0,4,1.0,114.0,,43.641284,-79.401205,2017-03-12 17:34:23.112627
13824114,8703620,Entire home/apt,,Waterfront Communities-The Island (77),0,0.0,3,1.0,114.0,,43.639359,-79.399109,2017-03-12 17:34:21.697099
7144644,19302048,Entire home/apt,,Waterfront Communities-The Island (77),4,5.0,3,1.0,111.0,,43.63777,-79.398427,2017-03-12 17:34:21.687003
6634264,9466375,Entire home/apt,,Waterfront Communities-The Island (77),3,5.0,2,1.0,107.0,,43.639367,-79.398372,2017-03-12 17:34:20.311413
7612679,39924049,Entire home/apt,,Niagara (82),8,5.0,3,1.0,114.0,,43.642324,-79.405334,2017-03-12 17:34:19.068996
3874248,682414,Entire home/apt,,Niagara (82),17,4.5,3,1.0,118.0,,43.640583,-79.409184,2017-03-12 17:34:19.065212
11159369,1919294,Entire home/apt,,Waterfront Communities-The Island (77),2,0.0,5,2.0,114.0,,43.638832,-79.398524,2017-03-12 17:34:19.051034
12205781,63968705,Entire home/apt,,Waterfront Communities-The Island (77),3,5.0,3,1.0,114.0,,43.641131,-79.382671,2017-03-12 17:33:49.615024
13867109,19174007,Entire home/apt,,Waterfront Communities-The Island (77),1,0.0,2,1.0,114.0,,43.640884,-79.397175,2017-03-12 17:32:47.250990
7035676,18566887,Entire home/apt,,Corso Italia-Davenport (92),0,0.0,6,3.0,121.0,,43.671115,-79.451333,2017-03-12 17:32:26.205303
15072807,378254,Entire home/apt,,Palmerston-Little Italy (80),0,0.0,6,3.0,107.0,,43.654287,-79.42438,2017-03-12 17:32:26.185200
4127792,18294858,Entire home/apt,,Dufferin Grove (83),27,5.0,8,3.0,111.0,,43.65338,-79.439008,2017-03-12 17:32:24.860012
7126453,20611859,Entire home/apt,,Wychwood (94),1,0.0,6,3.0,118.0,,43.673124,-79.429825,2017-03-12 17:32:23.531033
16063938,104636356,Entire home/apt,,Corso Italia-Davenport (92),0,0.0,3,2.0,114.0,,43.680073,-79.449943,2017-03-12 17:32:23.507825
6975859,21368480,Entire home/apt,,Kensington-Chinatown (78),4,5.0,2,1.0,103.0,,43.652913,-79.387808,2017-03-12 17:32:20.720516
4670839,24156779,Entire home/apt,,Annex (95),3,4.5,1,1.0,114.0,,43.669102,-79.409357,2017-03-12 17:32:20.710217
15882051,72187289,Entire home/apt,,Bay Street Corridor (76),8,4.5,5,2.0,114.0,,43.660797,-79.385035,2017-03-12 17:32:19.383949
5716954,10421960,Entire home/apt,,Trinity-Bellwoods (81),0,0.0,2,0.0,123.0,,43.652076,-79.423226,2017-03-12 17:31:58.297875
16705186,49298741,Entire home/apt,,Waterfront Communities-The Island (77),0,0.0,2,1.0,114.0,,43.646696,-79.392443,2017-03-12 17:31:41.244884
4791484,24695809,Entire home/apt,,Waterfront Communities-The Island (77),0,0.0,4,1.0,106.0,,43.645589,-79.391919,2017-03-12 17:31:41.242092
2145647,1718194,Entire home/apt,,Waterfront Communities-The Island (77),11,4.0,4,1.0,106.0,,43.643836,-79.39193,2017-03-12 17:31:41.237792
6602511,8919100,Entire home/apt,,Waterfront Communities-The Island (77),3,2.5,4,2.0,123.0,,43.640449,-79.393546,2017-03-12 17:31:41.231823
13292025,14192890,Entire home/apt,,Waterfront Communities-The Island (77),5,4.0,6,2.0,114.0,,43.64088,-79.392485,2017-03-12 17:31:39.849157
4227264,21529474,Entire home/apt,,Waterfront Communities-The Island (77),7,5.0,2,1.0,114.0,,43.642985,-79.377784,2017-03-12 17:31:39.839053
6113860,9557885,Entire home/apt,,Moss Park (73),0,0.0,2,1.0,111.0,,43.653099,-79.368322,2017-03-12 17:31:00.576885
17221621,73174364,Entire home/apt,,Waterfront Communities-The Island (77),0,0.0,2,1.0,122.0,,43.642601,-79.371161,2017-03-12 17:30:49.711356
3364091,16972910,Entire home/apt,,Roncesvalles (86),5,4.5,5,2.0,123.0,,43.648473,-79.445103,2017-03-12 17:26:48.044724
12622496,262268,Entire home/apt,,Trinity-Bellwoods (81),2,0.0,5,2.0,114.0,,43.647577,-79.419913,2017-03-12 17:26:48.036520
5939556,5211291,Entire home/apt,,South Parkdale (85),2,0.0,4,1.0,111.0,,43.639421,-79.425927,2017-03-12 17:26:48.032502
119441,174063,Entire home/apt,,South Parkdale (85),68,5.0,5,2.0,114.0,,43.635593,-79.440478,2017-03-12 17:26:48.020950
16853879,2019487,Entire home/apt,,Trinity-Bellwoods (81),0,0.0,2,2.0,114.0,,43.647592,-79.409906,2017-03-12 17:26:47.373290
10697442,49288354,Entire home/apt,,South Parkdale (85),3,4.5,4,2.0,106.0,,43.640785,-79.423747,2017-03-12 17:26:47.367988
1037034,5709010,Entire home/apt,,Dovercourt-Wallace Emerson-Junction (93),38,5.0,5,3.0,111.0,,43.665424,-79.421091,2017-03-12 17:26:47.358167
5819879,3421989,Entire home/apt,,South Parkdale (85),42,5.0,4,2.0,107.0,,43.639251,-79.424445,2017-03-12 17:26:47.355336
9797332,1699308,Entire home/apt,,Little Portugal (84),22,5.0,4,2.0,121.0,,43.645038,-79.4238,2017-03-12 17:26:47.348963
14662932,42298818,Entire home/apt,,High Park North (88),15,5.0,6,2.0,111.0,,43.659712,-79.453772,2017-03-12 17:26:45.883878
5941204,791523,Entire home/apt,,Little Portugal (84),1,0.0,5,3.0,114.0,,43.646856,-79.426532,2017-03-12 17:26:45.880630
511463,211533,Entire home/apt,,Dovercourt-Wallace Emerson-Junction (93),6,4.0,3,1.0,114.0,,43.660211,-79.437572,2017-03-12 17:26:45.877516
10884811,21813745,Entire home/apt,,High Park-Swansea (87),0,0.0,4,2.0,107.0,,43.649284,-79.451057,2017-03-12 17:26:45.873566
9228123,3686780,Entire home/apt,,Little Portugal (84),1,0.0,2,1.0,115.0,,43.641701,-79.425836,2017-03-12 17:26:45.865120
14126670,7446752,Entire home/apt,,Dovercourt-Wallace Emerson-Junction (93),8,5.0,5,3.0,111.0,,43.666494,-79.420237,2017-03-12 17:26:45.862127
16926226,4318113,Entire home/apt,,Roncesvalles (86),1,0.0,2,0.0,123.0,,43.642917,-79.43042,2017-03-12 17:26:44.219798
6912228,36223042,Entire home/apt,,Little Portugal (84),10,4.5,4,2.0,118.0,,43.644323,-79.428986,2017-03-12 17:26:44.215206
16705991,5919344,Entire home/apt,,Little Portugal (84),0,0.0,2,1.0,114.0,,43.644354,-79.428796,2017-03-12 17:26:44.210471
14842113,2883396,Entire home/apt,,Little Portugal (84),1,0.0,2,1.0,114.0,,43.65287,-79.430486,2017-03-12 17:26:42.776542
15644539,4481135,Entire home/apt,,Trinity-Bellwoods (81),10,5.0,4,2.0,110.0,,43.645307,-79.416064,2017-03-12 17:26:42.765994
15859555,36383587,Entire home/apt,,Roncesvalles (86),6,5.0,6,2.0,114.0,,43.64189,-79.441842,2017-03-12 17:26:41.453930
14261138,86873946,Entire home/apt,,Dovercourt-Wallace Emerson-Junction (93),4,5.0,2,1.0,114.0,,43.658342,-79.446317,2017-03-12 17:26:41.450691
16282486,7965801,Entire home/apt,,Palmerston-Little Italy (80),4,5.0,2,1.0,114.0,,43.653944,-79.424835,2017-03-12 17:26:41.448015
6738777,6823464,Entire home/apt,,Dovercourt-Wallace Emerson-Junction (93),0,0.0,4,2.0,114.0,,43.667557,-79.43669,2017-03-12 17:26:40.233639
958586,1919294,Entire home/apt,,Waterfront Communities-The Island (77),7,5.0,2,1.0,122.0,,43.64071,-79.397063,2017-03-12 17:26:38.076080
13378290,2894790,Entire home/apt,,Waterfront Communities-The Island (77),6,4.5,2,1.0,105.0,,43.643375,-79.401773,2017-03-12 17:26:38.070545
14866616,53933259,Entire home/apt,,Waterfront Communities-The Island (77),0,0.0,4,1.0,122.0,,43.646425,-79.396651,2017-03-12 17:26:38.068396
2198084,1919294,Entire home/apt,,Waterfront Communities-The Island (77),10,4.5,2,0.0,122.0,,43.643593,-79.397746,2017-03-12 17:26:38.065423
13250821,14405518,Entire home/apt,,Niagara (82),6,5.0,4,1.0,114.0,,43.637739,-79.41225,2017-03-12 17:26:38.061431
4639084,22659874,Entire home/apt,,Waterfront Communities-The Island (77),0,0.0,4,1.0,114.0,,43.641308,-79.392985,2017-03-12 17:26:35.297203
14221079,21088395,Entire home/apt,,Waterfront Communities-The Island (77),12,5.0,6,2.0,106.0,,43.642556,-79.392781,2017-03-12 17:26:35.295132
15133449,66136803,Entire home/apt,,Waterfront Communities-The Island (77),2,0.0,2,1.0,114.0,,43.639296,-79.397021,2017-03-12 17:26:35.286297
5313081,550902,Entire home/apt,,Waterfront Communities-The Island (77),10,5.0,4,1.0,124.0,,43.638452,-79.394643,2017-03-12 17:26:35.284222
10269196,40508595,Entire home/apt,,Waterfront Communities-The Island (77),2,0.0,2,0.0,114.0,,43.645958,-79.398417,2017-03-12 17:26:35.281293
13936712,709520,Entire home/apt,,Waterfront Communities-The Island (77),1,0.0,3,1.0,114.0,,43.638375,-79.394503,2017-03-12 17:26:33.600151
382960,1919294,Entire home/apt,,Waterfront Communities-The Island (77),6,4.0,2,1.0,114.0,,43.648783,-79.386907,2017-03-12 17:26:33.590765
16362687,36615721,Entire home/apt,,Niagara (82),0,0.0,2,1.0,107.0,,43.64131,-79.417116,2017-03-12 17:26:33.588503
11734857,10338247,Entire home/apt,,Waterfront Communities-The Island (77),0,0.0,3,1.0,106.0,,43.64385,-79.401982,2017-03-12 17:26:33.585801
13688867,14192890,Entire home/apt,,Waterfront Communities-The Island (77),3,5.0,6,2.0,114.0,,43.64048,-79.393021,2017-03-12 17:26:33.581537
12473560,61884229,Entire home/apt,,Waterfront Communities-The Island (77),3,4.5,3,1.0,114.0,,43.647136,-79.394271,2017-03-12 17:26:33.575763
621936,60919,Entire home/apt,,Kensington-Chinatown (78),2,0.0,3,2.0,111.0,,43.651154,-79.396017,2017-03-12 17:26:33.566426
17271334,1007880,Entire home/apt,,Niagara (82),0,0.0,4,1.0,122.0,,43.637167,-79.401156,2017-03-12 17:26:33.562008
9853043,50723728,Entire home/apt,,Waterfront Communities-The Island (77),0,0.0,2,1.0,123.0,,43.645999,-79.398703,2017-03-12 17:26:31.842165
14177737,23104017,Entire home/apt,,Kensington-Chinatown (78),6,5.0,3,1.0,106.0,,43.651146,-79.391318,2017-03-12 17:26:31.839492
15494768,99508115,Entire home/apt,,Waterfront Communities-The Island (77),1,0.0,4,2.0,114.0,,43.640118,-79.389447,2017-03-12 17:26:31.830085
1226374,1415439,Entire home/apt,,Waterfront Communities-The Island (77),48,4.5,3,1.0,122.0,,43.640238,-79.393146,2017-03-12 17:26:31.816617
13245575,71192649,Entire home/apt,,Waterfront Communities-The Island (77),11,4.5,2,1.0,123.0,,43.641673,-79.393707,2017-03-12 17:26:31.813538
14807313,20722538,Entire home/apt,,Waterfront Communities-The Island (77),1,0.0,2,1.0,111.0,,43.642972,-79.398754,2017-03-12 17:26:30.087439
3812754,16265990,Entire home/apt,,Waterfront Communities-The Island (77),0,0.0,5,2.0,107.0,,43.643506,-79.38853,2017-03-12 17:26:30.081044
4935588,1919294,Entire home/apt,,Waterfront Communities-The Island (77),4,4.5,4,2.0,114.0,,43.640214,-79.399068,2017-03-12 17:26:30.073745
13127970,72228673,Entire home/apt,,Waterfront Communities-The Island (77),18,5.0,2,1.0,106.0,,43.641586,-79.395022,2017-03-12 17:26:30.066091
1813948,1919294,Entire home/apt,,Waterfront Communities-The Island (77),10,4.5,2,0.0,114.0,,43.642113,-79.392082,2017-03-12 17:26:30.059903
778990,1919294,Entire home/apt,,Waterfront Communities-The Island (77),3,4.5,2,1.0,114.0,,43.640464,-79.394961,2017-03-12 17:26:30.055388
13672600,42602404,Entire home/apt,,Niagara (82),5,4.5,2,1.0,114.0,,43.642225,-79.402706,2017-03-12 17:26:30.053207
16520992,99675529,Entire home/apt,,Niagara (82),1,0.0,4,2.0,114.0,,43.640947,-79.417726,2017-03-12 17:26:27.332064
13298026,75076275,Entire home/apt,,Niagara (82),12,5.0,2,1.0,107.0,,43.641762,-79.415849,2017-03-12 17:26:27.327835
15807045,7918296,Entire home/apt,,Waterfront Communities-The Island (77),13,4.5,3,1.0,123.0,,43.6446,-79.391519,2017-03-12 17:26:27.324094
1809503,9481376,Entire home/apt,,Trinity-Bellwoods (81),8,5.0,4,2.0,110.0,,43.647075,-79.409597,2017-03-12 17:26:27.312345
1747521,1919294,Entire home/apt,,Waterfront Communities-The Island (77),7,4.5,2,1.0,122.0,,43.642681,-79.393451,2017-03-12 17:26:27.306299
13045585,30465981,Entire home/apt,,Waterfront Communities-The Island (77),19,5.0,4,1.0,114.0,,43.639852,-79.394914,2017-03-12 17:26:27.298390
6920366,26848682,Entire home/apt,,Waterfront Communities-The Island (77),2,0.0,5,2.0,107.0,,43.647184,-79.403928,2017-03-12 17:26:25.872053
16191029,10210964,Entire home/apt,,Waterfront Communities-The Island (77),0,0.0,2,0.0,112.0,,43.642853,-79.39894,2017-03-12 17:26:25.863860
1411719,1237276,Entire home/apt,,Waterfront Communities-The Island (77),19,5.0,3,1.0,111.0,,43.648433,-79.397496,2017-03-12 17:26:25.847815
7724447,13861676,Entire home/apt,,Waterfront Communities-The Island (77),1,0.0,2,1.0,114.0,,43.641911,-79.391634,2017-03-12 17:26:24.394387
8182869,5400311,Entire home/apt,,Waterfront Communities-The Island (77),1,0.0,2,1.0,114.0,,43.648106,-79.396862,2017-03-12 17:26:24.389483
7933723,39831900,Entire home/apt,,Waterfront Communities-The Island (77),12,5.0,2,1.0,121.0,,43.643459,-79.39942,2017-03-12 17:26:24.383381
14353326,86436280,Entire home/apt,,Waterfront Communities-The Island (77),2,0.0,3,1.0,111.0,,43.644201,-79.397761,2017-03-12 17:26:24.376933
6227042,29824322,Entire home/apt,,Waterfront Communities-The Island (77),161,5.0,4,1.0,130.0,,43.645191,-79.391475,2017-03-12 17:53:35.250430
5932430,1102328,Entire home/apt,,Dufferin Grove (83),5,5.0,5,3.0,141.0,,43.656845,-79.446891,2017-03-12 17:53:35.248106
5903111,30658788,Entire home/apt,,Church-Yonge Corridor (75),1,0.0,3,2.0,141.0,,43.669298,-79.380866,2017-03-12 17:53:35.245674
3717620,18507875,Entire home/apt,,Waterfront Communities-The Island (77),67,5.0,2,1.0,143.0,,43.641535,-79.374493,2017-03-12 17:53:35.242865
14884481,93346019,Entire home/apt,,Roncesvalles (86),1,0.0,2,1.0,130.0,,43.640616,-79.436528,2017-03-12 17:53:35.239873
13939251,27694930,Entire home/apt,,Dovercourt-Wallace Emerson-Junction (93),0,0.0,4,3.0,138.0,,43.667077,-79.432404,2017-03-12 17:53:35.237111
3162666,16044016,Entire home/apt,,Niagara (82),4,5.0,2,0.0,130.0,,43.646235,-79.407395,2017-03-12 17:53:35.234138
16845834,50132936,Entire home/apt,,Dovercourt-Wallace Emerson-Junction (93),2,0.0,7,3.0,134.0,,43.663237,-79.427079,2017-03-12 17:53:35.231706
17543511,68068283,Entire home/apt,,Roncesvalles (86),0,0.0,7,2.0,144.0,,43.642075,-79.441108,2017-03-12 17:53:35.229464
761537,3855710,Entire home/apt,,Church-Yonge Corridor (75),45,5.0,2,1.0,130.0,,43.659805,-79.379923,2017-03-12 17:53:35.226630
10762801,16672293,Entire home/apt,,Waterfront Communities-The Island (77),10,5.0,4,2.0,130.0,,43.646413,-79.392122,2017-03-12 17:53:35.223619
6178895,24519005,Entire home/apt,,Waterfront Communities-The Island (77),43,5.0,2,1.0,126.0,,43.643202,-79.381359,2017-03-12 17:53:35.219931
1508181,8010526,Entire home/apt,,Lawrence Park South (103),18,5.0,6,3.0,141.0,,43.716939,-79.399884,2017-03-12 17:53:33.737391
96336,511506,Entire home/apt,,Niagara (82),63,5.0,5,3.0,141.0,,43.644579,-79.410218,2017-03-12 17:53:33.734194
12406747,67092703,Entire home/apt,,Waterfront Communities-The Island (77),16,5.0,2,1.0,126.0,,43.643977,-79.391487,2017-03-12 17:53:33.731133
13668958,16307377,Entire home/apt,,South Riverdale (70),2,0.0,6,3.0,134.0,,43.662525,-79.35034,2017-03-12 17:53:33.728129
14842139,33238402,Entire home/apt,,Waterfront Communities-The Island (77),56,5.0,8,2.0,144.0,,43.643248,-79.389622,2017-03-12 17:53:33.724611
8540011,34383115,Entire home/apt,,Waterfront Communities-The Island (77),1,0.0,2,1.0,141.0,,43.650537,-79.387483,2017-03-12 17:53:33.720639
17449804,5694257,Entire home/apt,,Waterfront Communities-The Island (77),0,0.0,6,2.0,129.0,,43.63961,-79.378257,2017-03-12 17:53:33.718285
13802777,39976526,Entire home/apt,,Waterfront Communities-The Island (77),3,4.5,2,1.0,134.0,,43.643271,-79.389706,2017-03-12 17:53:33.715265
15299146,97413190,Entire home/apt,,Bay Street Corridor (76),0,0.0,4,2.0,137.0,,43.655234,-79.385123,2017-03-12 17:53:33.712187
14204591,2655283,Entire home/apt,,Niagara (82),4,5.0,2,1.0,130.0,,43.640235,-79.403286,2017-03-12 17:53:33.709266
14741990,70717112,Entire home/apt,,Kensington-Chinatown (78),16,5.0,2,1.0,126.0,,43.65367,-79.389449,2017-03-12 17:53:33.706802
9076716,47338007,Entire home/apt,,Waterfront Communities-The Island (77),27,4.5,3,1.0,138.0,,43.6397,-79.395153,2017-03-12 17:53:33.703745
7742339,40695014,Entire home/apt,,Waterfront Communities-The Island (77),23,5.0,2,2.0,144.0,,43.64196,-79.380954,2017-03-12 17:53:33.700618
14203884,71655695,Entire home/apt,,Roncesvalles (86),3,5.0,2,1.0,130.0,,43.642672,-79.43178,2017-03-12 17:53:33.698322
533659,1019968,Entire home/apt,,Waterfront Communities-The Island (77),91,5.0,5,1.0,130.0,,43.639309,-79.38174,2017-03-12 17:53:33.695161
13682156,79466048,Entire home/apt,,Annex (95),15,5.0,3,1.0,133.0,,43.669609,-79.393778,2017-03-12 17:53:33.691452
11649111,31036951,Entire home/apt,,Niagara (82),5,4.5,4,2.0,138.0,,43.63614,-79.404146,2017-03-12 17:53:31.768221
7413417,1028504,Entire home/apt,,Waterfront Communities-The Island (77),7,5.0,4,1.0,134.0,,43.646494,-79.397859,2017-03-12 17:53:31.765275
5685452,5041335,Entire home/apt,,Dovercourt-Wallace Emerson-Junction (93),5,4.5,4,2.0,137.0,,43.66195,-79.440804,2017-03-12 17:53:31.762442
14850342,92957076,Entire home/apt,,Annex (95),7,4.5,4,2.0,129.0,,43.670695,-79.390244,2017-03-12 17:53:31.760220
15239055,96885181,Entire home/apt,,Waterfront Communities-The Island (77),31,5.0,6,2.0,129.0,,43.644651,-79.402238,2017-03-12 17:53:31.757541
5607112,29069040,Entire home/apt,,Annex (95),0,0.0,3,1.0,126.0,,43.668206,-79.406281,2017-03-12 17:53:31.755245
12966560,71316141,Entire home/apt,,Waterfront Communities-The Island (77),0,0.0,3,1.0,138.0,,43.640283,-79.384053,2017-03-12 17:53:31.752487
8383293,44177850,Entire home/apt,,Little Portugal (84),17,5.0,5,2.0,134.0,,43.643849,-79.426486,2017-03-12 17:53:31.749690
16795675,81833279,Entire home/apt,,Danforth East York (59),1,0.0,7,4.0,138.0,,43.689027,-79.332636,2017-03-12 17:53:31.747404
16972374,21172132,Entire home/apt,,Niagara (82),2,0.0,2,1.0,134.0,,43.636363,-79.419607,2017-03-12 17:53:31.745114
15424052,33740846,Entire home/apt,,Greenwood-Coxwell (65),2,0.0,7,3.0,138.0,,43.665254,-79.325309,2017-03-12 17:53:31.742666
1243421,1919294,Entire home/apt,,Waterfront Communities-The Island (77),9,4.5,4,2.0,114.0,,43.641142,-79.395189,2017-03-12 17:26:24.369376
16415200,1919294,Entire home/apt,,Waterfront Communities-The Island (77),1,0.0,2,1.0,118.0,,43.648701,-79.393792,2017-03-12 17:26:24.364996
4882336,25118298,Entire home/apt,,Waterfront Communities-The Island (77),27,5.0,2,1.0,105.0,,43.646463,-79.392462,2017-03-12 17:26:21.608298
6268539,14192890,Entire home/apt,,Waterfront Communities-The Island (77),43,4.5,5,2.0,114.0,,43.64282,-79.393712,2017-03-12 17:26:19.198245
4777728,9325230,Entire home/apt,,Waterfront Communities-The Island (77),14,5.0,2,1.0,107.0,,43.645086,-79.396604,2017-03-12 17:26:19.191316
13274037,49205697,Entire home/apt,,Waterfront Communities-The Island (77),21,4.5,3,1.0,122.0,,43.643031,-79.400591,2017-03-12 17:26:17.810186
6677948,2471014,Entire home/apt,,Waterfront Communities-The Island (77),2,0.0,3,2.0,114.0,,43.645522,-79.398644,2017-03-12 17:26:17.796116
2292379,4124418,Entire home/apt,,Church-Yonge Corridor (75),6,4.0,2,1.0,114.0,,43.655259,-79.379473,2017-03-12 17:26:07.155170
6376923,33236596,Entire home/apt,,Waterfront Communities-The Island (77),0,0.0,2,1.0,107.0,,43.64994,-79.388234,2017-03-12 17:26:07.149892
10391557,2994306,Entire home/apt,,Kensington-Chinatown (78),27,4.5,10,2.0,111.0,,43.651535,-79.389883,2017-03-12 17:26:07.140591
9825607,50377896,Entire home/apt,,Waterfront Communities-The Island (77),0,0.0,6,2.0,123.0,,43.640712,-79.382934,2017-03-12 17:26:07.135081
12863720,1919294,Entire home/apt,,Waterfront Communities-The Island (77),2,0.0,2,0.0,122.0,,43.643271,-79.381649,2017-03-12 17:26:05.806212
837442,1919294,Entire home/apt,,Waterfront Communities-The Island (77),3,5.0,2,1.0,122.0,,43.642333,-79.379728,2017-03-12 17:26:05.801325
8054389,17796049,Entire home/apt,,Moss Park (73),0,0.0,3,1.0,106.0,,43.656457,-79.372303,2017-03-12 17:26:05.793090
11512819,36489700,Entire home/apt,,Waterfront Communities-The Island (77),9,5.0,2,1.0,114.0,,43.643819,-79.389908,2017-03-12 17:26:05.790747
992783,1718194,Entire home/apt,,Waterfront Communities-The Island (77),24,4.5,4,1.0,106.0,,43.645296,-79.390925,2017-03-12 17:26:05.787061
14352637,24920304,Entire home/apt,,Waterfront Communities-The Island (77),0,0.0,8,3.0,124.0,,43.639211,-79.388711,2017-03-12 17:26:05.781671
15373795,10394340,Entire home/apt,,Bay Street Corridor (76),0,0.0,6,3.0,122.0,,43.652167,-79.383847,2017-03-12 17:26:05.777747
15241445,2694743,Entire home/apt,,Waterfront Communities-The Island (77),13,5.0,6,2.0,123.0,,43.637978,-79.390116,2017-03-12 17:26:05.772838
2565203,13132884,Entire home/apt,,Moss Park (73),6,5.0,3,1.0,118.0,,43.650666,-79.36719,2017-03-12 17:26:04.115519
14586400,16038709,Entire home/apt,,Waterfront Communities-The Island (77),1,0.0,2,1.0,123.0,,43.643433,-79.381388,2017-03-12 17:26:04.111827
15250303,96978629,Entire home/apt,,Waterfront Communities-The Island (77),5,5.0,2,1.0,114.0,,43.6412,-79.38339,2017-03-12 17:26:04.103821
17209262,115727741,Entire home/apt,,Waterfront Communities-The Island (77),0,0.0,3,1.0,114.0,,43.647089,-79.389749,2017-03-12 17:26:04.101637
7034315,36878914,Entire home/apt,,Waterfront Communities-The Island (77),0,0.0,3,0.0,114.0,,43.643095,-79.389465,2017-03-12 17:26:04.094437
4349546,21529474,Entire home/apt,,Waterfront Communities-The Island (77),15,4.5,2,0.0,114.0,,43.646219,-79.390375,2017-03-12 17:26:02.525673
11834786,26626994,Entire home/apt,,Waterfront Communities-The Island (77),24,5.0,4,1.0,107.0,,43.645043,-79.389046,2017-03-12 17:26:02.504722
6742638,14192890,Entire home/apt,,Waterfront Communities-The Island (77),42,4.5,6,2.0,114.0,,43.643919,-79.388965,2017-03-12 17:26:00.829280
7939970,41872819,Entire home/apt,,Waterfront Communities-The Island (77),79,5.0,4,1.0,108.0,,43.642111,-79.38345,2017-03-12 17:26:00.823783
8782986,3115953,Entire home/apt,,Moss Park (73),11,5.0,2,1.0,114.0,,43.650934,-79.369165,2017-03-12 17:26:00.810659
13529191,77762507,Entire home/apt,,Waterfront Communities-The Island (77),13,4.5,3,1.0,106.0,,43.641018,-79.390014,2017-03-12 17:26:00.803878
1655742,1919294,Entire home/apt,,Waterfront Communities-The Island (77),5,4.5,2,1.0,114.0,,43.64405,-79.381254,2017-03-12 17:25:59.346875
16271892,91453936,Entire home/apt,,Waterfront Communities-The Island (77),0,0.0,4,1.0,106.0,,43.641329,-79.383239,2017-03-12 17:25:59.335186
13358407,14406568,Entire home/apt,,Waterfront Communities-The Island (77),11,5.0,4,2.0,107.0,,43.653721,-79.357313,2017-03-12 17:25:59.324763
16960219,70048348,Entire home/apt,,Bay Street Corridor (76),2,0.0,4,1.0,114.0,,43.650215,-79.381396,2017-03-12 17:25:58.364158
13175807,55357443,Entire home/apt,,Waterfront Communities-The Island (77),8,4.5,3,1.0,122.0,,43.642414,-79.380124,2017-03-12 17:25:58.351145
11386356,6169046,Entire home/apt,,Waterfront Communities-The Island (77),0,0.0,1,0.0,114.0,,43.641701,-79.382268,2017-03-12 17:25:58.348670
16146565,26096549,Entire home/apt,,Waterfront Communities-The Island (77),0,0.0,3,1.0,111.0,,43.641923,-79.381545,2017-03-12 17:25:58.339160
5872740,21194091,Entire home/apt,,Kensington-Chinatown (78),1,0.0,2,1.0,114.0,,43.656199,-79.403614,2017-03-12 17:25:46.494352
6712105,35139871,Entire home/apt,,Annex (95),0,0.0,4,3.0,123.0,,43.670186,-79.415702,2017-03-12 17:25:46.492109
4510664,213528,Entire home/apt,,University (79),0,0.0,4,3.0,114.0,,43.662366,-79.402237,2017-03-12 17:25:45.138033
6493691,4341308,Entire home/apt,,Casa Loma (96),2,0.0,4,1.0,114.0,,43.681382,-79.399363,2017-03-12 17:25:45.135189
6989184,7135549,Entire home/apt,,Annex (95),3,3.5,3,1.0,111.0,,43.670149,-79.39374,2017-03-12 17:25:45.132501
13682965,10308557,Entire home/apt,,Casa Loma (96),1,0.0,4,2.0,114.0,,43.677253,-79.414404,2017-03-12 17:25:43.571769
104722,455397,Entire home/apt,,Annex (95),3,5.0,2,1.0,107.0,,43.671751,-79.403985,2017-03-12 17:25:42.333096
8088914,38548491,Entire home/apt,,Moss Park (73),11,5.0,2,1.0,107.0,,43.655798,-79.356383,2017-03-12 17:25:36.602658
986506,5413926,Entire home/apt,,North Riverdale (68),2,0.0,4,2.0,114.0,,43.675639,-79.356819,2017-03-12 17:25:36.593370
9972874,4812090,Entire home/apt,,Moss Park (73),2,0.0,4,2.0,114.0,,43.653099,-79.370296,2017-03-12 17:25:36.120970
8031392,31075130,Entire home/apt,,Bay Street Corridor (76),1,0.0,2,1.0,114.0,,43.659206,-79.385559,2017-03-12 17:25:36.094983
14021042,83889325,Entire home/apt,,Church-Yonge Corridor (75),3,5.0,2,1.0,123.0,,43.670737,-79.38368,2017-03-12 17:25:34.809225
13846853,22911032,Entire home/apt,,Church-Yonge Corridor (75),1,0.0,2,1.0,107.0,,43.654466,-79.37857,2017-03-12 17:25:33.417672
15020544,14887704,Entire home/apt,,Kensington-Chinatown (78),1,0.0,5,1.0,114.0,,43.649744,-79.39534,2017-03-12 17:25:25.586453
6863551,35966552,Entire home/apt,,Waterfront Communities-The Island (77),2,0.0,2,1.0,105.0,,43.644162,-79.39342,2017-03-12 17:25:25.581681
6421444,4356799,Entire home/apt,,Waterfront Communities-The Island (77),20,5.0,5,1.0,114.0,,43.643644,-79.390463,2017-03-12 17:25:24.945809
16162485,4453577,Entire home/apt,,Waterfront Communities-The Island (77),1,0.0,2,0.0,114.0,,43.648298,-79.391332,2017-03-12 17:25:23.582521
7206031,21928460,Entire home/apt,,Waterfront Communities-The Island (77),10,5.0,2,1.0,123.0,,43.647985,-79.391771,2017-03-12 17:25:23.568385
13218719,5450559,Entire home/apt,,Bay Street Corridor (76),1,0.0,4,2.0,123.0,,43.649365,-79.386311,2017-03-12 17:25:23.558742
6748779,32639127,Entire home/apt,,Bay Street Corridor (76),1,0.0,3,3.0,118.0,,43.657176,-79.386173,2017-03-12 17:25:21.118747
15958129,102240988,Entire home/apt,,Church-Yonge Corridor (75),2,0.0,2,1.0,122.0,,43.654544,-79.380127,2017-03-12 17:25:16.595435
7677118,1859063,Entire home/apt,,Waterfront Communities-The Island (77),4,4.5,2,0.0,114.0,,43.643289,-79.40225,2017-03-12 17:25:04.059058
16018142,86285218,Entire home/apt,,Little Portugal (84),3,5.0,4,1.0,114.0,,43.643226,-79.423271,2017-03-12 17:25:04.050120
7652832,40162962,Entire home/apt,,Niagara (82),0,0.0,2,1.0,107.0,,43.64435,-79.412661,2017-03-12 17:25:04.043871
8283845,15633435,Entire home/apt,,Niagara (82),2,0.0,2,1.0,107.0,,43.637881,-79.413858,2017-03-12 17:25:04.034846
14595085,24303195,Entire home/apt,,Waterfront Communities-The Island (77),1,0.0,2,1.0,114.0,,43.645186,-79.398001,2017-03-12 17:25:03.475764
7320981,3825311,Entire home/apt,,Waterfront Communities-The Island (77),23,5.0,4,1.0,111.0,,43.643266,-79.383976,2017-03-12 17:25:03.472017
7076178,3033132,Entire home/apt,,South Parkdale (85),101,5.0,6,1.0,114.0,,43.638461,-79.422331,2017-03-12 17:25:03.469593
16211800,105915671,Entire home/apt,,Niagara (82),0,0.0,2,1.0,111.0,,43.634475,-79.403342,2017-03-12 17:25:03.463642
16618996,55357443,Entire home/apt,,Waterfront Communities-The Island (77),1,0.0,4,1.0,123.0,,43.644362,-79.390579,2017-03-12 17:25:03.455072
8611575,16290105,Entire home/apt,,Waterfront Communities-The Island (77),14,4.5,5,2.0,110.0,,43.643053,-79.391661,2017-03-12 17:25:03.452385
16846137,112170176,Entire home/apt,,Waterfront Communities-The Island (77),0,0.0,2,1.0,122.0,,43.639957,-79.396433,2017-03-12 17:25:02.391925
5870961,14192890,Entire home/apt,,Waterfront Communities-The Island (77),17,4.5,6,2.0,114.0,,43.640371,-79.392582,2017-03-12 17:25:02.384704
7135455,37375431,Entire home/apt,,Waterfront Communities-The Island (77),4,4.5,2,1.0,114.0,,43.645507,-79.393128,2017-03-12 17:25:02.357820
13409580,24003718,Entire home/apt,,Niagara (82),12,5.0,4,0.0,121.0,,43.644539,-79.414323,2017-03-12 17:25:01.120799
16612246,109542496,Entire home/apt,,Niagara (82),0,0.0,4,2.0,114.0,,43.641475,-79.412326,2017-03-12 17:25:01.116472
6411188,33438291,Entire home/apt,,Niagara (82),4,5.0,2,2.0,123.0,,43.637502,-79.402823,2017-03-12 17:25:01.084490
16146867,12337294,Entire home/apt,,Waterfront Communities-The Island (77),2,0.0,2,1.0,123.0,,43.644058,-79.40125,2017-03-12 17:24:59.667837
2138766,3694374,Entire home/apt,,Little Portugal (84),5,5.0,4,2.0,111.0,,43.644817,-79.425705,2017-03-12 17:24:59.656208
11199883,1756984,Entire home/apt,,Waterfront Communities-The Island (77),3,5.0,4,1.0,114.0,,43.640589,-79.397874,2017-03-12 17:24:59.646165
7796373,12766664,Entire home/apt,,Trinity-Bellwoods (81),7,5.0,3,1.0,106.0,,43.647209,-79.410577,2017-03-12 17:24:59.635483
14419878,88724808,Entire home/apt,,Waterfront Communities-The Island (77),1,0.0,3,1.0,115.0,,43.641484,-79.396639,2017-03-12 17:24:58.565762
16689882,15996507,Entire home/apt,,Niagara (82),0,0.0,2,1.0,114.0,,43.638065,-79.410979,2017-03-12 17:24:58.562130
11322792,1017559,Entire home/apt,,Trinity-Bellwoods (81),32,5.0,2,1.0,107.0,,43.649044,-79.421569,2017-03-12 17:24:58.557073
17139416,26626994,Entire home/apt,,Waterfront Communities-The Island (77),0,0.0,4,1.0,115.0,,43.641204,-79.398506,2017-03-12 17:24:58.550082
1196880,6539250,Entire home/apt,,Niagara (82),8,5.0,2,1.0,111.0,,43.642112,-79.410445,2017-03-12 17:24:58.543764
17331037,3168667,Entire home/apt,,Waterfront Communities-The Island (77),0,0.0,5,2.0,114.0,,43.641292,-79.397897,2017-03-12 17:24:57.547510
1368291,7421753,Entire home/apt,,Waterfront Communities-The Island (77),116,5.0,6,2.0,124.0,,43.642272,-79.391069,2017-03-12 17:24:56.247745
3157175,16020170,Entire home/apt,,Niagara (82),21,5.0,6,2.0,109.0,,43.639399,-79.417192,2017-03-12 17:24:56.239909
16880900,60005882,Entire home/apt,,Waterfront Communities-The Island (77),6,5.0,6,2.0,114.0,,43.643829,-79.389195,2017-03-12 17:24:56.228451
1032772,5683192,Entire home/apt,,Niagara (82),6,5.0,2,0.0,107.0,,43.639001,-79.419427,2017-03-12 17:24:55.010879
5327774,5202362,Entire home/apt,,Niagara (82),29,5.0,2,0.0,114.0,,43.637088,-79.414792,2017-03-12 17:24:54.992824
16024323,66759059,Entire home/apt,,Little Portugal (84),3,5.0,5,2.0,107.0,,43.644645,-79.431549,2017-03-12 17:24:52.744333
5277493,27319015,Entire home/apt,,Niagara (82),1,0.0,4,1.0,114.0,,43.637375,-79.406815,2017-03-12 17:24:51.615300
15929812,76223731,Entire home/apt,,Niagara (82),3,4.5,3,1.0,114.0,,43.639018,-79.415561,2017-03-12 17:24:50.603480
9128932,47551450,Entire home/apt,,Niagara (82),0,0.0,2,1.0,123.0,,43.63693,-79.406023,2017-03-12 17:24:49.297006
14912906,18839267,Entire home/apt,,Niagara (82),21,5.0,5,2.0,114.0,,43.637072,-79.407041,2017-03-12 17:24:45.362203
14149988,15778600,Entire home/apt,,Bay Street Corridor (76),2,0.0,4,2.0,123.0,,43.664648,-79.384886,2017-03-12 17:24:42.621339
6636685,32577304,Entire home/apt,,North St.James Town (74),1,0.0,6,2.0,123.0,,43.669071,-79.370944,2017-03-12 17:24:42.617153
8459641,44531108,Entire home/apt,,South Riverdale (70),0,0.0,8,4.0,114.0,,43.670163,-79.33021,2017-03-12 17:24:42.610138
296613,1529906,Entire home/apt,,Waterfront Communities-The Island (77),1,0.0,4,2.0,114.0,,43.636847,-79.380238,2017-03-12 17:24:41.281302
11441758,60135834,Entire home/apt,,Waterfront Communities-The Island (77),5,5.0,3,1.0,114.0,,43.643695,-79.376949,2017-03-12 17:24:41.277361
3476219,3256040,Entire home/apt,,South Riverdale (70),0,0.0,4,2.0,114.0,,43.663875,-79.340973,2017-03-12 17:24:41.274628
6575397,18771903,Entire home/apt,,Moss Park (73),5,5.0,2,1.0,111.0,,43.652481,-79.370853,2017-03-12 17:24:41.271820
2450907,113345,Entire home/apt,,South Riverdale (70),10,4.5,3,1.0,111.0,,43.662178,-79.341296,2017-03-12 17:24:41.268803
17282008,57945467,Entire home/apt,,Bay Street Corridor (76),1,0.0,2,1.0,124.0,,43.650284,-79.381141,2017-03-12 17:24:39.872208
12173623,55357443,Entire home/apt,,Waterfront Communities-The Island (77),17,5.0,3,1.0,123.0,,43.642569,-79.381803,2017-03-12 17:24:39.865994
14534833,28633518,Entire home/apt,,North St.James Town (74),1,0.0,4,1.0,114.0,,43.66892,-79.374579,2017-03-12 17:24:39.862223
17506431,86622390,Entire home/apt,,Waterfront Communities-The Island (77),0,0.0,2,1.0,123.0,,43.640665,-79.381328,2017-03-12 17:24:39.847776
4803431,4124418,Entire home/apt,,Waterfront Communities-The Island (77),0,0.0,4,1.0,118.0,,43.642979,-79.378211,2017-03-12 17:24:39.843300
12057582,33162863,Entire home/apt,,Waterfront Communities-The Island (77),0,0.0,3,2.0,123.0,,43.642447,-79.375252,2017-03-12 17:24:39.102874
11593655,782427,Entire home/apt,,Waterfront Communities-The Island (77),0,0.0,4,2.0,107.0,,43.645406,-79.375812,2017-03-12 17:24:39.087783
4182636,3001482,Entire home/apt,,Waterfront Communities-The Island (77),65,5.0,5,1.0,122.0,,43.641175,-79.381835,2017-03-12 17:24:39.082817
15679316,534666,Entire home/apt,,South Riverdale (70),1,0.0,4,2.0,114.0,,43.66364,-79.353413,2017-03-12 17:24:37.782886
16719465,49102263,Entire home/apt,,Bay Street Corridor (76),0,0.0,3,2.0,114.0,,43.64999,-79.381551,2017-03-12 17:24:37.777396
13435295,31085227,Entire home/apt,,Waterfront Communities-The Island (77),9,5.0,4,1.0,123.0,,43.640948,-79.382432,2017-03-12 17:24:37.771647
8583887,1919294,Entire home/apt,,Waterfront Communities-The Island (77),3,4.5,2,1.0,122.0,,43.643092,-79.381917,2017-03-12 17:24:37.765741
11281798,24839322,Entire home/apt,,Waterfront Communities-The Island (77),12,4.5,2,1.0,114.0,,43.643769,-79.38153,2017-03-12 17:24:36.376249
327543,1631989,Entire home/apt,,Waterfront Communities-The Island (77),20,5.0,5,1.0,106.0,,43.647535,-79.375269,2017-03-12 17:24:36.373141
5965848,30968670,Entire home/apt,,Moss Park (73),0,0.0,2,2.0,114.0,,43.653092,-79.367171,2017-03-12 17:24:36.368586
14882741,9986981,Entire home/apt,,Waterfront Communities-The Island (77),2,0.0,2,1.0,118.0,,43.618417,-79.374331,2017-03-12 17:24:36.366096
16806150,63968705,Entire home/apt,,Waterfront Communities-The Island (77),0,0.0,4,1.0,114.0,,43.64235,-79.383037,2017-03-12 17:24:36.350765
1900100,1415439,Entire home/apt,,Waterfront Communities-The Island (77),45,4.5,4,1.0,114.0,,43.641831,-79.374938,2017-03-12 17:24:36.339208
17571375,18839267,Entire home/apt,,Waterfront Communities-The Island (77),0,0.0,4,1.0,122.0,,43.642558,-79.380841,2017-03-12 17:24:34.899059
14780021,1919294,Entire home/apt,,Waterfront Communities-The Island (77),1,0.0,2,1.0,122.0,,43.641076,-79.382792,2017-03-12 17:24:34.896924
10859154,50759579,Entire home/apt,,North Riverdale (68),0,0.0,4,2.0,114.0,,43.672761,-79.352793,2017-03-12 17:24:34.894687
16177781,105621623,Entire home/apt,,Waterfront Communities-The Island (77),11,4.5,8,2.0,106.0,,43.641468,-79.381402,2017-03-12 17:24:34.892359
15398621,55357443,Entire home/apt,,Waterfront Communities-The Island (77),3,5.0,4,1.0,123.0,,43.642616,-79.382563,2017-03-12 17:24:34.888349
5386192,27919503,Entire home/apt,,Waterfront Communities-The Island (77),0,0.0,2,1.0,114.0,,43.639301,-79.384774,2017-03-12 17:24:34.883017
12761296,30066525,Entire home/apt,,Church-Yonge Corridor (75),10,4.5,4,2.0,118.0,,43.657847,-79.376309,2017-03-12 17:24:34.880525
9717275,9075734,Entire home/apt,,Moss Park (73),5,4.5,2,1.0,123.0,,43.651921,-79.371646,2017-03-12 17:24:34.874659
16239099,90059930,Entire home/apt,,Waterfront Communities-The Island (77),1,0.0,4,1.0,114.0,,43.642561,-79.381243,2017-03-12 17:24:34.868602
14586613,54267676,Entire home/apt,,Waterfront Communities-The Island (77),14,5.0,4,2.0,114.0,,43.642422,-79.382094,2017-03-12 17:24:33.230148
14978191,30594074,Entire home/apt,,Waterfront Communities-The Island (77),3,5.0,4,1.0,104.0,,43.638433,-79.382918,2017-03-12 17:24:33.224078
17256192,49288354,Entire home/apt,,Waterfront Communities-The Island (77),0,0.0,4,1.0,123.0,,43.64348,-79.380418,2017-03-12 17:24:33.220196
11990511,64097769,Entire home/apt,,Waterfront Communities-The Island (77),4,5.0,3,1.0,123.0,,43.641915,-79.381987,2017-03-12 17:24:33.217292
7911486,1606299,Entire home/apt,,Moss Park (73),9,4.5,2,1.0,114.0,,43.651428,-79.372054,2017-03-12 17:24:33.208363
17510562,3985338,Entire home/apt,,Waterfront Communities-The Island (77),0,0.0,6,2.0,106.0,,43.643126,-79.382261,2017-03-12 17:24:32.100328
13588430,4032576,Entire home/apt,,Waterfront Communities-The Island (77),4,4.5,4,2.0,118.0,,43.641742,-79.380722,2017-03-12 17:24:32.097204
14187267,29470670,Entire home/apt,,Waterfront Communities-The Island (77),5,5.0,1,1.0,114.0,,43.642486,-79.381335,2017-03-12 17:24:32.092746
10152839,2437693,Entire home/apt,,Waterfront Communities-The Island (77),2,0.0,3,1.0,111.0,,43.646996,-79.374057,2017-03-12 17:24:32.078701
4111174,21330390,Entire home/apt,,Waterfront Communities-The Island (77),16,5.0,4,1.0,114.0,,43.642101,-79.382659,2017-03-12 17:24:32.073913
893885,4755643,Entire home/apt,,Waterfront Communities-The Island (77),47,4.5,2,1.0,105.0,,43.639862,-79.37963,2017-03-12 17:24:32.069370
11018759,9095685,Entire home/apt,,Waterfront Communities-The Island (77),11,4.5,6,1.0,114.0,,43.64237,-79.382839,2017-03-12 17:24:31.186755
9526469,49352398,Entire home/apt,,Waterfront Communities-The Island (77),4,4.5,5,2.0,114.0,,43.638992,-79.382927,2017-03-12 17:24:31.183628
11655842,61846405,Entire home/apt,,Waterfront Communities-The Island (77),10,4.5,2,1.0,118.0,,43.641734,-79.381991,2017-03-12 17:24:31.177420
12841036,10468498,Entire home/apt,,Waterfront Communities-The Island (77),24,4.5,4,1.0,106.0,,43.642581,-79.38212,2017-03-12 17:24:31.166303
16094076,104903995,Entire home/apt,,Waterfront Communities-The Island (77),0,0.0,2,1.0,114.0,,43.645296,-79.375359,2017-03-12 17:24:30.235769
13217124,38642373,Entire home/apt,,Waterfront Communities-The Island (77),4,5.0,2,1.0,107.0,,43.638625,-79.384957,2017-03-12 17:24:29.256233
13687183,79727046,Entire home/apt,,Waterfront Communities-The Island (77),27,5.0,3,1.0,114.0,,43.642345,-79.38172,2017-03-12 17:24:27.311046
15831874,102510039,Entire home/apt,,Dufferin Grove (83),0,0.0,4,2.0,114.0,,43.656735,-79.43842,2017-03-12 17:24:22.918488
1057144,265033,Entire home/apt,,Dufferin Grove (83),6,5.0,4,2.0,114.0,,43.658029,-79.431751,2017-03-12 17:24:22.277445
5933306,1301725,Entire home/apt,,Bay Street Corridor (76),10,5.0,4,1.0,107.0,,43.662139,-79.386472,2017-03-12 17:24:19.120020
4791619,24500536,Entire home/apt,,Annex (95),25,4.5,3,1.0,111.0,,43.668487,-79.397351,2017-03-12 17:24:17.598460
5204979,1146366,Entire home/apt,,Dovercourt-Wallace Emerson-Junction (93),0,0.0,5,2.0,107.0,,43.669728,-79.423055,2017-03-12 17:24:17.593628
6303395,7705189,Entire home/apt,,Palmerston-Little Italy (80),2,0.0,4,2.0,114.0,,43.658315,-79.421331,2017-03-12 17:24:17.586996
16113900,23705522,Entire home/apt,,Bay Street Corridor (76),2,0.0,5,2.0,114.0,,43.663521,-79.386986,2017-03-12 17:24:17.577906
14076788,45632112,Entire home/apt,,Annex (95),5,5.0,2,1.0,107.0,,43.67068,-79.39346,2017-03-12 17:24:17.575480
3736335,6739062,Entire home/apt,,Annex (95),0,0.0,3,1.0,114.0,,43.670818,-79.387459,2017-03-12 17:24:17.570178
9512349,1171437,Entire home/apt,,Annex (95),5,5.0,4,2.0,114.0,,43.671034,-79.408589,2017-03-12 17:24:16.799845
6877363,6601648,Entire home/apt,,Bay Street Corridor (76),0,0.0,4,2.0,115.0,,43.668066,-79.38776,2017-03-12 17:24:16.797554
7588249,2492466,Entire home/apt,,Church-Yonge Corridor (75),43,4.5,6,2.0,113.0,,43.669829,-79.38292,2017-03-12 17:24:16.794425
6182571,12548610,Entire home/apt,,Annex (95),6,4.0,4,2.0,107.0,,43.674868,-79.400224,2017-03-12 17:24:16.788688
5487021,28452277,Entire home/apt,,Dovercourt-Wallace Emerson-Junction (93),0,0.0,6,4.0,114.0,,43.664518,-79.424086,2017-03-12 17:24:16.785070
8691116,45632112,Entire home/apt,,Annex (95),17,5.0,2,1.0,107.0,,43.671528,-79.393789,2017-03-12 17:24:16.769631
5681167,1919294,Entire home/apt,,Annex (95),3,4.5,2,0.0,122.0,,43.669536,-79.39432,2017-03-12 17:24:15.474269
1269946,6122051,Entire home/apt,,Annex (95),91,5.0,6,2.0,123.0,,43.670636,-79.415694,2017-03-12 17:24:15.467238
9188873,32124997,Entire home/apt,,Bay Street Corridor (76),21,5.0,2,1.0,111.0,,43.6633,-79.387876,2017-03-12 17:24:15.452336
7249167,572362,Entire home/apt,,Annex (95),4,4.5,3,0.0,122.0,,43.671976,-79.389949,2017-03-12 17:24:14.798520
5304813,1306042,Entire home/apt,,Annex (95),34,4.5,5,2.0,111.0,,43.671251,-79.41547,2017-03-12 17:24:14.794010
3724315,17718736,Entire home/apt,,Casa Loma (96),5,4.0,4,2.0,123.0,,43.676608,-79.401868,2017-03-12 17:24:14.784367
17541440,91644709,Entire home/apt,,Annex (95),0,0.0,6,2.0,114.0,,43.672039,-79.38788,2017-03-12 17:24:14.770814
14187512,82522310,Entire home/apt,,Yonge-St.Clair (97),1,0.0,6,3.0,123.0,,43.681143,-79.399203,2017-03-12 17:24:12.094466
17191890,115730969,Entire home/apt,,Annex (95),2,0.0,6,2.0,107.0,,43.669775,-79.402336,2017-03-12 17:24:12.092320
940553,1631066,Entire home/apt,,Casa Loma (96),26,5.0,4,2.0,122.0,,43.677897,-79.410077,2017-03-12 17:24:11.154038
12559703,42307948,Entire home/apt,,Bay Street Corridor (76),0,0.0,4,2.0,114.0,,43.657286,-79.384342,2017-03-12 17:24:08.489320
2465008,12604811,Entire home/apt,,Church-Yonge Corridor (75),2,0.0,2,0.0,114.0,,43.654911,-79.378114,2017-03-12 17:24:08.487075
15125549,4124418,Entire home/apt,,Church-Yonge Corridor (75),0,0.0,2,0.0,114.0,,43.655696,-79.378634,2017-03-12 17:24:08.484667
3929908,979386,Entire home/apt,,Moss Park (73),0,0.0,7,3.0,114.0,,43.659096,-79.374655,2017-03-12 17:24:08.479151
12363746,66786860,Entire home/apt,,Church-Yonge Corridor (75),2,0.0,2,1.0,114.0,,43.669843,-79.381782,2017-03-12 17:24:08.474654
10513191,54203125,Entire home/apt,,Moss Park (73),0,0.0,6,2.0,114.0,,43.661718,-79.37035,2017-03-12 17:24:08.471854
14075001,3815882,Entire home/apt,,Woodbine Corridor (64),0,0.0,5,2.0,107.0,,43.6671,-79.314059,2017-03-12 17:24:08.465827
13911084,16836712,Entire home/apt,,South Riverdale (70),0,0.0,2,1.0,123.0,,43.659773,-79.342094,2017-03-12 17:24:08.463586
14534758,75131887,Entire home/apt,,Cabbagetown-South St.James Town (71),5,4.5,8,1.0,124.0,,43.66926,-79.36795,2017-03-12 17:24:08.452183
2489438,12741766,Entire home/apt,,Moss Park (73),10,4.5,4,2.0,114.0,,43.655375,-79.360505,2017-03-12 17:24:07.517434
14198556,3681319,Entire home/apt,,South Riverdale (70),1,0.0,4,1.0,118.0,,43.658153,-79.352283,2017-03-12 17:24:07.513484
11872244,63297078,Entire home/apt,,Church-Yonge Corridor (75),70,4.5,6,2.0,123.0,,43.665583,-79.3837,2017-03-12 17:24:07.502585
5422241,16751222,Entire home/apt,,North St.James Town (74),5,5.0,2,1.0,123.0,,43.669151,-79.379452,2017-03-12 17:24:07.497774
13669058,63297078,Entire home/apt,,Bay Street Corridor (76),28,5.0,6,2.0,123.0,,43.665046,-79.384935,2017-03-12 17:24:07.494510
13258899,66366678,Entire home/apt,,Rosedale-Moore Park (98),13,4.5,8,2.0,111.0,,43.672971,-79.377886,2017-03-12 17:24:06.588895
12092586,52873930,Entire home/apt,,Cabbagetown-South St.James Town (71),0,0.0,4,2.0,123.0,,43.666356,-79.377242,2017-03-12 17:24:06.583285
3250197,15856580,Entire home/apt,,North St.James Town (74),1,0.0,2,0.0,114.0,,43.668639,-79.375993,2017-03-12 17:24:06.573339
5930081,13284175,Entire home/apt,,Church-Yonge Corridor (75),3,5.0,2,1.0,114.0,,43.668675,-79.382399,2017-03-12 17:24:05.928529
6868488,1168851,Entire home/apt,,Church-Yonge Corridor (75),0,0.0,4,2.0,114.0,,43.661018,-79.377932,2017-03-12 17:24:05.924615
12411916,31915477,Entire home/apt,,Church-Yonge Corridor (75),3,5.0,2,1.0,121.0,,43.665058,-79.384558,2017-03-12 17:24:05.916945
8339822,35038073,Entire home/apt,,Church-Yonge Corridor (75),63,4.5,2,1.0,114.0,,43.670032,-79.381917,2017-03-12 17:24:05.914174
6000175,11186357,Entire home/apt,,Regent Park (72),1,0.0,5,2.0,111.0,,43.656931,-79.359492,2017-03-12 17:24:05.906001
13953339,83079125,Entire home/apt,,Moss Park (73),14,4.5,5,2.0,111.0,,43.656723,-79.356903,2017-03-12 17:24:05.901935
17011348,100388608,Entire home/apt,,Church-Yonge Corridor (75),1,0.0,6,2.0,106.0,,43.663495,-79.382232,2017-03-12 17:24:05.894678
14186226,85315962,Entire home/apt,,North St.James Town (74),1,0.0,4,1.0,107.0,,43.668645,-79.376118,2017-03-12 17:24:04.907364
14029292,919544,Entire home/apt,,Church-Yonge Corridor (75),10,5.0,6,2.0,107.0,,43.668135,-79.384942,2017-03-12 17:24:04.900318
2969361,15150765,Entire home/apt,,Moss Park (73),13,5.0,2,2.0,121.0,,43.659938,-79.371903,2017-03-12 17:24:03.525495
2648042,7173548,Entire home/apt,,South Riverdale (70),35,5.0,5,2.0,114.0,,43.659668,-79.335293,2017-03-12 17:24:03.520563
1209935,6607550,Entire home/apt,,Cabbagetown-South St.James Town (71),13,5.0,5,2.0,107.0,,43.665139,-79.369638,2017-03-12 17:24:03.502715
7325058,24049538,Entire home/apt,,Moss Park (73),4,5.0,4,2.0,114.0,,43.659497,-79.3677,2017-03-12 17:24:03.497585
5265986,2494047,Entire home/apt,,Blake-Jones (69),0,0.0,4,2.0,114.0,,43.679324,-79.341049,2017-03-12 17:24:02.419216
11720683,43030678,Entire home/apt,,South Riverdale (70),57,4.5,4,2.0,114.0,,43.670037,-79.329435,2017-03-12 17:24:01.008943
10151474,14086719,Entire home/apt,,Waterfront Communities-The Island (77),6,5.0,2,1.0,114.0,,43.649992,-79.387501,2017-03-12 17:23:58.344159
17223705,61177983,Entire home/apt,,Trinity-Bellwoods (81),0,0.0,5,2.0,114.0,,43.651107,-79.407717,2017-03-12 17:23:58.334144
2297903,4204541,Entire home/apt,,Rosedale-Moore Park (98),19,5.0,2,1.0,106.0,,43.671549,-79.383567,2017-03-12 17:23:58.323800
14221499,3311756,Entire home/apt,,Annex (95),4,5.0,2,1.0,114.0,,43.668578,-79.419876,2017-03-12 17:23:58.321613
7191768,8758544,Entire home/apt,,Waterfront Communities-The Island (77),3,5.0,4,2.0,114.0,,43.645112,-79.395754,2017-03-12 17:23:57.092564
15467354,68145136,Entire home/apt,,Kensington-Chinatown (78),8,5.0,4,2.0,123.0,,43.649606,-79.395335,2017-03-12 17:23:57.086230
8515000,499563,Entire home/apt,,Moss Park (73),25,5.0,2,1.0,114.0,,43.650642,-79.370547,2017-03-12 17:23:57.080617
15818701,102397189,Entire home/apt,,Palmerston-Little Italy (80),14,5.0,9,3.0,123.0,,43.662548,-79.412142,2017-03-12 17:23:57.078522
4091580,3263958,Entire home/apt,,Waterfront Communities-The Island (77),2,0.0,2,1.0,114.0,,43.641904,-79.400212,2017-03-12 17:23:57.075486
1012430,5570134,Entire home/apt,,Niagara (82),0,0.0,3,1.0,107.0,,43.64485,-79.409095,2017-03-12 17:23:55.705219
15857005,48244958,Entire home/apt,,Waterfront Communities-The Island (77),2,0.0,3,1.0,114.0,,43.642957,-79.378181,2017-03-12 17:23:55.699633
6794357,35564631,Entire home/apt,,Kensington-Chinatown (78),108,5.0,6,2.0,114.0,,43.656882,-79.402442,2017-03-12 17:23:55.693918
5638411,29221167,Entire home/apt,,Kensington-Chinatown (78),52,4.5,4,1.0,114.0,,43.652355,-79.391179,2017-03-12 17:30:20.009717
4091123,6910683,Entire home/apt,,South Riverdale (70),4,5.0,2,1.0,111.0,,43.658771,-79.350557,2017-03-12 17:30:19.990919
6787689,5854692,Entire home/apt,,Church-Yonge Corridor (75),22,5.0,6,2.0,122.0,,43.654072,-79.378371,2017-03-12 17:30:12.090912
880158,4575743,Entire home/apt,,Woodbine Corridor (64),1,0.0,5,3.0,123.0,,43.668382,-79.313015,2017-03-12 17:29:55.841923
6364171,2732548,Entire home/apt,,Cabbagetown-South St.James Town (71),1,0.0,2,1.0,113.0,,43.66782,-79.364958,2017-03-12 17:29:50.746131
2453991,12535667,Entire home/apt,,South Riverdale (70),2,0.0,3,1.0,122.0,,43.663367,-79.341077,2017-03-12 17:29:50.733241
13892826,60223809,Entire home/apt,,Moss Park (73),2,0.0,2,1.0,114.0,,43.651739,-79.36404,2017-03-12 17:29:42.376699
13991003,79351799,Entire home/apt,,South Riverdale (70),0,0.0,7,2.0,111.0,,43.666678,-79.34013,2017-03-12 17:29:40.912201
14040812,17720659,Entire home/apt,,South Riverdale (70),1,0.0,2,1.0,122.0,,43.658103,-79.343824,2017-03-12 17:29:20.582723
6560972,6017818,Entire home/apt,,The Beaches (63),8,4.5,4,1.0,114.0,,43.674677,-79.299123,2017-03-12 17:28:45.145124
13001609,12516644,Entire home/apt,,The Beaches (63),4,5.0,6,4.0,122.0,,43.669353,-79.293919,2017-03-12 17:28:45.142114
2946342,15041816,Entire home/apt,,The Beaches (63),17,4.5,4,2.0,106.0,,43.674138,-79.299281,2017-03-12 17:28:45.137474
14869716,35858790,Entire home/apt,,High Park-Swansea (87),0,0.0,3,2.0,114.0,,43.643505,-79.452233,2017-03-12 17:28:18.553783
10745708,48412246,Entire home/apt,,Niagara (82),5,5.0,4,1.0,114.0,,43.639782,-79.411769,2017-03-12 17:28:18.536954
13587334,2180237,Entire home/apt,,Niagara (82),1,0.0,4,1.0,107.0,,43.64395,-79.414441,2017-03-12 17:28:17.548006
16893919,19140077,Entire home/apt,,Little Portugal (84),0,0.0,4,1.0,114.0,,43.645353,-79.424487,2017-03-12 17:28:17.545094
9694918,10663749,Entire home/apt,,Trinity-Bellwoods (81),15,5.0,2,1.0,122.0,,43.64593,-79.415126,2017-03-12 17:28:16.544136
10143650,52058652,Entire home/apt,,Little Portugal (84),9,5.0,4,2.0,108.0,,43.641465,-79.424751,2017-03-12 17:28:16.536217
13650346,7560775,Entire home/apt,,Little Portugal (84),5,5.0,4,2.0,114.0,,43.642452,-79.424562,2017-03-12 17:28:15.212482
3307887,1948752,Entire home/apt,,South Parkdale (85),67,5.0,4,2.0,114.0,,43.640769,-79.425736,2017-03-12 17:28:13.255841
6305128,32795618,Entire home/apt,,Niagara (82),0,0.0,2,1.0,112.0,,43.638057,-79.41976,2017-03-12 17:28:13.247923
229913,1200620,Entire home/apt,,Niagara (82),8,4.5,5,2.0,122.0,,43.634787,-79.399575,2017-03-12 17:28:03.635620
2208685,1718194,Entire home/apt,,Waterfront Communities-The Island (77),4,4.5,3,1.0,107.0,,43.644613,-79.39229,2017-03-12 17:28:03.630842
7819363,376127,Entire home/apt,,Waterfront Communities-The Island (77),29,5.0,2,2.0,106.0,,43.645931,-79.398516,2017-03-12 17:27:58.209890
1704187,7135549,Entire home/apt,,Waterfront Communities-The Island (77),1,0.0,4,1.0,123.0,,43.64365,-79.387726,2017-03-12 17:27:42.557389
9786977,17956111,Entire home/apt,,Waterfront Communities-The Island (77),0,0.0,4,2.0,108.0,,43.645329,-79.378398,2017-03-12 17:27:42.554764
13132410,56312972,Entire home/apt,,Waterfront Communities-The Island (77),5,4.0,4,2.0,122.0,,43.623171,-79.37991,2017-03-12 17:27:42.535260
6684641,32086055,Entire home/apt,,Waterfront Communities-The Island (77),14,4.5,4,1.0,114.0,,43.641486,-79.396232,2017-03-12 17:27:24.662209
5422950,1718194,Entire home/apt,,Waterfront Communities-The Island (77),2,0.0,3,0.0,114.0,,43.643997,-79.390573,2017-03-12 17:27:24.651458
13449290,42960203,Entire home/apt,,Waterfront Communities-The Island (77),3,5.0,3,1.0,111.0,,43.644056,-79.398139,2017-03-12 17:27:24.643277
15038204,94492217,Entire home/apt,,Waterfront Communities-The Island (77),0,0.0,2,1.0,106.0,,43.643597,-79.392467,2017-03-12 17:27:24.639453
8905409,1919294,Entire home/apt,,Waterfront Communities-The Island (77),1,0.0,2,1.0,122.0,,43.639784,-79.398723,2017-03-12 17:27:23.695792
1655297,1919294,Entire home/apt,,Waterfront Communities-The Island (77),2,0.0,2,1.0,106.0,,43.642804,-79.392449,2017-03-12 17:27:23.690905
5229754,1397143,Entire home/apt,,Waterfront Communities-The Island (77),7,5.0,2,2.0,114.0,,43.645813,-79.396487,2017-03-12 17:27:23.669704
10732386,55476650,Entire home/apt,,Waterfront Communities-The Island (77),12,5.0,2,1.0,107.0,,43.639397,-79.398204,2017-03-12 17:27:22.400476
2071326,1718194,Entire home/apt,,Waterfront Communities-The Island (77),14,4.5,3,1.0,106.0,,43.645861,-79.392076,2017-03-12 17:27:22.397307
6373223,33211341,Entire home/apt,,Waterfront Communities-The Island (77),0,0.0,2,1.0,114.0,,43.638542,-79.390657,2017-03-12 17:27:22.394490
2708608,1492032,Entire home/apt,,Waterfront Communities-The Island (77),8,4.5,2,1.0,118.0,,43.640667,-79.398008,2017-03-12 17:27:22.389405
11140908,57898869,Entire home/apt,,Waterfront Communities-The Island (77),0,0.0,2,1.0,114.0,,43.640241,-79.394888,2017-03-12 17:27:22.386110
17312838,63968705,Entire home/apt,,Waterfront Communities-The Island (77),1,0.0,4,2.0,114.0,,43.642767,-79.39221,2017-03-12 17:27:22.377555
7163630,37518072,Entire home/apt,,Waterfront Communities-The Island (77),5,5.0,2,1.0,112.0,,43.640966,-79.398704,2017-03-12 17:27:21.640422
13989740,9035442,Entire home/apt,,Waterfront Communities-The Island (77),1,0.0,4,1.0,114.0,,43.644558,-79.392682,2017-03-12 17:27:21.003875
2614203,1130365,Entire home/apt,,Waterfront Communities-The Island (77),37,5.0,4,2.0,106.0,,43.641905,-79.375746,2017-03-12 17:27:20.994526
4117546,6298076,Entire home/apt,,Waterfront Communities-The Island (77),61,4.0,4,2.0,114.0,,43.644265,-79.392419,2017-03-12 17:27:19.787752
14470116,88176292,Entire home/apt,,Niagara (82),1,0.0,4,1.0,114.0,,43.637853,-79.401164,2017-03-12 17:26:57.544629
14840035,16260820,Entire home/apt,,Niagara (82),3,5.0,3,1.0,114.0,,43.638306,-79.40083,2017-03-12 17:26:57.541684
15163328,37487084,Entire home/apt,,Niagara (82),3,5.0,3,1.0,114.0,,43.635969,-79.406549,2017-03-12 17:26:57.537286
3939457,20411486,Entire home/apt,,Niagara (82),2,0.0,6,2.0,123.0,,43.63642,-79.406475,2017-03-12 17:26:57.533451
3144810,4477944,Entire home/apt,,South Parkdale (85),36,5.0,4,2.0,114.0,,43.639136,-79.422891,2017-03-12 17:26:56.101094
2140175,8024877,Entire home/apt,,Trinity-Bellwoods (81),19,5.0,5,2.0,107.0,,43.647754,-79.409055,2017-03-12 17:26:56.092479
7582719,7739078,Entire home/apt,,Dovercourt-Wallace Emerson-Junction (93),0,0.0,4,2.0,110.0,,43.662218,-79.445318,2017-03-12 17:26:56.088557
5344605,27696945,Entire home/apt,,Trinity-Bellwoods (81),4,5.0,6,3.0,107.0,,43.649038,-79.411794,2017-03-12 17:26:56.084842
5557431,20632488,Entire home/apt,,Waterfront Communities-The Island (77),1,0.0,2,1.0,107.0,,43.640729,-79.401263,2017-03-12 17:26:56.081284
16158566,19973976,Entire home/apt,,Niagara (82),0,0.0,2,1.0,123.0,,43.639017,-79.414284,2017-03-12 17:26:56.075573
4507958,12696701,Entire home/apt,,Little Portugal (84),10,5.0,4,2.0,122.0,,43.64115,-79.423241,2017-03-12 17:26:54.561239
15148698,67348605,Entire home/apt,,Niagara (82),6,5.0,5,3.0,114.0,,43.637685,-79.412717,2017-03-12 17:26:54.558728
4189264,9164383,Entire home/apt,,Weston-Pellam Park (91),10,4.5,5,4.0,114.0,,43.668916,-79.452386,2017-03-12 17:26:54.554270
15340174,97802418,Entire home/apt,,Niagara (82),0,0.0,3,1.0,106.0,,43.639269,-79.41365,2017-03-12 17:26:54.551112
6956745,36474649,Entire home/apt,,Waterfront Communities-The Island (77),0,0.0,4,1.0,114.0,,43.639573,-79.400305,2017-03-12 17:26:54.548535
14291115,21339871,Entire home/apt,,Niagara (82),2,0.0,2,1.0,114.0,,43.637385,-79.401487,2017-03-12 17:26:54.545467
13975714,83353937,Entire home/apt,,Niagara (82),2,0.0,4,1.0,114.0,,43.637229,-79.415865,2017-03-12 17:26:54.542879
13109597,72874872,Entire home/apt,,South Parkdale (85),0,0.0,2,1.0,113.0,,43.636903,-79.426555,2017-03-12 17:26:54.535460
10968250,195095,Entire home/apt,,Niagara (82),0,0.0,3,1.0,107.0,,43.640509,-79.414827,2017-03-12 17:26:54.532524
5856479,2771272,Entire home/apt,,Dufferin Grove (83),3,5.0,4,2.0,114.0,,43.652071,-79.435997,2017-03-12 17:26:54.529652
13731664,2732623,Entire home/apt,,Niagara (82),0,0.0,3,1.0,114.0,,43.641214,-79.40294,2017-03-12 17:26:54.525782
14199861,4888997,Entire home/apt,,High Park-Swansea (87),1,0.0,4,3.0,106.0,,43.646251,-79.451169,2017-03-12 17:26:54.523063
7632102,37360805,Entire home/apt,,Annex (95),1,0.0,4,2.0,114.0,,43.668283,-79.409177,2017-03-12 17:26:54.519548
6093676,31520655,Entire home/apt,,Niagara (82),0,0.0,2,1.0,107.0,,43.641985,-79.412683,2017-03-12 17:26:53.235019
17346726,117192998,Entire home/apt,,Niagara (82),0,0.0,2,1.0,114.0,,43.639471,-79.41776,2017-03-12 17:26:53.226787
9579161,11677180,Entire home/apt,,Niagara (82),3,5.0,5,2.0,123.0,,43.641309,-79.413711,2017-03-12 17:26:53.218806
9755460,38608059,Entire home/apt,,Niagara (82),8,4.5,2,1.0,113.0,,43.638953,-79.415762,2017-03-12 17:26:53.215641
14568828,84122303,Entire home/apt,,Little Portugal (84),3,4.5,3,2.0,114.0,,43.643141,-79.424173,2017-03-12 17:26:53.213033
12652510,1680870,Entire home/apt,,Trinity-Bellwoods (81),11,5.0,4,2.0,123.0,,43.644625,-79.418306,2017-03-12 17:26:53.210234
13463736,76967328,Entire home/apt,,Niagara (82),9,4.5,2,1.0,124.0,,43.636557,-79.419104,2017-03-12 17:26:53.201838
11590621,963354,Entire home/apt,,Niagara (82),37,4.5,5,2.0,124.0,,43.637218,-79.40649,2017-03-12 17:26:53.198440
1242848,6007606,Entire home/apt,,South Parkdale (85),47,5.0,4,2.0,114.0,,43.640506,-79.424264,2017-03-12 17:26:51.870056
6262615,21842077,Entire home/apt,,Niagara (82),0,0.0,3,2.0,114.0,,43.638852,-79.414369,2017-03-12 17:26:51.867750
14034637,7786891,Entire home/apt,,Roncesvalles (86),3,3.5,4,2.0,114.0,,43.643448,-79.44485,2017-03-12 17:26:51.864873
3456976,3992802,Entire home/apt,,Corso Italia-Davenport (92),1,0.0,3,2.0,114.0,,43.67515,-79.448055,2017-03-12 17:26:51.860323
14138118,2317152,Entire home/apt,,South Parkdale (85),4,4.5,5,1.0,107.0,,43.635099,-79.434379,2017-03-12 17:26:51.856184
12810446,13486557,Entire home/apt,,Niagara (82),4,4.0,2,1.0,114.0,,43.643498,-79.404849,2017-03-12 17:26:51.853499
5991720,14135487,Entire home/apt,,Niagara (82),2,0.0,5,2.0,114.0,,43.641251,-79.415101,2017-03-12 17:26:51.849450
15232998,57307535,Entire home/apt,,Niagara (82),2,0.0,2,1.0,114.0,,43.637845,-79.418951,2017-03-12 17:26:51.843914
2770851,3115779,Entire home/apt,,Roncesvalles (86),30,5.0,2,1.0,107.0,,43.643771,-79.432093,2017-03-12 17:26:51.839530
8800161,2564997,Entire home/apt,,Niagara (82),10,4.5,4,2.0,107.0,,43.63921,-79.417415,2017-03-12 17:26:51.837031
16024012,50841524,Entire home/apt,,High Park-Swansea (87),2,0.0,5,3.0,107.0,,43.639584,-79.45343,2017-03-12 17:26:50.387470
4786686,19833684,Entire home/apt,,Niagara (82),2,0.0,3,2.0,107.0,,43.641867,-79.414363,2017-03-12 17:26:50.383776
4286931,17497958,Entire home/apt,,Little Portugal (84),6,5.0,4,2.0,123.0,,43.642621,-79.423992,2017-03-12 17:26:50.381147
3520988,17729844,Entire home/apt,,Little Portugal (84),0,0.0,3,0.0,104.0,,43.6513,-79.434858,2017-03-12 17:26:50.376323
15008808,15653599,Entire home/apt,,Dovercourt-Wallace Emerson-Junction (93),5,4.5,7,2.0,114.0,,43.660773,-79.436854,2017-03-12 17:26:50.369391
190670,920827,Entire home/apt,,High Park-Swansea (87),16,4.5,4,2.0,114.0,,43.645422,-79.449924,2017-03-12 17:26:50.366561
1026693,1919294,Entire home/apt,,Niagara (82),7,4.0,2,1.0,114.0,,43.637995,-79.417345,2017-03-12 17:26:50.360685
14484699,49737879,Entire home/apt,,Niagara (82),2,0.0,2,1.0,114.0,,43.640752,-79.414929,2017-03-12 17:26:50.358434
2583037,120899,Entire home/apt,,Little Portugal (84),0,0.0,4,2.0,114.0,,43.650229,-79.434966,2017-03-12 17:26:50.354622
13753315,21339871,Entire home/apt,,Waterfront Communities-The Island (77),3,5.0,4,1.0,118.0,,43.645556,-79.402112,2017-03-12 17:26:49.474431
5114188,26425505,Entire home/apt,,Little Portugal (84),0,0.0,4,1.0,114.0,,43.641381,-79.425436,2017-03-12 17:26:49.466700
1242683,6773217,Entire home/apt,,Little Portugal (84),14,5.0,5,3.0,123.0,,43.648145,-79.435016,2017-03-12 17:26:49.462179
6987921,36636896,Entire home/apt,,Roncesvalles (86),9,5.0,5,2.0,111.0,,43.649718,-79.447354,2017-03-12 17:26:49.451292
14707039,3942076,Entire home/apt,,South Parkdale (85),1,0.0,1,1.0,107.0,,43.641131,-79.430296,2017-03-12 17:26:49.448472
16998731,62182193,Entire home/apt,,South Parkdale (85),2,0.0,2,1.0,114.0,,43.636268,-79.427991,2017-03-12 17:26:49.445925
610978,2984761,Entire home/apt,,Waterfront Communities-The Island (77),142,5.0,4,2.0,122.0,,43.640449,-79.395165,2017-03-12 17:23:55.684857
13603297,18839267,Entire home/apt,,Bay Street Corridor (76),22,4.5,5,2.0,114.0,,43.66053,-79.384735,2017-03-12 17:23:55.681442
6881036,36056145,Entire home/apt,,Waterfront Communities-The Island (77),19,4.5,4,2.0,108.0,,43.645557,-79.37596,2017-03-12 17:23:55.678447
15399569,53352238,Entire home/apt,,Waterfront Communities-The Island (77),3,5.0,3,1.0,105.0,,43.641949,-79.392838,2017-03-12 17:23:55.674532
7160353,37498912,Entire home/apt,,Annex (95),0,0.0,3,2.0,109.0,,43.667703,-79.404864,2017-03-12 17:23:54.477498
12585239,21245388,Entire home/apt,,Waterfront Communities-The Island (77),55,5.0,4,1.0,106.0,,43.643968,-79.391525,2017-03-12 17:23:54.474055
12145273,65204355,Entire home/apt,,Bay Street Corridor (76),20,4.5,2,1.0,114.0,,43.644887,-79.384687,2017-03-12 17:23:53.397383
12867946,70359008,Entire home/apt,,Church-Yonge Corridor (75),0,0.0,3,2.0,118.0,,43.67072,-79.38406,2017-03-12 17:23:53.388323
15209760,660692,Entire home/apt,,Bay Street Corridor (76),1,0.0,2,1.0,110.0,,43.665644,-79.387712,2017-03-12 17:23:52.535284
2814618,14398258,Entire home/apt,,Church-Yonge Corridor (75),13,5.0,2,1.0,114.0,,43.655211,-79.378402,2017-03-12 17:23:52.528096
7111369,35828364,Entire home/apt,,Waterfront Communities-The Island (77),8,5.0,2,1.0,111.0,,43.642407,-79.381588,2017-03-12 17:23:52.514193
2717271,4050911,Entire home/apt,,Kensington-Chinatown (78),26,5.0,2,1.0,114.0,,43.653693,-79.403101,2017-03-12 17:23:51.605344
8410802,44306082,Entire home/apt,,Waterfront Communities-The Island (77),54,5.0,3,1.0,122.0,,43.644807,-79.399781,2017-03-12 17:23:51.598396
5276934,642419,Entire home/apt,,Kensington-Chinatown (78),0,0.0,3,2.0,114.0,,43.653582,-79.40062,2017-03-12 17:23:51.595502
13651514,4679885,Entire home/apt,,Waterfront Communities-The Island (77),12,5.0,2,1.0,118.0,,43.648234,-79.389226,2017-03-12 17:23:50.320892
1578261,1919294,Entire home/apt,,Church-Yonge Corridor (75),18,4.5,2,1.0,122.0,,43.658241,-79.381024,2017-03-12 17:23:49.626313
6656585,34839980,Entire home/apt,,Cabbagetown-South St.James Town (71),1,0.0,2,1.0,106.0,,43.665987,-79.375622,2017-03-12 17:23:48.805941
5344590,27696909,Entire home/apt,,Cabbagetown-South St.James Town (71),11,5.0,4,1.0,114.0,,43.663439,-79.375148,2017-03-12 17:23:47.367153
4168432,7566494,Entire home/apt,,Church-Yonge Corridor (75),57,4.5,2,0.0,114.0,,43.655292,-79.378759,2017-03-12 17:23:46.583807
11653577,21761190,Entire home/apt,,Church-Yonge Corridor (75),29,5.0,4,1.0,111.0,,43.653589,-79.379478,2017-03-12 17:23:45.217939
17011448,104845062,Entire home/apt,,Church-Yonge Corridor (75),7,5.0,5,2.0,106.0,,43.669413,-79.385063,2017-03-12 17:23:45.211984
8289683,38357448,Entire home/apt,,Regent Park (72),1,0.0,2,1.0,107.0,,43.659165,-79.361193,2017-03-12 17:23:43.143035
17562533,103420587,Entire home/apt,,Waterfront Communities-The Island (77),0,0.0,4,2.0,114.0,,43.645244,-79.401683,2017-03-12 17:23:43.134689
12913757,38612727,Entire home/apt,,Waterfront Communities-The Island (77),20,5.0,3,1.0,107.0,,43.648085,-79.392653,2017-03-12 17:23:41.691453
1402261,7569494,Entire home/apt,,Danforth (66),8,5.0,4,2.0,123.0,,43.681121,-79.339131,2017-03-12 17:23:39.659180
3544589,16876614,Entire home/apt,,South Riverdale (70),0,0.0,5,3.0,114.0,,43.664456,-79.327063,2017-03-12 17:23:39.654087
5194768,21978225,Entire home/apt,,Greenwood-Coxwell (65),2,0.0,6,3.0,114.0,,43.671297,-79.321439,2017-03-12 17:23:39.648174
4983319,25509879,Entire home/apt,,South Riverdale (70),40,5.0,6,2.0,114.0,,43.665138,-79.336537,2017-03-12 17:23:39.644006
4128146,21414834,Entire home/apt,,Woodbine Corridor (64),1,0.0,4,3.0,111.0,,43.678492,-79.315212,2017-03-12 17:23:39.639660
941071,5086802,Entire home/apt,,Greenwood-Coxwell (65),5,5.0,7,3.0,111.0,,43.682802,-79.325033,2017-03-12 17:23:38.769095
13263857,20795940,Entire home/apt,,South Riverdale (70),3,5.0,2,1.0,114.0,,43.667567,-79.327401,2017-03-12 17:23:38.766183
5669029,29389698,Entire home/apt,,East End-Danforth (62),35,5.0,6,3.0,122.0,,43.681749,-79.306282,2017-03-12 17:23:38.125581
13815465,72907902,Entire home/apt,,The Beaches (63),2,0.0,3,2.0,114.0,,43.668105,-79.305701,2017-03-12 17:23:38.106699
14281702,87143782,Entire home/apt,,Oakwood Village (107),1,0.0,4,2.0,123.0,,43.685768,-79.43516,2017-03-12 17:23:37.103498
697899,3576023,Entire home/apt,,Yonge-St.Clair (97),5,4.5,4,1.0,114.0,,43.689564,-79.402657,2017-03-12 17:23:36.428893
14332212,38660035,Entire home/apt,,Willowdale West (37),3,5.0,2,2.0,107.0,,43.777167,-79.416753,2017-03-12 17:23:36.426257
16260630,15814755,Entire home/apt,,Yonge-St.Clair (97),2,0.0,6,2.0,124.0,,43.686032,-79.398754,2017-03-12 17:23:36.415886
15234783,15099550,Entire home/apt,,Willowdale East (51),2,0.0,5,2.0,114.0,,43.760935,-79.40829,2017-03-12 17:23:35.588149
14249726,12314642,Entire home/apt,,Lansing-Westgate (38),7,5.0,2,2.0,123.0,,43.762329,-79.411196,2017-03-12 17:23:35.582898
15897561,102901292,Entire home/apt,,Willowdale East (51),1,0.0,3,1.0,111.0,,43.759933,-79.410254,2017-03-12 17:23:35.578779
1656810,1919294,Entire home/apt,,Bayview Village (52),3,4.5,3,1.0,114.0,,43.767987,-79.379126,2017-03-12 17:23:35.562573
6310283,32826340,Entire home/apt,,East End-Danforth (62),0,0.0,5,2.0,118.0,,43.685446,-79.290783,2017-03-12 17:23:32.258461
13603302,10007303,Entire home/apt,,Birchcliffe-Cliffside (122),4,3.5,4,1.0,114.0,,43.686435,-79.27058,2017-03-12 17:23:32.250675
8742410,45632112,Entire home/apt,,Annex (95),14,4.5,2,1.0,107.0,,43.671429,-79.394734,2017-03-12 17:23:31.450531
14198946,3709828,Entire home/apt,,Kensington-Chinatown (78),6,5.0,4,2.0,106.0,,43.658261,-79.391222,2017-03-12 17:23:31.447774
12025835,36960600,Entire home/apt,,South Riverdale (70),16,5.0,4,2.0,121.0,,43.65658,-79.348693,2017-03-12 17:23:31.445636
16929450,65031558,Entire home/apt,,Annex (95),1,0.0,2,1.0,107.0,,43.671192,-79.387547,2017-03-12 17:23:31.436700
13226234,10468498,Entire home/apt,,Waterfront Communities-The Island (77),13,4.5,2,1.0,106.0,,43.643504,-79.390067,2017-03-12 17:23:31.432004
14969953,8698175,Entire home/apt,,Annex (95),0,0.0,2,1.0,106.0,,43.671882,-79.392956,2017-03-12 17:23:31.428370
2881932,14728763,Entire home/apt,,South Riverdale (70),24,5.0,3,1.0,106.0,,43.663136,-79.340572,2017-03-12 17:23:31.426326
6185744,21023651,Entire home/apt,,Niagara (82),107,5.0,3,1.0,107.0,,43.637685,-79.405705,2017-03-12 17:23:29.314929
16296846,36804562,Entire home/apt,,Waterfront Communities-The Island (77),0,0.0,4,3.0,114.0,,43.642348,-79.37735,2017-03-12 17:23:28.568621
5473876,28389309,Entire home/apt,,Cabbagetown-South St.James Town (71),0,0.0,3,2.0,114.0,,43.665446,-79.370997,2017-03-12 17:23:28.548420
15845574,102645930,Entire home/apt,,Bay Street Corridor (76),1,0.0,2,1.0,106.0,,43.662517,-79.385337,2017-03-12 17:23:27.414610
5189544,20661611,Entire home/apt,,South Riverdale (70),2,0.0,2,1.0,107.0,,43.670917,-79.330112,2017-03-12 17:23:26.652369
16038483,26260639,Entire home/apt,,Regent Park (72),0,0.0,5,3.0,114.0,,43.657993,-79.363136,2017-03-12 17:23:25.752998
5004289,25806142,Entire home/apt,,Cabbagetown-South St.James Town (71),1,0.0,2,1.0,114.0,,43.664848,-79.377644,2017-03-12 17:23:25.734435
4941653,12544167,Entire home/apt,,The Beaches (63),0,0.0,4,1.0,110.0,,43.675666,-79.294147,2017-03-12 17:23:24.581840
5295570,27425490,Entire home/apt,,Woodbine Corridor (64),0,0.0,4,3.0,107.0,,43.676688,-79.309903,2017-03-12 17:23:24.574555
15070127,9669356,Entire home/apt,,Church-Yonge Corridor (75),14,4.5,5,2.0,114.0,,43.65428,-79.378409,2017-03-12 17:23:24.567759
4676121,24186047,Entire home/apt,,South Riverdale (70),9,5.0,4,3.0,123.0,,43.661842,-79.348584,2017-03-12 17:23:24.561931
6886749,431994,Entire home/apt,,Danforth (66),0,0.0,4,2.0,107.0,,43.683814,-79.32192,2017-03-12 17:23:22.790940
14993033,94408190,Entire home/apt,,Church-Yonge Corridor (75),3,5.0,2,1.0,114.0,,43.668123,-79.383017,2017-03-12 17:23:22.781810
6493098,33937388,Entire home/apt,,Blake-Jones (69),3,5.0,3,2.0,123.0,,43.675366,-79.340864,2017-03-12 17:23:22.772614
17618489,48888716,Entire home/apt,,Bay Street Corridor (76),0,0.0,2,2.0,114.0,,43.650864,-79.381148,2017-03-12 17:23:21.856940
16438509,12243051,Entire home/apt,,Church-Yonge Corridor (75),3,5.0,4,2.0,114.0,,43.667789,-79.381619,2017-03-12 17:23:21.854203
13545715,21745651,Entire home/apt,,Church-Yonge Corridor (75),17,4.0,5,2.0,111.0,,43.668363,-79.384366,2017-03-12 17:23:21.848291
9844689,37514178,Entire home/apt,,Waterfront Communities-The Island (77),3,5.0,2,1.0,106.0,,43.642898,-79.382521,2017-03-12 17:23:21.844507
12337986,48095714,Entire home/apt,,Palmerston-Little Italy (80),48,5.0,4,1.0,107.0,,43.657209,-79.408847,2017-03-12 17:23:21.833429
8779474,20232126,Entire home/apt,,Church-Yonge Corridor (75),0,0.0,3,1.0,118.0,,43.668745,-79.384983,2017-03-12 17:23:21.828905
14570191,89131145,Entire home/apt,,Bay Street Corridor (76),9,5.0,4,2.0,122.0,,43.664641,-79.389838,2017-03-12 17:23:16.563767
10769535,55701309,Entire home/apt,,North Riverdale (68),6,5.0,6,3.0,113.0,,43.672023,-79.348969,2017-03-12 17:23:16.545766
10682351,55175789,Entire home/apt,,Kensington-Chinatown (78),64,5.0,3,1.0,124.0,,43.648614,-79.398941,2017-03-12 17:23:15.581836
6595304,21339871,Entire home/apt,,Waterfront Communities-The Island (77),63,5.0,2,1.0,105.0,,43.648347,-79.373664,2017-03-12 17:23:15.561405
15768183,885646,Entire home/apt,,South Riverdale (70),0,0.0,2,1.0,114.0,,43.656281,-79.350917,2017-03-12 17:23:14.296576
10942506,18934077,Entire home/apt,,Waterfront Communities-The Island (77),10,4.5,2,1.0,114.0,,43.640146,-79.383979,2017-03-12 17:23:05.239515
992518,363432,Entire home/apt,,Annex (95),8,4.5,2,1.0,123.0,,43.671776,-79.388862,2017-03-12 17:23:05.227285
16422220,93209118,Entire home/apt,,Dovercourt-Wallace Emerson-Junction (93),13,5.0,6,3.0,114.0,,43.665011,-79.423454,2017-03-12 17:23:05.218049
10393368,5054073,Entire home/apt,,Waterfront Communities-The Island (77),57,5.0,2,0.0,106.0,,43.646679,-79.389682,2017-03-12 17:23:03.755284
15027204,64955856,Entire home/apt,,Waterfront Communities-The Island (77),17,5.0,3,1.0,112.0,,43.648628,-79.38764,2017-03-12 17:23:03.003304
9866240,2803074,Entire home/apt,,Niagara (82),18,4.5,2,1.0,118.0,,43.64327,-79.402478,2017-03-12 17:23:02.999021
9476197,40974147,Entire home/apt,,Waterfront Communities-The Island (77),9,4.5,2,1.0,106.0,,43.641833,-79.37611,2017-03-12 17:23:00.107540
1594005,6397676,Entire home/apt,,Waterfront Communities-The Island (77),44,5.0,4,1.0,114.0,,43.645473,-79.391521,2017-03-12 17:22:53.073210
5629790,3373263,Entire home/apt,,Moss Park (73),17,5.0,2,1.0,118.0,,43.651615,-79.37123,2017-03-12 17:22:53.070496
4338027,1628493,Entire home/apt,,Kensington-Chinatown (78),50,4.5,8,3.0,118.0,,43.65409,-79.400032,2017-03-12 17:22:53.066900
3626587,428682,Entire home/apt,,Waterfront Communities-The Island (77),37,5.0,2,1.0,114.0,,43.640517,-79.394994,2017-03-12 17:22:53.062532
16569573,55175789,Entire home/apt,,Kensington-Chinatown (78),5,5.0,2,1.0,118.0,,43.656865,-79.401889,2017-03-12 17:22:53.058125
6064589,617830,Entire home/apt,,Niagara (82),0,0.0,2,0.0,123.0,,43.64173,-79.404579,2017-03-12 17:22:53.055951
16794799,1420131,Entire home/apt,,Waterfront Communities-The Island (77),0,0.0,5,2.0,123.0,,43.640707,-79.391086,2017-03-12 17:22:53.052384
4091155,20081033,Entire home/apt,,Annex (95),20,4.5,2,1.0,106.0,,43.671659,-79.388272,2017-03-12 17:22:53.049669
14951782,6165976,Entire home/apt,,Waterfront Communities-The Island (77),17,5.0,4,1.0,124.0,,43.643271,-79.401174,2017-03-12 17:22:47.746629
17296940,102749817,Entire home/apt,,Waterfront Communities-The Island (77),0,0.0,4,1.0,111.0,,43.637274,-79.397301,2017-03-12 17:22:47.744431
16521350,104563461,Entire home/apt,,Bay Street Corridor (76),1,0.0,4,2.0,122.0,,43.649997,-79.382199,2017-03-12 17:22:47.742095
10767217,5002091,Entire home/apt,,Cabbagetown-South St.James Town (71),0,0.0,3,2.0,114.0,,43.663069,-79.365034,2017-03-12 17:22:47.737740
36691,158160,Entire home/apt,,South Riverdale (70),66,5.0,3,1.0,118.0,,43.662266,-79.33993,2017-03-12 17:22:47.725149
9248198,18140467,Entire home/apt,,Waterfront Communities-The Island (77),5,5.0,2,1.0,111.0,,43.645704,-79.389589,2017-03-12 17:22:47.722733
5805942,25757226,Entire home/apt,,Waterfront Communities-The Island (77),44,5.0,4,1.0,114.0,,43.643828,-79.380183,2017-03-12 17:22:46.797382
14911094,39250631,Entire home/apt,,Waterfront Communities-The Island (77),39,5.0,6,3.0,122.0,,43.641547,-79.382066,2017-03-12 17:22:46.794795
12452600,1684087,Entire home/apt,,Waterfront Communities-The Island (77),4,5.0,2,0.0,105.0,,43.648201,-79.390056,2017-03-12 17:22:46.790401
13617615,8550168,Entire home/apt,,Waterfront Communities-The Island (77),9,5.0,2,1.0,110.0,,43.646211,-79.389943,2017-03-12 17:22:46.787156
12855935,49288354,Entire home/apt,,Waterfront Communities-The Island (77),16,5.0,4,1.0,106.0,,43.643355,-79.387986,2017-03-12 17:22:46.778258
10105815,51860858,Entire home/apt,,Rosedale-Moore Park (98),0,0.0,2,1.0,123.0,,43.673428,-79.385952,2017-03-12 17:22:46.775307
284671,945353,Entire home/apt,,South Riverdale (70),0,0.0,1,1.0,114.0,,43.663513,-79.332461,2017-03-12 17:22:46.771964
12954325,21339871,Entire home/apt,,Church-Yonge Corridor (75),46,5.0,3,1.0,107.0,,43.654666,-79.379608,2017-03-12 17:22:40.965093
6402327,20323579,Entire home/apt,,The Beaches (63),12,5.0,4,2.0,106.0,,43.66938,-79.294413,2017-03-12 17:22:40.962147
14760262,45554348,Entire home/apt,,Waterfront Communities-The Island (77),35,5.0,6,2.0,114.0,,43.639928,-79.394027,2017-03-12 17:22:40.957337
6924754,20081033,Entire home/apt,,Annex (95),31,4.5,2,0.0,106.0,,43.669625,-79.394116,2017-03-12 17:22:40.954416
16114275,78712806,Entire home/apt,,Waterfront Communities-The Island (77),4,5.0,2,0.0,107.0,,43.63956,-79.397396,2017-03-12 17:22:40.948271
16825383,742398,Entire home/apt,,Annex (95),0,0.0,2,1.0,107.0,,43.67128,-79.387288,2017-03-12 17:22:40.943312
9805047,45395034,Entire home/apt,,Waterfront Communities-The Island (77),7,4.5,4,2.0,114.0,,43.639499,-79.38038,2017-03-12 17:22:40.941138
8687873,45616648,Entire home/apt,,Waterfront Communities-The Island (77),4,5.0,2,1.0,111.0,,43.638929,-79.391035,2017-03-12 17:22:40.931635
16314304,102005278,Entire home/apt,,Waterfront Communities-The Island (77),3,4.5,3,1.0,114.0,,43.638329,-79.39383,2017-03-12 17:22:40.929513
14211696,3738532,Entire home/apt,,Waterfront Communities-The Island (77),75,5.0,4,1.0,122.0,,43.643487,-79.390013,2017-03-12 17:22:40.922352
707799,1289097,Entire home/apt,,Waterfront Communities-The Island (77),3,5.0,2,1.0,111.0,,43.648274,-79.366072,2017-03-12 17:22:39.806635
13572707,78278259,Entire home/apt,,Annex (95),1,0.0,4,1.0,114.0,,43.670834,-79.39331,2017-03-12 17:22:39.804359
14462770,30771781,Entire home/apt,,Danforth East York (59),2,0.0,4,2.0,114.0,,43.684002,-79.340244,2017-03-12 17:22:39.799154
5738406,29760150,Entire home/apt,,Danforth (66),1,0.0,6,3.0,114.0,,43.686487,-79.314581,2017-03-12 17:22:39.792499
6056440,19309556,Entire home/apt,,Bay Street Corridor (76),30,5.0,4,2.0,122.0,,43.663951,-79.385966,2017-03-12 17:22:39.788088
15391191,29710965,Entire home/apt,,Greenwood-Coxwell (65),0,0.0,5,3.0,114.0,,43.666205,-79.325168,2017-03-12 17:22:39.783209
13652010,79280072,Entire home/apt,,Bay Street Corridor (76),8,5.0,2,1.0,118.0,,43.662137,-79.384569,2017-03-12 17:22:37.933080
15647553,100965492,Entire home/apt,,Waterfront Communities-The Island (77),1,0.0,3,1.0,114.0,,43.645829,-79.374602,2017-03-12 17:22:37.928890
13660452,21245388,Entire home/apt,,Annex (95),30,4.5,2,1.0,106.0,,43.670258,-79.394027,2017-03-12 17:22:37.926427
15611865,100661785,Entire home/apt,,Waterfront Communities-The Island (77),1,0.0,2,1.0,114.0,,43.642872,-79.38278,2017-03-12 17:22:37.921831
5707779,16290105,Entire home/apt,,Waterfront Communities-The Island (77),52,5.0,5,2.0,106.0,,43.647454,-79.392783,2017-03-12 17:22:37.919145
14549970,21245388,Entire home/apt,,Waterfront Communities-The Island (77),19,5.0,2,1.0,106.0,,43.645009,-79.391848,2017-03-12 17:22:37.911577
16685737,86151794,Entire home/apt,,Bay Street Corridor (76),0,0.0,3,1.0,114.0,,43.658529,-79.383571,2017-03-12 17:22:36.914267
16015073,32544022,Entire home/apt,,Waterfront Communities-The Island (77),0,0.0,2,1.0,114.0,,43.646706,-79.376534,2017-03-12 17:22:36.908332
16191354,105732871,Entire home/apt,,Annex (95),3,4.5,2,1.0,114.0,,43.670079,-79.393937,2017-03-12 17:22:36.905859
15973813,37325007,Entire home/apt,,Waterfront Communities-The Island (77),29,4.5,2,1.0,107.0,,43.645645,-79.390477,2017-03-12 17:22:36.898357
16333903,94340388,Entire home/apt,,Waterfront Communities-The Island (77),2,0.0,2,1.0,114.0,,43.64657,-79.394435,2017-03-12 17:22:36.895105
15405376,25499604,Entire home/apt,,Waterfront Communities-The Island (77),38,4.5,10,3.0,114.0,,43.639745,-79.397565,2017-03-12 17:22:36.886908
4779505,8510734,Entire home/apt,,The Beaches (63),19,4.5,4,2.0,107.0,,43.676115,-79.304045,2017-03-12 17:22:36.073540
6611876,2316025,Entire home/apt,,East End-Danforth (62),18,5.0,5,3.0,111.0,,43.690657,-79.299047,2017-03-12 17:22:36.067728
815663,1301725,Entire home/apt,,Waterfront Communities-The Island (77),15,4.5,4,1.0,107.0,,43.646331,-79.392607,2017-03-12 17:22:36.063032
7746501,12867906,Entire home/apt,,Waterfront Communities-The Island (77),1,0.0,2,1.0,114.0,,43.64583,-79.397915,2017-03-12 17:22:36.059242
17400318,74698106,Entire home/apt,,Waterfront Communities-The Island (77),1,0.0,3,1.0,114.0,,43.645554,-79.393452,2017-03-12 17:22:36.055054
5681246,1528160,Entire home/apt,,Moss Park (73),100,5.0,4,0.0,123.0,,43.660585,-79.367068,2017-03-12 17:22:36.048577
4257135,21936998,Entire home/apt,,Waterfront Communities-The Island (77),46,5.0,4,2.0,114.0,,43.645353,-79.399472,2017-03-12 17:22:36.045027
16123287,49288354,Entire home/apt,,Waterfront Communities-The Island (77),2,0.0,4,1.0,107.0,,43.641443,-79.382078,2017-03-12 17:22:36.040969
13207220,11709094,Entire home/apt,,Annex (95),9,5.0,2,1.0,111.0,,43.671877,-79.38838,2017-03-12 17:22:36.037840
11219169,55357443,Entire home/apt,,Waterfront Communities-The Island (77),14,4.5,3,1.0,114.0,,43.640796,-79.382719,2017-03-12 17:22:36.032253
12449255,59021206,Entire home/apt,,Bay Street Corridor (76),38,5.0,4,1.0,111.0,,43.663194,-79.386168,2017-03-12 17:22:33.443169
11936368,33644,Entire home/apt,,Waterfront Communities-The Island (77),7,5.0,2,1.0,114.0,,43.648597,-79.392513,2017-03-12 17:22:33.439283
15760005,55188259,Entire home/apt,,Waterfront Communities-The Island (77),15,5.0,6,2.0,114.0,,43.641177,-79.383448,2017-03-12 17:22:33.436399
5939826,24770642,Entire home/apt,,The Beaches (63),50,5.0,2,1.0,106.0,,43.667298,-79.302091,2017-03-12 17:22:33.425318
17138260,26626994,Entire home/apt,,Waterfront Communities-The Island (77),0,0.0,6,1.0,115.0,,43.639453,-79.397807,2017-03-12 17:22:33.423029
12463930,2159683,Entire home/apt,,Blake-Jones (69),1,0.0,6,4.0,114.0,,43.680874,-79.3332,2017-03-12 17:22:33.420557
10269595,52804039,Entire home/apt,,Kensington-Chinatown (78),50,5.0,2,1.0,114.0,,43.650202,-79.391868,2017-03-12 17:22:33.412258
14005607,83706652,Entire home/apt,,Moss Park (73),2,0.0,2,0.0,114.0,,43.657418,-79.354531,2017-03-12 17:22:33.408621
9635984,22901913,Entire home/apt,,Blake-Jones (69),1,0.0,4,2.0,122.0,,43.671563,-79.340879,2017-03-12 17:22:31.783643
242847,511173,Entire home/apt,,Kensington-Chinatown (78),60,5.0,2,1.0,107.0,,43.655069,-79.400835,2017-03-12 17:22:31.776359
12729117,47669138,Entire home/apt,,Waterfront Communities-The Island (77),44,5.0,4,1.0,107.0,,43.643851,-79.401677,2017-03-12 17:22:31.771491
14035675,84066586,Entire home/apt,,Waterfront Communities-The Island (77),50,5.0,4,2.0,106.0,,43.638,-79.398867,2017-03-12 17:22:31.764745
3976501,2449404,Entire home/apt,,South Riverdale (70),65,5.0,4,1.0,111.0,,43.66283,-79.340153,2017-03-12 17:22:31.758725
13169917,47429030,Entire home/apt,,Waterfront Communities-The Island (77),36,5.0,4,1.0,123.0,,43.643729,-79.388357,2017-03-12 17:22:31.752323
15311359,1919294,Entire home/apt,,Waterfront Communities-The Island (77),0,0.0,2,1.0,122.0,,43.637909,-79.400206,2017-03-12 17:22:30.773126
15376494,30881157,Entire home/apt,,Church-Yonge Corridor (75),16,5.0,4,2.0,111.0,,43.663444,-79.382484,2017-03-12 17:22:30.765175
2515109,12874802,Entire home/apt,,Kensington-Chinatown (78),209,5.0,2,1.0,114.0,,43.652429,-79.388013,2017-03-12 17:22:30.761020
17558680,17083389,Entire home/apt,,Waterfront Communities-The Island (77),0,0.0,2,1.0,114.0,,43.645158,-79.399546,2017-03-12 17:22:30.753479
16452667,107921183,Entire home/apt,,Waterfront Communities-The Island (77),0,0.0,4,2.0,123.0,,43.641985,-79.381519,2017-03-12 17:22:29.910552
8269858,8154471,Entire home/apt,,Waterfront Communities-The Island (77),17,5.0,2,1.0,114.0,,43.645777,-79.392225,2017-03-12 17:22:29.896645
5001297,25790505,Entire home/apt,,Waterfront Communities-The Island (77),105,5.0,2,1.0,114.0,,43.64654,-79.389598,2017-03-12 17:22:29.885445
7065212,37044682,Entire home/apt,,South Riverdale (70),2,0.0,3,1.0,118.0,,43.663438,-79.341925,2017-03-12 17:22:28.167047
17655607,23705522,Entire home/apt,,Waterfront Communities-The Island (77),0,0.0,4,1.0,122.0,,43.641018,-79.382243,2017-03-12 17:22:28.157562
14856683,9669356,Entire home/apt,,Danforth (66),7,4.5,6,3.0,114.0,,43.686441,-79.325388,2017-03-12 17:22:28.146440
16976254,36748838,Entire home/apt,,South Riverdale (70),0,0.0,4,2.0,114.0,,43.671694,-79.330288,2017-03-12 17:22:28.144081
13571346,7446032,Entire home/apt,,Waterfront Communities-The Island (77),64,5.0,4,1.0,114.0,,43.644391,-79.38791,2017-03-12 17:22:28.139167
14596380,38612727,Entire home/apt,,Waterfront Communities-The Island (77),24,5.0,3,1.0,105.0,,43.64797,-79.393333,2017-03-12 17:22:27.372874
14212466,86295816,Entire home/apt,,Waterfront Communities-The Island (77),37,5.0,4,1.0,106.0,,43.643313,-79.379671,2017-03-12 17:22:27.370575
12672756,2766334,Entire home/apt,,Waterfront Communities-The Island (77),65,5.0,4,1.0,108.0,,43.641376,-79.393592,2017-03-12 17:22:27.368358
16534606,34182124,Entire home/apt,,Church-Yonge Corridor (75),6,5.0,4,1.0,106.0,,43.660409,-79.381604,2017-03-12 17:22:27.364392
16556492,94848441,Entire home/apt,,Danforth (66),3,5.0,6,3.0,121.0,,43.680911,-79.345424,2017-03-12 17:22:27.354179
14996243,8702985,Entire home/apt,,North St.James Town (74),16,5.0,2,1.0,121.0,,43.668299,-79.375351,2017-03-12 17:22:27.352043
14504414,89587717,Entire home/apt,,Waterfront Communities-The Island (77),34,5.0,4,1.0,114.0,,43.6411,-79.383362,2017-03-12 17:22:27.345981
2207257,11259817,Entire home/apt,,The Beaches (63),15,4.5,6,2.0,107.0,,43.668637,-79.305555,2017-03-12 17:22:27.341906
12812398,17225208,Entire home/apt,,The Beaches (63),3,4.5,4,2.0,114.0,,43.672815,-79.307584,2017-03-12 17:22:26.515210
1315029,2929374,Entire home/apt,,Waterfront Communities-The Island (77),211,4.5,9,3.0,123.0,,43.644994,-79.392915,2017-03-12 17:22:26.508055
592532,66821,Entire home/apt,,East End-Danforth (62),1,0.0,4,3.0,107.0,,43.690039,-79.304397,2017-03-12 17:22:26.498603
4565516,22773087,Entire home/apt,,Waterfront Communities-The Island (77),282,5.0,2,1.0,114.0,,43.643003,-79.388104,2017-03-12 17:22:26.492158
16880610,87019794,Entire home/apt,,Waterfront Communities-The Island (77),7,5.0,6,2.0,123.0,,43.643296,-79.380177,2017-03-12 17:22:26.488584
5869076,30474530,Entire home/apt,,South Riverdale (70),69,5.0,6,2.0,104.0,,43.65968,-79.339247,2017-03-12 17:22:25.118378
14014861,81695515,Entire home/apt,,Annex (95),8,5.0,2,1.0,105.0,,43.671921,-79.388137,2017-03-12 17:22:25.114741
16252683,30362361,Entire home/apt,,Waterfront Communities-The Island (77),0,0.0,2,0.0,114.0,,43.647301,-79.393243,2017-03-12 17:22:25.110615
17559704,57623253,Entire home/apt,,Playter Estates-Danforth (67),0,0.0,8,2.0,112.0,,43.682441,-79.349935,2017-03-12 17:22:25.102165
4311914,22382928,Entire home/apt,,Danforth (66),71,5.0,5,2.0,114.0,,43.682777,-79.345146,2017-03-12 17:22:25.099102
4566721,23671949,Entire home/apt,,The Beaches (63),12,4.5,3,2.0,114.0,,43.67502,-79.287032,2017-03-12 17:22:25.094640
6628477,534666,Entire home/apt,,Waterfront Communities-The Island (77),73,4.5,3,1.0,114.0,,43.642406,-79.382907,2017-03-12 17:22:25.089249
16860053,16238944,Entire home/apt,,Waterfront Communities-The Island (77),5,5.0,4,2.0,118.0,,43.647426,-79.37574,2017-03-12 17:22:24.269952
14386595,28714153,Entire home/apt,,Waterfront Communities-The Island (77),7,5.0,4,2.0,123.0,,43.638961,-79.383372,2017-03-12 17:22:24.267382
14084782,82069057,Entire home/apt,,South Riverdale (70),4,5.0,4,2.0,114.0,,43.658193,-79.343772,2017-03-12 17:22:24.261557
16706190,12795294,Entire home/apt,,Waterfront Communities-The Island (77),11,4.5,4,1.0,114.0,,43.641393,-79.382948,2017-03-12 17:22:24.255912
13912861,40496960,Entire home/apt,,Church-Yonge Corridor (75),21,5.0,4,1.0,114.0,,43.668023,-79.385088,2017-03-12 17:22:24.248978
13286800,35061922,Entire home/apt,,Moss Park (73),12,5.0,2,1.0,114.0,,43.654174,-79.371454,2017-03-12 17:22:24.240010
5606866,28040670,Entire home/apt,,South Riverdale (70),23,5.0,2,1.0,113.0,,43.662577,-79.341459,2017-03-12 17:22:20.342215
10773794,2199822,Entire home/apt,,Moss Park (73),43,4.5,6,2.0,111.0,,43.653908,-79.370928,2017-03-12 17:22:20.331569
13961098,24067275,Entire home/apt,,The Beaches (63),3,5.0,2,1.0,114.0,,43.670049,-79.287082,2017-03-12 17:22:20.329294
13740027,54650146,Entire home/apt,,The Beaches (63),13,5.0,2,1.0,114.0,,43.671196,-79.297146,2017-03-12 17:22:20.323566
14473980,50220672,Entire home/apt,,Willowdale East (51),2,0.0,2,1.0,123.0,,43.768319,-79.409469,2017-03-12 17:22:06.304846
14170103,6050789,Entire home/apt,,Willowdale West (37),1,0.0,4,2.0,118.0,,43.778558,-79.416198,2017-03-12 17:22:06.302028
184097,206755,Entire home/apt,,Mount Pleasant West (104),0,0.0,3,1.0,114.0,,43.696536,-79.394682,2017-03-12 17:22:06.278842
14308408,534666,Entire home/apt,,Lansing-Westgate (38),1,0.0,4,2.0,114.0,,43.76003,-79.412426,2017-03-12 17:22:04.614621
8925921,534666,Entire home/apt,,Willowdale West (37),8,4.5,4,2.0,114.0,,43.777923,-79.415504,2017-03-12 17:22:04.611696
11233457,534666,Entire home/apt,,Willowdale East (51),18,4.5,4,2.0,114.0,,43.76439,-79.409584,2017-03-12 17:22:04.609560
930669,1919294,Entire home/apt,,Willowdale East (51),2,0.0,2,1.0,122.0,,43.764413,-79.411613,2017-03-12 17:22:04.606740
5873968,534666,Entire home/apt,,Willowdale West (37),18,4.5,4,2.0,114.0,,43.77639,-79.417079,2017-03-12 17:22:04.604526
10030574,1919294,Entire home/apt,,Lansing-Westgate (38),1,0.0,2,1.0,122.0,,43.764233,-79.412843,2017-03-12 17:22:04.600345
15870582,4124418,Entire home/apt,,Willowdale East (51),1,0.0,3,1.0,114.0,,43.761723,-79.409614,2017-03-12 17:22:04.593841
3112726,15817100,Entire home/apt,,Lawrence Park North (105),7,4.5,5,3.0,114.0,,43.731038,-79.407396,2017-03-12 17:22:04.582880
15870074,4124418,Entire home/apt,,Willowdale East (51),0,0.0,3,1.0,114.0,,43.762158,-79.408602,2017-03-12 17:22:03.467713
14887450,41822566,Entire home/apt,,Willowdale East (51),1,0.0,4,1.0,123.0,,43.77514,-79.412433,2017-03-12 17:22:03.465439
17448331,97440457,Entire home/apt,,York University Heights (27),0,0.0,6,2.0,124.0,,43.767344,-79.504266,2017-03-12 17:22:03.463115
17022943,38357448,Entire home/apt,,Leaside-Bennington (56),0,0.0,3,0.0,110.0,,43.7138,-79.364169,2017-03-12 17:22:03.460779
14992572,46500865,Entire home/apt,,Willowdale East (51),3,2.0,2,1.0,114.0,,43.779941,-79.41121,2017-03-12 17:22:03.449513
13874689,82070838,Entire home/apt,,Willowdale East (51),3,4.5,6,2.0,114.0,,43.770159,-79.411655,2017-03-12 17:22:03.438349
17513458,118727284,Entire home/apt,,Yonge-Eglinton (100),0,0.0,5,3.0,122.0,,43.709992,-79.399902,2017-03-12 17:22:03.436175
16428475,9541739,Entire home/apt,,Trinity-Bellwoods (81),1,0.0,4,2.0,114.0,,43.656076,-79.408831,2017-03-12 17:24:22.271932
2380048,864492,Entire home/apt,,Rosedale-Moore Park (98),3,4.5,5,3.0,123.0,,43.676112,-79.370088,2017-03-12 17:24:22.266764
9824726,15850616,Entire home/apt,,Rosedale-Moore Park (98),1,0.0,2,1.0,123.0,,43.670651,-79.386588,2017-03-12 17:24:22.254073
14484768,8650446,Entire home/apt,,Wychwood (94),0,0.0,3,1.0,114.0,,43.673607,-79.429398,2017-03-12 17:24:22.246635
10336633,41094976,Entire home/apt,,Annex (95),17,4.0,2,1.0,113.0,,43.670869,-79.393323,2017-03-12 17:24:21.449216
11999800,2372088,Entire home/apt,,Annex (95),4,5.0,2,1.0,124.0,,43.671599,-79.388887,2017-03-12 17:24:21.443638
15595704,4032576,Entire home/apt,,Annex (95),1,0.0,3,2.0,106.0,,43.673023,-79.389151,2017-03-12 17:24:21.439189
14336175,1919294,Entire home/apt,,Bay Street Corridor (76),2,0.0,2,0.0,122.0,,43.666159,-79.386208,2017-03-12 17:24:21.434694
13848520,7653690,Entire home/apt,,Kensington-Chinatown (78),7,4.5,3,1.0,114.0,,43.654974,-79.398963,2017-03-12 17:24:21.430551
14252730,86766897,Entire home/apt,,Bay Street Corridor (76),15,5.0,2,1.0,111.0,,43.664384,-79.389616,2017-03-12 17:24:21.421894
11741442,7405633,Entire home/apt,,Dufferin Grove (83),0,0.0,4,2.0,114.0,,43.656456,-79.445685,2017-03-12 17:24:19.983411
6157127,3790754,Entire home/apt,,Dovercourt-Wallace Emerson-Junction (93),1,0.0,4,2.0,107.0,,43.66759,-79.425135,2017-03-12 17:24:19.980544
7875712,27238254,Entire home/apt,,Dovercourt-Wallace Emerson-Junction (93),6,5.0,4,2.0,114.0,,43.665871,-79.446094,2017-03-12 17:24:19.977590
15758913,10897300,Entire home/apt,,Palmerston-Little Italy (80),0,0.0,3,1.0,117.0,,43.659565,-79.428662,2017-03-12 17:24:19.975341
16780470,16871974,Entire home/apt,,Annex (95),1,0.0,6,2.0,111.0,,43.669448,-79.413481,2017-03-12 17:24:19.972855
15362047,2440793,Entire home/apt,,Corso Italia-Davenport (92),0,0.0,1,1.0,124.0,,43.680965,-79.446888,2017-03-12 17:24:19.968499
10232382,5770261,Entire home/apt,,Church-Yonge Corridor (75),1,0.0,4,2.0,114.0,,43.660637,-79.380309,2017-03-12 17:24:19.963380
13726787,29275472,Entire home/apt,,Bay Street Corridor (76),1,0.0,3,1.0,106.0,,43.66524,-79.386041,2017-03-12 17:24:19.141360
14587132,38357448,Entire home/apt,,Church-Yonge Corridor (75),1,0.0,4,1.0,114.0,,43.65901,-79.380844,2017-03-12 17:24:19.134803
14980079,9946512,Entire home/apt,,Rosedale-Moore Park (98),1,0.0,3,1.0,108.0,,43.672265,-79.379634,2017-03-12 17:24:19.129397
6047019,31383165,Entire home/apt,,Church-Yonge Corridor (75),12,5.0,2,0.0,107.0,,43.670965,-79.38087,2017-03-12 17:24:19.125045
1036879,5696476,Entire home/apt,,Dovercourt-Wallace Emerson-Junction (93),9,4.5,4,2.0,109.0,,43.665768,-79.446757,2017-03-12 17:24:19.122553
14555345,80288389,Entire home/apt,,West Humber-Clairville (1),17,5.0,12,4.0,117.0,,43.732787,-79.612354,2017-03-12 17:22:03.429534
15896063,102901292,Entire home/apt,,Lansing-Westgate (38),1,0.0,3,1.0,107.0,,43.760152,-79.411023,2017-03-12 17:22:01.817611
16383041,44529139,Entire home/apt,,Newtonbrook West (36),0,0.0,4,2.0,114.0,,43.781215,-79.431332,2017-03-12 17:22:01.813577
17553165,95205754,Entire home/apt,,Newtonbrook East (50),0,0.0,4,1.0,121.0,,43.788883,-79.408891,2017-03-12 17:22:01.802049
13810651,12233527,Entire home/apt,,Yorkdale-Glen Park (31),0,0.0,4,2.0,114.0,,43.723255,-79.460178,2017-03-12 17:22:01.791634
4604118,2511205,Entire home/apt,,Willowdale East (51),9,4.5,2,1.0,111.0,,43.770229,-79.410811,2017-03-12 17:22:01.777642
12969335,43030678,Entire home/apt,,Willowdale East (51),41,4.5,4,3.0,114.0,,43.781879,-79.405929,2017-03-12 17:22:00.739391
7837703,41072305,Entire home/apt,,Willowdale East (51),0,0.0,4,2.0,114.0,,43.768175,-79.41056,2017-03-12 17:22:00.736711
14148974,85459663,Entire home/apt,,Bathurst Manor (34),7,4.0,6,3.0,114.0,,43.757104,-79.45984,2017-03-12 17:22:00.732902
16884046,38420335,Entire home/apt,,Yorkdale-Glen Park (31),1,0.0,7,2.0,114.0,,43.719269,-79.454668,2017-03-12 17:22:00.730770
17396749,534666,Entire home/apt,,Willowdale West (37),0,0.0,4,2.0,114.0,,43.774859,-79.414437,2017-03-12 17:22:00.728741
14197300,57333244,Entire home/apt,,Lansing-Westgate (38),1,0.0,2,1.0,114.0,,43.762897,-79.41174,2017-03-12 17:22:00.726471
9809768,4032576,Entire home/apt,,Mount Pleasant West (104),8,5.0,4,2.0,111.0,,43.708152,-79.395235,2017-03-12 17:22:00.718099
14142046,10352387,Entire home/apt,,Willowdale East (51),3,5.0,6,2.0,107.0,,43.770161,-79.410437,2017-03-12 17:21:59.730622
3979627,20624389,Entire home/apt,,Lansing-Westgate (38),12,5.0,4,2.0,114.0,,43.759405,-79.410457,2017-03-12 17:21:59.725418
14697056,91399524,Entire home/apt,,Newtonbrook West (36),4,5.0,6,2.0,123.0,,43.780078,-79.417656,2017-03-12 17:21:59.714688
15287959,3120774,Entire home/apt,,Willowdale East (51),50,5.0,4,2.0,107.0,,43.777431,-79.414711,2017-03-12 17:21:59.699540
1090758,1919294,Entire home/apt,,Bayview Village (52),3,4.5,4,2.0,114.0,,43.768137,-79.379831,2017-03-12 17:21:58.207564
15625081,2213489,Entire home/apt,,Mount Pleasant East (99),0,0.0,6,3.0,114.0,,43.700023,-79.375849,2017-03-12 17:21:58.205069
16542740,12033867,Entire home/apt,,Willowdale East (51),0,0.0,3,1.0,106.0,,43.756844,-79.405471,2017-03-12 17:21:58.200761
14239070,86609272,Entire home/apt,,Bayview Village (52),0,0.0,4,2.0,111.0,,43.768391,-79.368371,2017-03-12 17:21:57.569103
14748189,62913366,Entire home/apt,,Henry Farm (53),0,0.0,2,1.0,114.0,,43.774325,-79.338351,2017-03-12 17:21:57.566898
11467221,545074,Entire home/apt,,Woburn (137),1,0.0,5,2.0,114.0,,43.781327,-79.246263,2017-03-12 17:21:57.563880
16070177,104695576,Entire home/apt,,Mount Pleasant East (99),0,0.0,5,3.0,123.0,,43.715409,-79.392401,2017-03-12 17:21:57.554332
14590432,75254610,Entire home/apt,,Willowdale East (51),0,0.0,4,2.0,107.0,,43.770614,-79.39161,2017-03-12 17:21:57.551499
11860153,55952944,Entire home/apt,,Leaside-Bennington (56),1,0.0,5,2.0,123.0,,43.705952,-79.36565,2017-03-12 17:21:57.541346
13114042,72923812,Entire home/apt,,Woodbine-Lumsden (60),2,0.0,2,0.0,114.0,,43.693478,-79.316113,2017-03-12 17:21:54.983291
13951362,83049620,Entire home/apt,,Mount Pleasant West (104),1,0.0,6,3.0,114.0,,43.709412,-79.393135,2017-03-12 17:21:54.980708
17413977,534666,Entire home/apt,,Lawrence Park North (105),2,0.0,6,3.0,114.0,,43.730544,-79.401273,2017-03-12 17:21:54.978667
16646797,110018435,Entire home/apt,,Mount Pleasant West (104),3,4.5,5,2.0,106.0,,43.707158,-79.394096,2017-03-12 17:21:54.976638
4671010,14269999,Entire home/apt,,Lawrence Park South (103),1,0.0,3,2.0,114.0,,43.717696,-79.39976,2017-03-12 17:21:54.972516
13222861,74194676,Entire home/apt,,Yonge-Eglinton (100),0,0.0,2,1.0,114.0,,43.701045,-79.397305,2017-03-12 17:21:54.968757
14937416,43030678,Entire home/apt,,Newtonbrook East (50),4,4.5,4,3.0,114.0,,43.782788,-79.404025,2017-03-12 17:21:54.965934
15882804,83380695,Entire home/apt,,Mount Pleasant West (104),0,0.0,4,2.0,111.0,,43.711348,-79.396664,2017-03-12 17:21:54.959470
17029585,106376591,Entire home/apt,,Lawrence Park South (103),0,0.0,4,2.0,114.0,,43.71504,-79.40409,2017-03-12 17:21:54.955458
4687194,24233876,Entire home/apt,,Tam O'Shanter-Sullivan (118),61,4.5,6,3.0,123.0,,43.780964,-79.312235,2017-03-12 17:21:54.952836
1392638,1108156,Entire home/apt,,Birchcliffe-Cliffside (122),10,5.0,6,3.0,104.0,,43.70277,-79.258547,2017-03-12 17:21:54.950056
14748441,17463505,Entire home/apt,,Mount Pleasant West (104),8,5.0,4,2.0,109.0,,43.706167,-79.3947,2017-03-12 17:21:54.945537
17028883,107136913,Entire home/apt,,Wexford/Maryvale (119),0,0.0,4,2.0,114.0,,43.761719,-79.30715,2017-03-12 17:21:53.240467
12042538,49380886,Entire home/apt,,Wexford/Maryvale (119),14,5.0,6,3.0,105.0,,43.76601,-79.31798,2017-03-12 17:21:53.237917
8047850,42499840,Entire home/apt,,Mount Pleasant East (99),36,5.0,5,1.0,114.0,,43.714692,-79.390016,2017-03-12 17:21:53.234451
12053086,64550602,Entire home/apt,,Willowdale East (51),14,5.0,4,2.0,107.0,,43.756437,-79.404063,2017-03-12 17:21:53.229435
13811345,81291768,Entire home/apt,,Rouge (131),8,4.5,5,3.0,114.0,,43.782237,-79.137339,2017-03-12 17:21:53.227269
6837258,24233876,Entire home/apt,,Tam O'Shanter-Sullivan (118),38,4.5,6,3.0,114.0,,43.782561,-79.314087,2017-03-12 17:21:53.210659
17079536,66668029,Entire home/apt,,Cliffcrest (123),1,0.0,7,3.0,106.0,,43.730879,-79.234016,2017-03-12 17:21:53.208287
6940498,11765080,Entire home/apt,,Tam O'Shanter-Sullivan (118),11,5.0,3,2.0,107.0,,43.775385,-79.291514,2017-03-12 17:21:53.203395
14486050,87568766,Entire home/apt,,Parkwoods-Donalda (45),12,5.0,9,3.0,118.0,,43.76491,-79.34335,2017-03-12 17:21:52.308605
14774200,81019504,Entire home/apt,,Church-Yonge Corridor (75),3,5.0,4,2.0,114.0,,43.670247,-79.381174,2017-03-12 17:21:52.306428
13014460,9669356,Entire home/apt,,Annex (95),20,4.5,6,2.0,106.0,,43.668661,-79.405957,2017-03-12 17:21:52.303760
9384332,48683651,Entire home/apt,,Waterfront Communities-The Island (77),7,4.5,3,1.0,107.0,,43.638589,-79.400467,2017-03-12 17:21:52.299822
7870461,15718287,Entire home/apt,,Waterfront Communities-The Island (77),15,4.5,3,1.0,107.0,,43.640833,-79.378028,2017-03-12 17:21:52.295823
14953023,86295816,Entire home/apt,,Niagara (82),16,4.5,6,2.0,123.0,,43.639033,-79.412467,2017-03-12 17:21:52.293692
14772630,88371310,Entire home/apt,,Yonge-Eglinton (100),7,5.0,2,1.0,118.0,,43.708777,-79.400008,2017-03-12 17:21:52.288076
8016701,7476559,Entire home/apt,,Waterfront Communities-The Island (77),60,5.0,4,1.0,123.0,,43.64309,-79.382059,2017-03-12 17:21:52.285666
14723389,25003061,Entire home/apt,,Waterfront Communities-The Island (77),2,0.0,2,1.0,118.0,,43.639182,-79.396426,2017-03-12 17:21:41.324512
3479225,16506917,Entire home/apt,,Waterfront Communities-The Island (77),28,4.5,2,1.0,108.0,,43.638873,-79.380225,2017-03-12 17:21:41.322147
15658276,101075561,Entire home/apt,,Banbury-Don Mills (42),3,4.0,6,3.0,114.0,,43.740823,-79.336699,2017-03-12 17:21:41.317830
14166972,2745245,Entire home/apt,,Kensington-Chinatown (78),20,5.0,3,1.0,105.0,,43.65648,-79.399614,2017-03-12 17:21:41.315464
13095323,30556829,Entire home/apt,,Bay Street Corridor (76),23,5.0,2,0.0,114.0,,43.654516,-79.38529,2017-03-12 17:21:41.313273
5812962,9669356,Entire home/apt,,Church-Yonge Corridor (75),64,4.5,4,2.0,114.0,,43.655544,-79.378114,2017-03-12 17:21:41.306913
3609570,17847420,Entire home/apt,,Waterfront Communities-The Island (77),4,5.0,2,1.0,111.0,,43.644542,-79.392184,2017-03-12 17:21:41.300292
17120862,49260278,Entire home/apt,,Niagara (82),0,0.0,4,1.0,114.0,,43.644473,-79.406935,2017-03-12 17:21:41.291848
9684038,50022493,Entire home/apt,,Newtonbrook West (36),16,5.0,4,2.0,114.0,,43.780734,-79.41932,2017-03-12 17:21:32.133784
14591268,90487475,Entire home/apt,,Waterfront Communities-The Island (77),7,4.5,3,1.0,121.0,,43.638626,-79.397379,2017-03-12 17:21:32.131779
4379003,12535667,Entire home/apt,,Bay Street Corridor (76),9,4.5,3,1.0,105.0,,43.648956,-79.385467,2017-03-12 17:21:32.127438
14118230,84721968,Entire home/apt,,Palmerston-Little Italy (80),10,5.0,4,1.0,106.0,,43.660064,-79.416393,2017-03-12 17:21:32.120461
16226891,36829318,Entire home/apt,,Yonge-St.Clair (97),1,0.0,4,2.0,114.0,,43.693227,-79.400623,2017-03-12 17:21:32.114871
17587917,19684440,Entire home/apt,,Bay Street Corridor (76),0,0.0,2,1.0,107.0,,43.657125,-79.383222,2017-03-12 17:21:32.112914
17117452,16927104,Entire home/apt,,Church-Yonge Corridor (75),0,0.0,4,1.0,107.0,,43.669761,-79.383874,2017-03-12 17:21:32.107780
1668445,8569918,Entire home/apt,,Yonge-Eglinton (100),13,5.0,4,1.0,114.0,,43.704649,-79.40478,2017-03-12 17:21:32.103514
15888319,5502744,Entire home/apt,,Bay Street Corridor (76),18,5.0,4,1.0,114.0,,43.646491,-79.381147,2017-03-12 17:21:32.100538
4860596,11079714,Entire home/apt,,Annex (95),55,5.0,5,2.0,123.0,,43.671268,-79.417853,2017-03-12 17:21:32.097268
9759098,11869286,Entire home/apt,,Yonge-Eglinton (100),2,0.0,4,2.0,121.0,,43.701728,-79.398695,2017-03-12 17:21:31.256198
6937566,1567163,Entire home/apt,,Dufferin Grove (83),13,5.0,4,2.0,113.0,,43.65751,-79.431227,2017-03-12 17:21:31.249751
3554031,17893670,Entire home/apt,,Niagara (82),0,0.0,6,2.0,109.0,,43.641044,-79.416984,2017-03-12 17:21:31.244274
15421003,96339237,Entire home/apt,,Mount Pleasant West (104),1,0.0,4,2.0,114.0,,43.710491,-79.396414,2017-03-12 17:21:31.237032
16466271,108041619,Entire home/apt,,Waterfront Communities-The Island (77),3,5.0,2,1.0,114.0,,43.644638,-79.379725,2017-03-12 17:21:31.234859
14162787,33211847,Entire home/apt,,Waterfront Communities-The Island (77),0,0.0,2,1.0,114.0,,43.641418,-79.382112,2017-03-12 17:21:31.231491
11163296,5612410,Entire home/apt,,Niagara (82),6,5.0,2,1.0,114.0,,43.639195,-79.415721,2017-03-12 17:21:31.224166
13762125,63724426,Entire home/apt,,Waterfront Communities-The Island (77),23,5.0,2,1.0,111.0,,43.642063,-79.383332,2017-03-12 17:21:31.221608
3020413,9669356,Entire home/apt,,Waterfront Communities-The Island (77),93,4.5,6,2.0,114.0,,43.639379,-79.381237,2017-03-12 17:21:31.218480
16323368,3576207,Entire home/apt,,Niagara (82),8,5.0,3,1.0,111.0,,43.637687,-79.415289,2017-03-12 17:21:31.215180
15559817,4032576,Entire home/apt,,Willowdale East (51),0,0.0,4,2.0,106.0,,43.757259,-79.406644,2017-03-12 17:21:31.212312
12343435,66643034,Entire home/apt,,Waterfront Communities-The Island (77),31,5.0,4,2.0,114.0,,43.641306,-79.382609,2017-03-12 17:21:29.515191
925491,4232814,Entire home/apt,,Waterfront Communities-The Island (77),285,5.0,4,1.0,114.0,,43.643522,-79.381449,2017-03-12 17:21:29.510103
12224230,5819896,Entire home/apt,,Niagara (82),36,5.0,4,1.0,114.0,,43.642573,-79.405944,2017-03-12 17:21:29.507010
13064101,55175789,Entire home/apt,,Kensington-Chinatown (78),54,5.0,3,1.0,124.0,,43.6503,-79.398645,2017-03-12 17:21:29.504013
8936214,39250631,Entire home/apt,,Waterfront Communities-The Island (77),38,4.5,5,2.0,122.0,,43.642447,-79.381132,2017-03-12 17:21:29.501128
7436148,38548343,Entire home/apt,,University (79),1,0.0,3,0.0,111.0,,43.664647,-79.409623,2017-03-12 17:21:29.492979
14375588,88230046,Entire home/apt,,Waterfront Communities-The Island (77),18,5.0,7,3.0,114.0,,43.640681,-79.392922,2017-03-12 17:21:29.488595
13561397,7524309,Entire home/apt,,Kensington-Chinatown (78),21,5.0,2,1.0,107.0,,43.648419,-79.397991,2017-03-12 17:21:29.485710
13459721,25403961,Entire home/apt,,Niagara (82),0,0.0,5,2.0,114.0,,43.641067,-79.413445,2017-03-12 17:21:29.476632
16660521,108034608,Entire home/apt,,Waterfront Communities-The Island (77),5,5.0,4,1.0,106.0,,43.644863,-79.391831,2017-03-12 17:21:29.473327
17396848,22868073,Entire home/apt,,Waterfront Communities-The Island (77),0,0.0,3,1.0,123.0,,43.645837,-79.400351,2017-03-12 17:21:29.467851
13221049,74171672,Entire home/apt,,Danforth (66),7,5.0,4,2.0,123.0,,43.680031,-79.340311,2017-03-12 17:21:29.463256
1638995,8702985,Entire home/apt,,Trinity-Bellwoods (81),32,5.0,2,1.0,121.0,,43.652542,-79.413579,2017-03-12 17:21:28.440870
2907621,12931121,Entire home/apt,,Cabbagetown-South St.James Town (71),91,5.0,3,2.0,111.0,,43.66332,-79.37589,2017-03-12 17:21:28.437857
15360785,21339871,Entire home/apt,,Waterfront Communities-The Island (77),17,4.5,5,2.0,114.0,,43.644869,-79.388394,2017-03-12 17:21:28.434787
16601081,363432,Entire home/apt,,Annex (95),2,0.0,2,1.0,114.0,,43.671899,-79.388461,2017-03-12 17:21:28.432713
449650,1402232,Entire home/apt,,South Parkdale (85),48,5.0,7,4.0,114.0,,43.639266,-79.430328,2017-03-12 17:21:28.427835
16017906,11851253,Entire home/apt,,Waterfront Communities-The Island (77),6,5.0,3,1.0,106.0,,43.6489,-79.387082,2017-03-12 17:21:28.425780
15674452,14448529,Entire home/apt,,Moss Park (73),16,5.0,4,2.0,123.0,,43.652857,-79.365528,2017-03-12 17:21:28.423168
15506559,21245388,Entire home/apt,,Waterfront Communities-The Island (77),12,5.0,2,1.0,114.0,,43.640525,-79.394946,2017-03-12 17:21:28.417419
15010124,4232814,Entire home/apt,,Little Portugal (84),33,5.0,5,2.0,122.0,,43.642437,-79.422598,2017-03-12 17:21:28.411445
12835392,6638673,Entire home/apt,,Lansing-Westgate (38),1,0.0,1,1.0,111.0,,43.764857,-79.412793,2017-03-12 17:21:28.408845
10570120,8698175,Entire home/apt,,Annex (95),24,4.5,4,1.0,106.0,,43.669029,-79.39707,2017-03-12 17:21:28.406568
4715823,8134012,Entire home/apt,,Waterfront Communities-The Island (77),63,5.0,4,1.0,114.0,,43.642183,-79.38301,2017-03-12 17:21:28.398632
5307028,10566224,Entire home/apt,,Waterfront Communities-The Island (77),3,5.0,2,1.0,123.0,,43.648451,-79.387274,2017-03-12 17:21:24.868316
14885805,93362782,Entire home/apt,,Waterfront Communities-The Island (77),16,5.0,4,2.0,114.0,,43.64641,-79.392301,2017-03-12 17:21:24.865123
13848303,78161845,Entire home/apt,,Waterfront Communities-The Island (77),0,0.0,4,1.0,123.0,,43.641227,-79.381974,2017-03-12 17:21:24.860148
15148842,4873847,Entire home/apt,,Niagara (82),13,5.0,3,1.0,106.0,,43.63589,-79.404088,2017-03-12 17:21:24.857700
17300500,109784388,Entire home/apt,,High Park North (88),3,5.0,12,3.0,114.0,,43.659322,-79.453224,2017-03-12 17:21:24.855423
17634748,91997078,Entire home/apt,,Trinity-Bellwoods (81),0,0.0,1,1.0,114.0,,43.649158,-79.423604,2017-03-12 17:21:24.852898
17361208,38368623,Entire home/apt,,Waterfront Communities-The Island (77),0,0.0,2,1.0,114.0,,43.648877,-79.388646,2017-03-12 17:21:24.850296
15660271,75466888,Entire home/apt,,High Park North (88),1,0.0,8,3.0,121.0,,43.659306,-79.45299,2017-03-12 17:21:24.846319
13605154,78700881,Entire home/apt,,Waterfront Communities-The Island (77),55,5.0,4,1.0,111.0,,43.647179,-79.39163,2017-03-12 17:21:24.843339
6935480,35370594,Entire home/apt,,The Beaches (63),0,0.0,4,2.0,114.0,,43.669714,-79.307263,2017-03-12 17:21:24.838865
1475233,7895355,Entire home/apt,,Niagara (82),47,5.0,2,1.0,107.0,,43.639888,-79.417803,2017-03-12 17:21:24.832600
15931558,33237911,Entire home/apt,,Waterfront Communities-The Island (77),12,5.0,5,1.0,123.0,,43.64493,-79.400031,2017-03-12 17:21:22.270808
15392296,59463035,Entire home/apt,,Niagara (82),5,5.0,4,1.0,114.0,,43.63778,-79.405278,2017-03-12 17:21:22.268687
16739923,24901660,Entire home/apt,,Bay Street Corridor (76),0,0.0,4,2.0,107.0,,43.657725,-79.383236,2017-03-12 17:21:22.265746
14555542,43826388,Entire home/apt,,Mimico (includes Humber Bay Shores) (17),16,5.0,6,2.0,114.0,,43.62142,-79.482687,2017-03-12 17:21:22.261975
14160275,85627631,Entire home/apt,,Bay Street Corridor (76),3,4.5,2,1.0,114.0,,43.668123,-79.387298,2017-03-12 17:21:22.255913
16243670,102005278,Entire home/apt,,South Parkdale (85),6,5.0,4,1.0,106.0,,43.638935,-79.42836,2017-03-12 17:21:22.253678
17609982,119699152,Entire home/apt,,Lawrence Park South (103),0,0.0,4,2.0,122.0,,43.724693,-79.403355,2017-03-12 17:21:22.251405
1557077,2318099,Entire home/apt,,South Riverdale (70),21,4.5,2,1.0,114.0,,43.657015,-79.347942,2017-03-12 17:21:22.248604
445708,2213896,Entire home/apt,,Kensington-Chinatown (78),109,5.0,2,1.0,114.0,,43.655726,-79.40168,2017-03-12 17:21:22.239387
11490495,22965987,Entire home/apt,,Junction Area (90),42,5.0,4,2.0,111.0,,43.661937,-79.469648,2017-03-12 17:21:12.966790
8595192,45233451,Entire home/apt,,Waterfront Communities-The Island (77),1,0.0,4,1.0,123.0,,43.646335,-79.391979,2017-03-12 17:21:12.964200
14733021,91755040,Entire home/apt,,Waterfront Communities-The Island (77),32,5.0,5,2.0,107.0,,43.639534,-79.39734,2017-03-12 17:21:12.962095
14936141,18839267,Entire home/apt,,Niagara (82),11,5.0,4,2.0,114.0,,43.637657,-79.407058,2017-03-12 17:21:12.959601
13745044,22121642,Entire home/apt,,Church-Yonge Corridor (75),11,5.0,2,1.0,123.0,,43.656092,-79.375481,2017-03-12 17:21:12.955714
7218781,25688148,Entire home/apt,,Niagara (82),0,0.0,2,1.0,118.0,,43.639758,-79.415293,2017-03-12 17:21:12.950117
8355488,27752825,Entire home/apt,,Waterfront Communities-The Island (77),112,5.0,4,1.0,114.0,,43.646194,-79.398665,2017-03-12 17:21:12.945677
17435007,117960100,Entire home/apt,,Little Portugal (84),1,0.0,4,2.0,114.0,,43.64177,-79.423712,2017-03-12 17:21:12.943502
16599309,28446414,Entire home/apt,,Waterfront Communities-The Island (77),2,0.0,6,2.0,124.0,,43.644836,-79.391084,2017-03-12 17:21:08.516844
17533110,4276841,Entire home/apt,,Waterfront Communities-The Island (77),0,0.0,3,1.0,118.0,,43.643404,-79.401801,2017-03-12 17:21:08.513865
14336506,82902389,Entire home/apt,,Banbury-Don Mills (42),22,5.0,4,2.0,111.0,,43.72629,-79.328841,2017-03-12 17:21:08.511325
15792247,66484154,Entire home/apt,,Moss Park (73),16,5.0,3,1.0,107.0,,43.651044,-79.371208,2017-03-12 17:21:08.508857
5004095,6102871,Entire home/apt,,Dovercourt-Wallace Emerson-Junction (93),5,5.0,5,3.0,122.0,,43.659103,-79.440193,2017-03-12 17:21:08.506243
13427091,6114240,Entire home/apt,,Trinity-Bellwoods (81),6,5.0,2,1.0,114.0,,43.644137,-79.419555,2017-03-12 17:21:08.503380
15855488,21024223,Entire home/apt,,Waterfront Communities-The Island (77),8,4.5,2,1.0,114.0,,43.647679,-79.396067,2017-03-12 17:21:08.499863
1989937,3263375,Entire home/apt,,Waterfront Communities-The Island (77),79,4.5,4,1.0,122.0,,43.64558,-79.402805,2017-03-12 17:21:07.437695
15620587,12795294,Entire home/apt,,Waterfront Communities-The Island (77),32,4.5,4,1.0,122.0,,43.641314,-79.384102,2017-03-12 17:21:07.430606
14429007,9683557,Entire home/apt,,Annex (95),23,5.0,2,1.0,114.0,,43.671272,-79.395202,2017-03-12 17:21:07.428125
14872447,81549072,Entire home/apt,,Waterfront Communities-The Island (77),8,5.0,3,1.0,114.0,,43.639631,-79.382969,2017-03-12 17:21:07.425434
12693073,2246486,Entire home/apt,,South Riverdale (70),11,5.0,2,2.0,114.0,,43.662316,-79.344237,2017-03-12 17:21:07.421604
13732340,7476559,Entire home/apt,,Bay Street Corridor (76),7,4.5,4,1.0,114.0,,43.664928,-79.390253,2017-03-12 17:21:07.419087
5286524,5311727,Entire home/apt,,Niagara (82),14,4.5,3,1.0,114.0,,43.642579,-79.415444,2017-03-12 17:21:07.416388
13725506,739151,Entire home/apt,,Humewood-Cedarvale (106),4,5.0,2,1.0,114.0,,43.682733,-79.42761,2017-03-12 17:21:07.410673
11727674,10724994,Entire home/apt,,Palmerston-Little Italy (80),41,4.5,4,2.0,114.0,,43.662028,-79.410115,2017-03-12 17:21:07.407782
3802093,19532948,Entire home/apt,,Palmerston-Little Italy (80),128,5.0,5,2.0,107.0,,43.656924,-79.410574,2017-03-12 17:21:07.405100
4687603,24235743,Entire home/apt,,South Parkdale (85),61,5.0,4,2.0,117.0,,43.639706,-79.422304,2017-03-12 17:21:07.401448
12813703,28436346,Entire home/apt,,Waterfront Communities-The Island (77),31,5.0,2,1.0,114.0,,43.645059,-79.400712,2017-03-12 17:21:07.398685
13618327,21152396,Entire home/apt,,North St.James Town (74),1,0.0,4,1.0,114.0,,43.666997,-79.374883,2017-03-12 17:21:05.997854
17076111,55357443,Entire home/apt,,Waterfront Communities-The Island (77),6,4.0,3,1.0,114.0,,43.643225,-79.380847,2017-03-12 17:21:05.994676
13495222,76523988,Entire home/apt,,Niagara (82),66,5.0,4,1.0,114.0,,43.638027,-79.405201,2017-03-12 17:21:05.992038
8069450,42621666,Entire home/apt,,Church-Yonge Corridor (75),14,5.0,3,1.0,114.0,,43.664223,-79.38251,2017-03-12 17:21:05.988112
12290314,66236699,Entire home/apt,,Bay Street Corridor (76),54,5.0,2,1.0,107.0,,43.653905,-79.382727,2017-03-12 17:21:05.982610
16040637,33117319,Entire home/apt,,Kensington-Chinatown (78),27,5.0,4,2.0,114.0,,43.650597,-79.404991,2017-03-12 17:21:05.980411
14741813,86295816,Entire home/apt,,Waterfront Communities-The Island (77),16,5.0,4,1.0,107.0,,43.647462,-79.372055,2017-03-12 17:21:05.976501
14556638,90133562,Entire home/apt,,Waterfront Communities-The Island (77),3,4.5,3,2.0,122.0,,43.64428,-79.391561,2017-03-12 17:21:05.972440
4968015,14294444,Entire home/apt,,Trinity-Bellwoods (81),7,5.0,5,3.0,107.0,,43.651811,-79.422938,2017-03-12 17:21:05.967851
11929976,63679149,Entire home/apt,,Waterfront Communities-The Island (77),104,5.0,4,1.0,124.0,,43.640926,-79.382392,2017-03-12 17:21:05.958542
14429378,30474551,Entire home/apt,,Niagara (82),7,5.0,3,1.0,107.0,,43.641244,-79.413976,2017-03-12 17:21:05.955775
13714237,19461277,Entire home/apt,,Moss Park (73),91,4.5,8,2.0,114.0,,43.655413,-79.37365,2017-03-12 17:21:04.634637
8385539,2766334,Entire home/apt,,Waterfront Communities-The Island (77),98,5.0,4,1.0,108.0,,43.640025,-79.39557,2017-03-12 17:21:04.630908
13688453,33894858,Entire home/apt,,Waterfront Communities-The Island (77),30,5.0,4,1.0,118.0,,43.648327,-79.393454,2017-03-12 17:21:04.628022
15041432,10674479,Entire home/apt,,Waterfront Communities-The Island (77),18,5.0,4,1.0,114.0,,43.641988,-79.380891,2017-03-12 17:21:04.623254
7074964,3033658,Entire home/apt,,Niagara (82),31,5.0,4,1.0,114.0,,43.643146,-79.412385,2017-03-12 17:21:04.620094
14553381,90091259,Entire home/apt,,South Parkdale (85),21,4.5,2,1.0,114.0,,43.639235,-79.424213,2017-03-12 17:21:04.617219
15173443,96298082,Entire home/apt,,Annex (95),29,5.0,3,1.0,111.0,,43.670728,-79.393519,2017-03-12 17:21:04.611810
12940734,32621396,Entire home/apt,,Yonge-Eglinton (100),5,5.0,4,2.0,114.0,,43.711922,-79.405916,2017-03-12 17:21:04.607993
15328698,97701404,Entire home/apt,,Broadview North (57),11,5.0,8,3.0,114.0,,43.685496,-79.351999,2017-03-12 17:21:04.605812
17481618,4963728,Entire home/apt,,Niagara (82),0,0.0,2,1.0,114.0,,43.643501,-79.41538,2017-03-12 17:21:04.603662
12382820,16528521,Entire home/apt,,Bay Street Corridor (76),4,5.0,2,1.0,114.0,,43.666625,-79.386653,2017-03-12 17:21:04.600086
13658395,46934142,Entire home/apt,,Moss Park (73),1,0.0,4,2.0,114.0,,43.652282,-79.368097,2017-03-12 17:21:04.595443
15187466,55261161,Entire home/apt,,South Parkdale (85),4,5.0,2,1.0,106.0,,43.639587,-79.422596,2017-03-12 17:21:04.593135
4757091,567306,Entire home/apt,,Palmerston-Little Italy (80),13,5.0,6,2.0,114.0,,43.656263,-79.417749,2017-03-12 17:21:04.585984
16134701,87485998,Entire home/apt,,Oakridge (121),8,5.0,7,3.0,114.0,,43.698655,-79.27009,2017-03-12 17:21:04.583149
9954613,19301662,Entire home/apt,,Waterfront Communities-The Island (77),55,4.5,2,1.0,114.0,,43.642132,-79.372905,2017-03-12 17:21:03.798400
14726041,62402238,Entire home/apt,,Yonge-Eglinton (100),0,0.0,8,3.0,114.0,,43.710417,-79.405701,2017-03-12 17:21:03.795561
2181793,10468498,Entire home/apt,,Waterfront Communities-The Island (77),27,4.0,2,1.0,117.0,,43.641369,-79.382249,2017-03-12 17:21:03.790322
17464769,85377230,Entire home/apt,,Niagara (82),0,0.0,4,1.0,114.0,,43.636307,-79.417684,2017-03-12 17:21:03.787939
11594529,7476559,Entire home/apt,,Waterfront Communities-The Island (77),32,5.0,4,1.0,118.0,,43.641637,-79.383314,2017-03-12 17:21:03.783868
15235359,24905921,Entire home/apt,,Niagara (82),0,0.0,2,1.0,123.0,,43.635751,-79.402753,2017-03-12 17:21:03.781131
13170557,73595165,Entire home/apt,,South Riverdale (70),6,5.0,4,2.0,114.0,,43.658539,-79.34251,2017-03-12 17:21:03.778551
14776557,91005566,Entire home/apt,,Niagara (82),25,4.5,6,2.0,114.0,,43.638274,-79.414515,2017-03-12 17:21:03.776450
13618190,37424166,Entire home/apt,,South Riverdale (70),22,5.0,4,2.0,114.0,,43.66058,-79.345882,2017-03-12 17:21:03.773855
7951517,40906461,Entire home/apt,,Waterfront Communities-The Island (77),24,4.5,3,2.0,114.0,,43.638768,-79.398749,2017-03-12 17:21:03.771517
7570189,19041113,Entire home/apt,,Niagara (82),0,0.0,3,1.0,114.0,,43.641697,-79.402908,2017-03-12 17:21:03.769333
16947853,36197189,Entire home/apt,,Waterfront Communities-The Island (77),1,0.0,2,1.0,114.0,,43.644217,-79.401729,2017-03-12 17:21:03.766998
17238321,84794528,Entire home/apt,,South Parkdale (85),0,0.0,4,1.0,111.0,,43.640854,-79.424106,2017-03-12 17:21:03.764147
13494183,59018173,Entire home/apt,,Kensington-Chinatown (78),28,5.0,6,2.0,114.0,,43.65025,-79.397613,2017-03-12 17:21:03.760450
5805424,19117749,Entire home/apt,,Waterfront Communities-The Island (77),85,4.5,4,1.0,113.0,,43.645699,-79.394271,2017-03-12 17:21:03.755509
15178135,96337796,Entire home/apt,,Waterfront Communities-The Island (77),11,4.5,2,1.0,106.0,,43.643522,-79.402072,2017-03-12 17:21:02.164536
15497982,39332245,Entire home/apt,,Waterfront Communities-The Island (77),11,5.0,3,1.0,106.0,,43.641386,-79.38261,2017-03-12 17:21:02.156562
14330267,87707656,Entire home/apt,,Waterfront Communities-The Island (77),41,5.0,4,2.0,111.0,,43.642989,-79.380657,2017-03-12 17:21:02.154301
16548240,55175789,Entire home/apt,,Kensington-Chinatown (78),6,5.0,2,1.0,118.0,,43.657085,-79.401548,2017-03-12 17:21:02.152075
11960053,17163797,Entire home/apt,,Waterfront Communities-The Island (77),118,5.0,3,1.0,108.0,,43.648495,-79.392979,2017-03-12 17:21:02.149821
3942993,19117749,Entire home/apt,,Waterfront Communities-The Island (77),101,4.5,3,0.0,106.0,,43.645529,-79.393268,2017-03-12 17:21:02.146428
5164132,21146318,Entire home/apt,,Moss Park (73),56,5.0,4,2.0,118.0,,43.651297,-79.369951,2017-03-12 17:21:02.143781
266503,1393242,Entire home/apt,,Church-Yonge Corridor (75),163,5.0,6,2.0,114.0,,43.653319,-79.378787,2017-03-12 17:22:33.405310
15465463,44191437,Entire home/apt,,Waterfront Communities-The Island (77),11,5.0,3,1.0,112.0,,43.63959,-79.390474,2017-03-12 17:22:33.401055
13571038,21339871,Entire home/apt,,Waterfront Communities-The Island (77),12,5.0,4,1.0,114.0,,43.644313,-79.398038,2017-03-12 17:21:02.139303
6819218,20408425,Entire home/apt,,Annex (95),61,5.0,4,2.0,114.0,,43.673411,-79.414758,2017-03-12 17:21:02.136450
14874815,19461277,Entire home/apt,,Church-Yonge Corridor (75),77,4.5,6,0.0,114.0,,43.653527,-79.375684,2017-03-12 17:21:02.133733
14715779,19172993,Entire home/apt,,Waterfront Communities-The Island (77),60,5.0,2,1.0,106.0,,43.644142,-79.388792,2017-03-12 17:21:02.131552
15233566,53719356,Entire home/apt,,Waterfront Communities-The Island (77),35,5.0,4,1.0,111.0,,43.644695,-79.38882,2017-03-12 17:21:02.126192
14871865,91005566,Entire home/apt,,Waterfront Communities-The Island (77),21,4.5,4,2.0,114.0,,43.64286,-79.383538,2017-03-12 17:21:02.123724
17547979,732200,Entire home/apt,,Waterfront Communities-The Island (77),3,4.5,6,2.0,114.0,,43.64378,-79.379846,2017-03-12 17:21:00.675394
3922039,20316968,Entire home/apt,,Yonge-St.Clair (97),23,4.5,2,1.0,114.0,,43.685811,-79.399986,2017-03-12 17:21:00.673282
12062428,51843293,Entire home/apt,,Waterfront Communities-The Island (77),56,5.0,4,1.0,118.0,,43.643961,-79.390531,2017-03-12 17:21:00.670718
17209108,107718424,Entire home/apt,,Waterfront Communities-The Island (77),4,5.0,3,1.0,114.0,,43.640934,-79.381197,2017-03-12 17:21:00.664965
12379438,12874802,Entire home/apt,,Waterfront Communities-The Island (77),120,5.0,4,1.0,114.0,,43.64938,-79.387684,2017-03-12 17:21:00.661829
10790230,55582387,Entire home/apt,,North St.James Town (74),5,5.0,3,1.0,114.0,,43.671812,-79.379331,2017-03-12 17:21:00.658999
11648181,3510222,Entire home/apt,,Waterfront Communities-The Island (77),74,5.0,2,1.0,114.0,,43.649398,-79.387836,2017-03-12 17:21:00.655862
5003647,22082106,Entire home/apt,,Waterfront Communities-The Island (77),49,5.0,2,1.0,118.0,,43.64517,-79.3771,2017-03-12 17:21:00.651754
5184341,26804229,Entire home/apt,,Niagara (82),54,5.0,3,1.0,114.0,,43.639333,-79.419331,2017-03-12 17:21:00.645062
17364727,63980827,Entire home/apt,,Bay Street Corridor (76),2,0.0,4,2.0,114.0,,43.660789,-79.386353,2017-03-12 17:21:00.637988
16467960,86515682,Entire home/apt,,Waterfront Communities-The Island (77),0,0.0,2,0.0,114.0,,43.648418,-79.386739,2017-03-12 17:21:00.635731
7708965,40496904,Entire home/apt,,Waterfront Communities-The Island (77),81,5.0,2,1.0,118.0,,43.642174,-79.390992,2017-03-12 17:21:00.632575
15874987,102927974,Entire home/apt,,Waterfront Communities-The Island (77),22,5.0,2,1.0,114.0,,43.644389,-79.38991,2017-03-12 17:20:59.248469
16680448,110396936,Entire home/apt,,Bay Street Corridor (76),16,5.0,2,0.0,122.0,,43.650757,-79.383086,2017-03-12 17:20:59.246007
16000929,20068933,Entire home/apt,,Annex (95),21,5.0,3,1.0,123.0,,43.671402,-79.393271,2017-03-12 17:20:59.243906
6412633,32666043,Entire home/apt,,Annex (95),4,4.5,2,1.0,114.0,,43.67282,-79.388209,2017-03-12 17:20:59.241929
15956246,8303209,Entire home/apt,,Mount Pleasant West (104),18,5.0,2,2.0,114.0,,43.696355,-79.393381,2017-03-12 17:20:59.239616
13829144,2766334,Entire home/apt,,Waterfront Communities-The Island (77),33,5.0,5,2.0,119.0,,43.637751,-79.39789,2017-03-12 17:20:59.237459
15581261,13247224,Entire home/apt,,Waterfront Communities-The Island (77),54,5.0,4,1.0,114.0,,43.648165,-79.392297,2017-03-12 17:20:59.234768
14933813,62047290,Entire home/apt,,Niagara (82),0,0.0,3,1.0,114.0,,43.637592,-79.415813,2017-03-12 17:20:59.232855
16528665,41512310,Entire home/apt,,Moss Park (73),9,4.5,2,1.0,104.0,,43.656354,-79.357496,2017-03-12 17:20:59.230244
14449650,33894858,Entire home/apt,,Waterfront Communities-The Island (77),35,5.0,4,1.0,118.0,,43.647202,-79.392141,2017-03-12 17:20:59.227432
13506217,6451674,Entire home/apt,,Church-Yonge Corridor (75),0,0.0,2,1.0,114.0,,43.666093,-79.379488,2017-03-12 17:20:59.224489
17132171,67322562,Entire home/apt,,The Beaches (63),2,0.0,6,3.0,114.0,,43.666867,-79.303728,2017-03-12 17:20:59.222378
5447920,4114020,Entire home/apt,,Bay Street Corridor (76),34,4.5,5,2.0,110.0,,43.651896,-79.381894,2017-03-12 17:20:59.218143
1382277,7484678,Entire home/apt,,South Riverdale (70),281,5.0,2,0.0,105.0,,43.657395,-79.348954,2017-03-12 17:20:59.215433
16866205,72896015,Entire home/apt,,Waterfront Communities-The Island (77),10,5.0,5,2.0,114.0,,43.641284,-79.398452,2017-03-12 17:20:59.213135
15150647,96108931,Entire home/apt,,Moss Park (73),17,5.0,2,1.0,111.0,,43.652665,-79.371514,2017-03-12 17:20:59.210879
14222776,82204191,Entire home/apt,,Waterfront Communities-The Island (77),56,5.0,5,2.0,118.0,,43.642283,-79.391239,2017-03-12 17:20:59.147004
6854033,14480294,Entire home/apt,,Islington-City Centre West (14),5,5.0,4,2.0,96.0,,43.608789,-79.558315,2017-03-12 17:20:52.847274
13538499,17513654,Entire home/apt,,Islington-City Centre West (14),4,5.0,4,2.0,99.0,,43.609847,-79.56019,2017-03-12 17:20:51.961434
10263403,25474102,Entire home/apt,,Niagara (82),0,0.0,4,1.0,99.0,,43.636889,-79.400133,2017-03-12 17:20:13.986036
7548221,28460783,Entire home/apt,,Niagara (82),0,0.0,4,1.0,84.0,,43.638405,-79.411867,2017-03-12 17:20:13.972909
5182008,14130077,Entire home/apt,,Lambton Baby Point (114),0,0.0,4,1.0,91.0,,43.655385,-79.487336,2017-03-12 17:17:22.114907
15580433,62739798,Entire home/apt,,Mimico (includes Humber Bay Shores) (17),0,0.0,4,1.0,103.0,,43.621638,-79.482012,2017-03-12 17:17:21.422321
8172414,43130012,Entire home/apt,,Long Branch (19),14,4.0,8,3.0,99.0,,43.600816,-79.52462,2017-03-12 17:17:20.485883
2874755,14585875,Entire home/apt,,Mimico (includes Humber Bay Shores) (17),2,0.0,4,2.0,103.0,,43.625318,-79.489179,2017-03-12 17:17:17.781094
6487463,4494466,Entire home/apt,,New Toronto (18),1,0.0,2,1.0,88.0,,43.601177,-79.515906,2017-03-12 17:17:06.105875
564209,2774394,Entire home/apt,,Long Branch (19),66,4.5,4,3.0,100.0,,43.590282,-79.525638,2017-03-12 17:17:06.103351
6974477,33851023,Entire home/apt,,New Toronto (18),7,4.5,4,2.0,88.0,,43.601811,-79.50858,2017-03-12 17:17:06.087749
14738625,58100203,Entire home/apt,,Mimico (includes Humber Bay Shores) (17),0,0.0,4,2.0,91.0,,43.604558,-79.496796,2017-03-12 17:17:01.984455
4226656,1718194,Entire home/apt,,Waterfront Communities-The Island (77),8,4.0,4,1.0,91.0,,43.643076,-79.389181,2017-03-12 17:13:56.792009
4170244,21529474,Entire home/apt,,Waterfront Communities-The Island (77),3,4.0,2,1.0,96.0,,43.648847,-79.390674,2017-03-12 17:10:07.434912
12008949,64230896,Entire home/apt,,Waterfront Communities-The Island (77),0,0.0,3,1.0,96.0,,43.643834,-79.391084,2017-03-12 17:07:11.114707
12027018,63968705,Entire home/apt,,Waterfront Communities-The Island (77),1,0.0,2,1.0,92.0,,43.642478,-79.382643,2017-03-12 17:07:11.089923
6476382,6662296,Entire home/apt,,Eringate-Centennial-West Deane (11),0,0.0,4,3.0,92.0,,43.657678,-79.583737,2017-03-12 17:02:11.574531
7516848,39383270,Entire home/apt,,Islington-City Centre West (14),32,5.0,4,2.0,96.0,,43.641777,-79.557833,2017-03-12 17:02:11.553566
7901000,40881697,Entire home/apt,,Eringate-Centennial-West Deane (11),96,4.5,4,2.0,84.0,,43.653666,-79.575744,2017-03-12 17:02:11.536982
5855569,9136826,Entire home/apt,,Mimico (includes Humber Bay Shores) (17),10,5.0,4,2.0,102.0,,43.609883,-79.499656,2017-03-12 17:02:10.129030
8981694,45579348,Entire home/apt,,Alderwood (20),3,4.5,8,3.0,99.0,,43.614312,-79.532045,2017-03-12 17:02:10.125780
16349582,15578072,Entire home/apt,,Islington-City Centre West (14),9,5.0,6,2.0,96.0,,43.639521,-79.536489,2017-03-12 17:02:07.345636
16040178,22939167,Entire home/apt,,Mimico (includes Humber Bay Shores) (17),0,0.0,3,2.0,92.0,,43.623939,-79.487148,2017-03-12 17:02:06.002265
1150332,6305235,Entire home/apt,,High Park-Swansea (87),21,4.5,6,2.0,91.0,,43.6482,-79.476354,2017-03-12 17:00:09.435842
14670523,91171148,Entire home/apt,,High Park-Swansea (87),0,0.0,4,1.0,92.0,,43.647933,-79.481497,2017-03-12 17:00:06.047917
14968985,74219328,Entire home/apt,,Princess-Rosethorn (10),0,0.0,3,1.0,88.0,,43.658655,-79.541972,2017-03-12 16:59:56.007864
14524291,65076774,Entire home/apt,,Runnymede-Bloor West Village (89),2,0.0,2,2.0,103.0,,43.664337,-79.486747,2017-03-12 16:59:53.494626
12601766,4717956,Entire home/apt,,Rockcliffe-Smythe (111),13,4.5,6,2.0,92.0,,43.66963,-79.486879,2017-03-12 16:59:52.780667
14731878,26798319,Entire home/apt,,High Park North (88),2,0.0,2,1.0,88.0,,43.657729,-79.464102,2017-03-12 16:59:47.310288
16946626,4124418,Entire home/apt,,Mimico (includes Humber Bay Shores) (17),0,0.0,4,1.0,84.0,,43.625034,-79.480138,2017-03-12 16:59:43.794030
4848267,82675,Entire home/apt,,Mimico (includes Humber Bay Shores) (17),0,0.0,2,1.0,92.0,,43.625106,-79.478163,2017-03-12 16:59:42.310026
12567101,21983025,Entire home/apt,,Mimico (includes Humber Bay Shores) (17),19,4.5,4,2.0,84.0,,43.619955,-79.50375,2017-03-12 16:59:41.291252
1708284,1246798,Entire home/apt,,High Park-Swansea (87),1,0.0,2,1.0,103.0,,43.650847,-79.471149,2017-03-12 16:59:40.463728
3678264,18098786,Entire home/apt,,High Park North (88),6,4.5,4,2.0,88.0,,43.652831,-79.470498,2017-03-12 16:59:40.459071
1677645,8876063,Entire home/apt,,Junction Area (90),1,0.0,2,1.0,88.0,,43.665873,-79.465181,2017-03-12 16:59:40.454448
15831760,102208720,Entire home/apt,,Mimico (includes Humber Bay Shores) (17),1,0.0,2,1.0,92.0,,43.623379,-79.487338,2017-03-12 16:59:40.450201
7411092,1919294,Entire home/apt,,Mimico (includes Humber Bay Shores) (17),4,5.0,2,1.0,99.0,,43.621905,-79.482411,2017-03-12 16:59:40.445738
16823586,51533907,Entire home/apt,,Islington-City Centre West (14),0,0.0,6,3.0,100.0,,43.650295,-79.536546,2017-03-12 16:59:40.442011
543419,457581,Entire home/apt,,Junction Area (90),63,4.5,7,2.0,96.0,,43.666101,-79.475976,2017-03-12 16:59:40.427725
16701257,53164578,Entire home/apt,,Mimico (includes Humber Bay Shores) (17),0,0.0,5,2.0,103.0,,43.623201,-79.484994,2017-03-12 16:59:38.791561
15424115,98859880,Entire home/apt,,Mimico (includes Humber Bay Shores) (17),1,0.0,4,1.0,92.0,,43.624872,-79.488868,2017-03-12 16:59:38.776876
12082869,35965162,Entire home/apt,,Rockcliffe-Smythe (111),6,4.5,2,1.0,84.0,,43.679717,-79.475721,2017-03-12 16:59:38.772209
15066570,60480430,Entire home/apt,,Mimico (includes Humber Bay Shores) (17),4,5.0,2,1.0,84.0,,43.624762,-79.488439,2017-03-12 16:59:37.570203
4638316,24015180,Entire home/apt,,Mimico (includes Humber Bay Shores) (17),0,0.0,2,1.0,91.0,,43.619738,-79.482684,2017-03-12 16:59:36.216965
5946121,30868750,Entire home/apt,,High Park-Swansea (87),0,0.0,4,2.0,84.0,,43.638238,-79.469443,2017-03-12 16:59:36.191244
4440530,12708886,Entire home/apt,,High Park North (88),8,5.0,2,1.0,96.0,,43.656927,-79.466238,2017-03-12 16:59:34.860936
3175535,14546081,Entire home/apt,,Niagara (82),22,5.0,2,1.0,96.0,,43.636396,-79.405293,2017-03-12 16:58:55.054291
11453558,60223809,Entire home/apt,,Waterfront Communities-The Island (77),2,0.0,2,1.0,99.0,,43.639947,-79.394818,2017-03-12 16:58:38.764572
9998378,9486496,Entire home/apt,,Niagara (82),0,0.0,4,1.0,84.0,,43.635492,-79.407011,2017-03-12 16:57:49.571148
1683739,5827739,Entire home/apt,,High Park North (88),6,4.0,2,1.0,92.0,,43.65495,-79.462707,2017-03-12 16:57:29.607673
13841093,80682531,Entire home/apt,,High Park North (88),7,4.5,5,2.0,103.0,,43.656371,-79.462488,2017-03-12 16:57:29.604520
4708362,1409949,Entire home/apt,,Junction Area (90),65,4.5,4,2.0,88.0,,43.665767,-79.46319,2017-03-12 16:57:29.599822
9813252,50552372,Entire home/apt,,High Park North (88),0,0.0,3,1.0,92.0,,43.655861,-79.462623,2017-03-12 16:57:29.589210
11192135,22732435,Entire home/apt,,Bay Street Corridor (76),0,0.0,4,1.0,96.0,,43.667529,-79.389537,2017-03-12 16:55:52.949823
15925456,15808611,Entire home/apt,,Waterfront Communities-The Island (77),1,0.0,2,1.0,96.0,,43.643069,-79.39311,2017-03-12 16:53:47.166944
8090518,2483936,Entire home/apt,,Kensington-Chinatown (78),17,5.0,2,1.0,92.0,,43.652716,-79.39064,2017-03-12 16:52:50.229688
5250839,22732435,Entire home/apt,,Bay Street Corridor (76),12,4.5,4,1.0,91.0,,43.65461,-79.38817,2017-03-12 16:52:50.219797
8701243,3334492,Entire home/apt,,High Park North (88),3,4.5,4,1.0,100.0,,43.655647,-79.458626,2017-03-12 16:51:16.042465
7191136,8334609,Entire home/apt,,Waterfront Communities-The Island (77),48,5.0,2,1.0,100.0,,43.647058,-79.392775,2017-03-12 16:50:59.989077
8738559,34598492,Entire home/apt,,Mount Pleasant West (104),2,0.0,4,2.0,96.0,,43.710209,-79.396378,2017-03-12 16:49:33.947632
83854,457581,Entire home/apt,,Mount Dennis (115),72,4.5,4,2.0,96.0,,43.68444,-79.485952,2017-03-12 16:47:45.939089
13796175,2165178,Entire home/apt,,Keelesdale-Eglinton West (110),16,5.0,6,2.0,83.0,,43.691535,-79.46561,2017-03-12 16:47:44.329438
7913754,12044442,Entire home/apt,,Willowdale West (37),3,4.5,4,2.0,99.0,,43.768723,-79.439284,2017-03-12 16:47:42.942140
3517313,534666,Entire home/apt,,Willowdale East (51),6,4.5,4,2.0,92.0,,43.77603,-79.412539,2017-03-12 16:47:42.936526
6611013,542661,Entire home/apt,,High Park North (88),76,4.5,4,2.0,92.0,,43.657329,-79.459744,2017-03-12 16:47:10.830366
9753213,8304046,Entire home/apt,,Junction Area (90),36,4.5,4,2.0,92.0,,43.66269,-79.468028,2017-03-12 16:46:55.509668
6953301,36454673,Entire home/apt,,Runnymede-Bloor West Village (89),43,4.5,4,2.0,84.0,,43.657492,-79.483424,2017-03-12 16:46:43.066987
6449601,1279668,Entire home/apt,,Etobicoke West Mall (13),11,5.0,6,3.0,84.0,,43.64823,-79.566037,2017-03-12 16:46:43.063922
15305300,22783184,Entire home/apt,,Mimico (includes Humber Bay Shores) (17),0,0.0,2,1.0,84.0,,43.624681,-79.485982,2017-03-12 16:46:37.089523
13573146,48733191,Entire home/apt,,High Park North (88),1,0.0,3,1.0,92.0,,43.653979,-79.46761,2017-03-12 16:46:34.430180
16947013,4124418,Entire home/apt,,Mimico (includes Humber Bay Shores) (17),1,0.0,4,1.0,84.0,,43.625688,-79.479868,2017-03-12 16:46:34.421367
8145158,43005663,Entire home/apt,,Mimico (includes Humber Bay Shores) (17),0,0.0,4,2.0,92.0,,43.623292,-79.481356,2017-03-12 16:46:34.418003
11690168,62110509,Entire home/apt,,Mimico (includes Humber Bay Shores) (17),8,5.0,2,1.0,92.0,,43.63097,-79.475227,2017-03-12 16:46:33.047338
14421953,3211599,Entire home/apt,,Mimico (includes Humber Bay Shores) (17),9,5.0,4,1.0,92.0,,43.622375,-79.481396,2017-03-12 16:46:31.867203
14546938,35008388,Entire home/apt,,Mimico (includes Humber Bay Shores) (17),1,0.0,2,2.0,92.0,,43.619971,-79.483247,2017-03-12 16:46:31.847314
8192048,16875616,Entire home/apt,,Mimico (includes Humber Bay Shores) (17),15,5.0,3,1.0,91.0,,43.623405,-79.48183,2017-03-12 16:46:27.223789
17074050,77522158,Entire home/apt,,Mimico (includes Humber Bay Shores) (17),0,0.0,3,1.0,92.0,,43.62497,-79.48856,2017-03-12 16:46:27.198594
4906475,6305235,Entire home/apt,,High Park-Swansea (87),13,5.0,6,2.0,91.0,,43.648269,-79.47652,2017-03-12 16:46:21.451556
14818131,10831250,Entire home/apt,,Mimico (includes Humber Bay Shores) (17),20,5.0,3,1.0,88.0,,43.62472,-79.488034,2017-03-12 16:46:21.445612
14928028,93854314,Entire home/apt,,Islington-City Centre West (14),10,5.0,2,1.0,92.0,,43.64358,-79.528839,2017-03-12 16:46:21.432316
15234236,41702923,Entire home/apt,,Mimico (includes Humber Bay Shores) (17),4,5.0,4,1.0,96.0,,43.624649,-79.48924,2017-03-12 16:46:21.423062
17525161,116913751,Entire home/apt,,Mimico (includes Humber Bay Shores) (17),0,0.0,2,1.0,84.0,,43.623231,-79.480857,2017-03-12 16:46:20.650994
1564089,8300483,Entire home/apt,,Little Portugal (84),7,5.0,2,1.0,100.0,,43.651219,-79.428232,2017-03-12 16:46:11.916816
14613088,89519474,Entire home/apt,,Niagara (82),0,0.0,4,1.0,100.0,,43.633674,-79.424165,2017-03-12 16:46:11.909428
16219175,23832222,Entire home/apt,,Niagara (82),2,0.0,2,1.0,84.0,,43.641605,-79.404871,2017-03-12 16:46:11.899440
9091035,37613693,Entire home/apt,,Trinity-Bellwoods (81),9,5.0,2,1.0,100.0,,43.648173,-79.419763,2017-03-12 16:46:10.786677
6196828,32132127,Entire home/apt,,Niagara (82),1,0.0,2,1.0,92.0,,43.636834,-79.400346,2017-03-12 16:46:10.778097
11814538,2617399,Entire home/apt,,Trinity-Bellwoods (81),10,4.5,6,2.0,95.0,,43.647427,-79.405814,2017-03-12 16:46:10.773867
9429162,205699,Entire home/apt,,Niagara (82),28,5.0,4,1.0,88.0,,43.639132,-79.413936,2017-03-12 16:46:09.451046
1261382,888277,Entire home/apt,,Waterfront Communities-The Island (77),11,4.5,4,1.0,92.0,,43.642045,-79.376439,2017-03-12 16:45:23.547859
14448235,60849994,Entire home/apt,,South Parkdale (85),4,5.0,2,1.0,96.0,,43.641201,-79.43089,2017-03-12 16:43:43.553679
9896741,50902418,Entire home/apt,,Waterfront Communities-The Island (77),0,0.0,4,1.0,84.0,,43.641078,-79.398421,2017-03-12 16:43:43.547829
1968332,2994306,Entire home/apt,,Waterfront Communities-The Island (77),127,5.0,6,1.0,100.0,,43.645007,-79.400173,2017-03-12 16:43:37.632929
8896089,4032576,Entire home/apt,,Waterfront Communities-The Island (77),2,0.0,4,2.0,103.0,,43.641568,-79.396617,2017-03-12 16:43:36.184144
16427542,47855766,Entire home/apt,,Waterfront Communities-The Island (77),0,0.0,3,1.0,96.0,,43.641293,-79.396729,2017-03-12 16:43:36.182051
12649375,18860414,Entire home/apt,,Waterfront Communities-The Island (77),28,4.5,4,1.0,103.0,,43.63907,-79.399013,2017-03-12 16:43:36.168290
11697040,49329326,Entire home/apt,,Waterfront Communities-The Island (77),32,4.5,4,1.0,103.0,,43.636391,-79.39712,2017-03-12 16:43:36.160605
11574477,6176720,Entire home/apt,,Little Portugal (84),0,0.0,2,1.0,96.0,,43.642426,-79.42209,2017-03-12 16:43:34.647445
7459690,28460783,Entire home/apt,,Niagara (82),1,0.0,3,1.0,84.0,,43.641835,-79.414323,2017-03-12 16:43:34.636678
10103455,50723728,Entire home/apt,,Waterfront Communities-The Island (77),0,0.0,2,1.0,92.0,,43.645983,-79.399203,2017-03-12 16:43:33.109454
13858257,15693317,Entire home/apt,,Waterfront Communities-The Island (77),14,5.0,3,1.0,100.0,,43.639617,-79.399291,2017-03-12 16:43:27.896082
2143897,459872,Entire home/apt,,High Park North (88),7,5.0,3,2.0,96.0,,43.66164,-79.456917,2017-03-12 16:43:10.342297
10569744,54519429,Entire home/apt,,Waterfront Communities-The Island (77),20,5.0,2,1.0,88.0,,43.645259,-79.402227,2017-03-12 16:42:57.425863
1262705,6181737,Entire home/apt,,Trinity-Bellwoods (81),14,5.0,2,1.0,96.0,,43.646841,-79.407523,2017-03-12 16:42:57.416036
7123716,28303377,Entire home/apt,,High Park-Swansea (87),0,0.0,4,2.0,100.0,,43.639744,-79.448793,2017-03-12 16:42:36.919600
15220262,75325002,Entire home/apt,,High Park-Swansea (87),2,0.0,4,1.0,96.0,,43.646855,-79.451924,2017-03-12 16:42:35.905166
1727775,9104636,Entire home/apt,,Niagara (82),2,0.0,3,1.0,84.0,,43.636397,-79.405248,2017-03-12 16:42:07.212228
16072334,534666,Entire home/apt,,Waterfront Communities-The Island (77),0,0.0,3,1.0,103.0,,43.642762,-79.382604,2017-03-12 16:41:47.260215
9881757,10105017,Entire home/apt,,Waterfront Communities-The Island (77),18,4.5,3,1.0,98.0,,43.647414,-79.393376,2017-03-12 16:41:35.045408
12772908,28873472,Entire home/apt,,Kensington-Chinatown (78),0,0.0,4,1.0,92.0,,43.650784,-79.393216,2017-03-12 16:40:10.154821
6226722,1282883,Entire home/apt,,Bay Street Corridor (76),27,5.0,2,0.0,84.0,,43.666261,-79.388676,2017-03-12 16:40:07.436627
5603966,22772278,Entire home/apt,,Moss Park (73),12,5.0,2,1.0,114.0,,43.652691,-79.372133,2017-03-12 17:21:12.939170
17667503,53721820,Entire home/apt,,Woodbine Corridor (64),0,0.0,2,0.0,118.0,,43.668402,-79.313063,2017-03-12 17:21:12.931881
17377640,24235743,Entire home/apt,,Waterfront Communities-The Island (77),3,5.0,6,2.0,122.0,,43.642795,-79.38105,2017-03-12 17:21:12.925136
14912527,11525759,Entire home/apt,,Church-Yonge Corridor (75),13,5.0,2,1.0,107.0,,43.66469,-79.378123,2017-03-12 17:21:12.917976
15971723,82533657,Entire home/apt,,Waterfront Communities-The Island (77),7,5.0,4,1.0,114.0,,43.642369,-79.383672,2017-03-12 17:21:12.915410
15516491,32609441,Entire home/apt,,Niagara (82),5,5.0,4,2.0,111.0,,43.636387,-79.419029,2017-03-12 17:21:11.060652
6896051,4356799,Entire home/apt,,Little Portugal (84),10,4.5,4,2.0,118.0,,43.642167,-79.422832,2017-03-12 17:21:11.057619
10631344,10060640,Entire home/apt,,Waterfront Communities-The Island (77),8,5.0,2,1.0,114.0,,43.646428,-79.372181,2017-03-12 17:21:11.053364
5999840,23069675,Entire home/apt,,South Riverdale (70),52,5.0,2,1.0,114.0,,43.662241,-79.343832,2017-03-12 17:21:11.049482
16871815,49726182,Entire home/apt,,Waterfront Communities-The Island (77),6,5.0,7,2.0,122.0,,43.639601,-79.39499,2017-03-12 17:21:11.046783
6511902,31370297,Entire home/apt,,Niagara (82),2,0.0,2,1.0,114.0,,43.640057,-79.416748,2017-03-12 17:21:11.039301
15099497,53719356,Entire home/apt,,Waterfront Communities-The Island (77),25,4.5,4,2.0,124.0,,43.647143,-79.397954,2017-03-12 17:21:11.036997
15052438,29824322,Entire home/apt,,Waterfront Communities-The Island (77),36,5.0,4,1.0,123.0,,43.644856,-79.390686,2017-03-12 17:21:11.034685
14119601,85109485,Entire home/apt,,Willowdale East (51),3,4.5,3,2.0,111.0,,43.760763,-79.407945,2017-03-12 17:21:11.032202
16569697,55175789,Entire home/apt,,Kensington-Chinatown (78),2,0.0,2,1.0,118.0,,43.656269,-79.400784,2017-03-12 17:21:11.029711
14587866,85715850,Entire home/apt,,Yonge-St.Clair (97),14,5.0,4,1.0,123.0,,43.687143,-79.39854,2017-03-12 17:21:11.022039
16481427,12874802,Entire home/apt,,Bay Street Corridor (76),14,5.0,4,1.0,106.0,,43.650127,-79.386775,2017-03-12 17:21:11.019626
15157841,82533657,Entire home/apt,,Waterfront Communities-The Island (77),19,5.0,4,1.0,114.0,,43.640702,-79.383804,2017-03-12 17:21:11.017094
14652088,30809188,Entire home/apt,,Waterfront Communities-The Island (77),12,5.0,2,1.0,123.0,,43.644123,-79.401706,2017-03-12 17:21:08.544387
14232885,651158,Entire home/apt,,Little Portugal (84),1,0.0,2,2.0,114.0,,43.650932,-79.426128,2017-03-12 17:21:08.542029
14874961,19461277,Entire home/apt,,Church-Yonge Corridor (75),73,4.5,6,0.0,114.0,,43.655523,-79.374,2017-03-12 17:21:08.539535
5649428,1311817,Entire home/apt,,Waterfront Communities-The Island (77),111,5.0,6,2.0,123.0,,43.644635,-79.38134,2017-03-12 17:21:08.536411
16056016,104563461,Entire home/apt,,Bay Street Corridor (76),9,5.0,4,2.0,122.0,,43.651472,-79.382951,2017-03-12 17:21:08.531964
1171884,6416279,Entire home/apt,,Waterfront Communities-The Island (77),108,5.0,6,1.0,114.0,,43.641429,-79.396382,2017-03-12 17:21:08.528930
12064625,64577961,Entire home/apt,,Waterfront Communities-The Island (77),98,5.0,3,1.0,106.0,,43.641262,-79.381976,2017-03-12 17:21:08.524233
14945823,2766334,Entire home/apt,,Waterfront Communities-The Island (77),29,5.0,4,1.0,108.0,,43.644871,-79.388534,2017-03-12 17:21:08.521766
15072588,63965214,Entire home/apt,,Kensington-Chinatown (78),8,4.5,5,2.0,117.0,,43.650326,-79.404194,2017-03-12 17:21:08.519347
13900759,13506332,Entire home/apt,,Waterfront Communities-The Island (77),7,5.0,2,1.0,84.0,,43.64839,-79.39474,2017-03-12 16:40:07.430317
2008432,1809482,Entire home/apt,,Church-Yonge Corridor (75),3,3.0,2,1.0,92.0,,43.665682,-79.382157,2017-03-12 16:39:47.880298
4961914,4195894,Entire home/apt,,Waterfront Communities-The Island (77),0,0.0,4,2.0,92.0,,43.64613,-79.393761,2017-03-12 16:38:29.046445
955446,3272927,Entire home/apt,,Waterfront Communities-The Island (77),31,4.5,5,2.0,102.0,,43.645847,-79.391637,2017-03-12 16:38:29.042482
16875830,112492760,Entire home/apt,,Waterfront Communities-The Island (77),6,4.5,5,1.0,102.0,,43.641383,-79.396154,2017-03-12 16:38:27.728683
1926023,2534003,Entire home/apt,,Waterfront Communities-The Island (77),58,5.0,2,1.0,100.0,,43.641317,-79.396134,2017-03-12 16:38:27.726469
17310847,534666,Entire home/apt,,Waterfront Communities-The Island (77),1,0.0,4,2.0,103.0,,43.643385,-79.392908,2017-03-12 16:38:27.724294
4596950,23437629,Entire home/apt,,Waterfront Communities-The Island (77),0,0.0,2,1.0,92.0,,43.640373,-79.391408,2017-03-12 16:38:27.713772
12913188,43128084,Entire home/apt,,Waterfront Communities-The Island (77),2,0.0,4,2.0,94.0,,43.640598,-79.395537,2017-03-12 16:38:27.698499
15832482,96224837,Entire home/apt,,Waterfront Communities-The Island (77),2,0.0,2,1.0,100.0,,43.639002,-79.394447,2017-03-12 16:38:26.499084
4959044,2684411,Entire home/apt,,Waterfront Communities-The Island (77),7,5.0,4,1.0,103.0,,43.646812,-79.393005,2017-03-12 16:38:26.491792
542172,2666294,Entire home/apt,,Waterfront Communities-The Island (77),14,4.5,2,1.0,100.0,,43.635403,-79.395396,2017-03-12 16:38:26.487075
16914105,7139214,Entire home/apt,,Waterfront Communities-The Island (77),0,0.0,3,1.0,88.0,,43.643361,-79.392848,2017-03-12 16:38:25.158165
14239903,86622390,Entire home/apt,,Waterfront Communities-The Island (77),10,4.5,3,1.0,100.0,,43.64409,-79.392072,2017-03-12 16:38:25.150926
4428086,22987616,Entire home/apt,,Waterfront Communities-The Island (77),6,5.0,2,1.0,84.0,,43.63748,-79.392407,2017-03-12 16:38:17.545096
4457253,2075861,Entire home/apt,,South Riverdale (70),5,4.5,2,1.0,100.0,,43.658748,-79.347398,2017-03-12 16:36:12.204069
15876604,95518495,Entire home/apt,,Bay Street Corridor (76),0,0.0,2,1.0,92.0,,43.666246,-79.389611,2017-03-12 16:36:11.688550
14967445,27073549,Entire home/apt,,Trinity-Bellwoods (81),3,4.5,2,1.0,103.0,,43.645872,-79.418966,2017-03-12 16:34:40.068309
7400659,38776300,Entire home/apt,,Niagara (82),0,0.0,3,1.0,91.0,,43.644881,-79.406445,2017-03-12 16:34:40.064505
14185037,74042876,Entire home/apt,,Niagara (82),0,0.0,3,2.0,103.0,,43.641598,-79.416377,2017-03-12 16:34:40.060073
13101047,25360551,Entire home/apt,,Roncesvalles (86),4,3.5,4,1.0,88.0,,43.6408,-79.442788,2017-03-12 16:34:40.057811
6096272,13053259,Entire home/apt,,Waterfront Communities-The Island (77),2,0.0,6,2.0,96.0,,43.643813,-79.401813,2017-03-12 16:34:40.052461
4719774,20950437,Entire home/apt,,Niagara (82),0,0.0,2,1.0,94.0,,43.638403,-79.415587,2017-03-12 16:34:40.049350
6000223,7746663,Entire home/apt,,Niagara (82),0,0.0,2,2.0,83.0,,43.642499,-79.404478,2017-03-12 16:34:40.046688
9676680,28147383,Entire home/apt,,Little Portugal (84),0,0.0,2,1.0,100.0,,43.642377,-79.427231,2017-03-12 16:34:40.038165
6867311,18311405,Entire home/apt,,Niagara (82),0,0.0,4,1.0,99.0,,43.63996,-79.415563,2017-03-12 16:34:39.032713
2411470,2275332,Entire home/apt,,South Parkdale (85),3,5.0,2,1.0,84.0,,43.637152,-79.435436,2017-03-12 16:34:39.021556
17156135,52484831,Entire home/apt,,Niagara (82),2,0.0,2,1.0,91.0,,43.636404,-79.418342,2017-03-12 16:34:39.019339
12962858,71279583,Entire home/apt,,Waterfront Communities-The Island (77),1,0.0,1,1.0,91.0,,43.645535,-79.40218,2017-03-12 16:34:39.015485
15204519,12779736,Entire home/apt,,Niagara (82),2,0.0,2,1.0,103.0,,43.635847,-79.401628,2017-03-12 16:34:39.009053
6780740,32359318,Entire home/apt,,Niagara (82),45,5.0,5,1.0,96.0,,43.639476,-79.416227,2017-03-12 16:34:38.017410
13649584,32135348,Entire home/apt,,Roncesvalles (86),6,4.0,4,0.0,99.0,,43.6422,-79.431146,2017-03-12 16:34:38.014781
1187087,6491125,Entire home/apt,,South Parkdale (85),12,4.5,2,0.0,100.0,,43.640636,-79.433495,2017-03-12 16:34:38.007200
11797167,62820955,Entire home/apt,,Niagara (82),0,0.0,2,1.0,96.0,,43.641006,-79.417595,2017-03-12 16:34:37.996979
3161306,8167018,Entire home/apt,,Little Portugal (84),45,5.0,2,1.0,96.0,,43.641163,-79.423476,2017-03-12 16:34:37.265852
10140722,23984428,Entire home/apt,,Niagara (82),16,5.0,2,1.0,88.0,,43.639227,-79.416041,2017-03-12 16:34:35.557821
3272998,15599129,Entire home/apt,,South Parkdale (85),29,5.0,2,1.0,96.0,,43.63334,-79.432086,2017-03-12 16:34:34.252753
10017938,27219467,Entire home/apt,,Niagara (82),13,5.0,2,1.0,88.0,,43.637105,-79.405618,2017-03-12 16:34:20.259342
1789396,4138582,Entire home/apt,,Waterfront Communities-The Island (77),21,5.0,2,1.0,84.0,,43.631371,-79.395924,2017-03-12 16:34:20.256620
14812955,49266562,Entire home/apt,,Niagara (82),4,5.0,4,1.0,96.0,,43.635908,-79.403878,2017-03-12 16:34:20.251299
7727959,9700971,Entire home/apt,,Waterfront Communities-The Island (77),8,4.5,6,2.0,99.0,,43.639508,-79.397828,2017-03-12 16:34:19.631175
647978,3247979,Entire home/apt,,Niagara (82),21,5.0,4,1.0,84.0,,43.637482,-79.405656,2017-03-12 16:34:18.815351
14667007,27978482,Entire home/apt,,Waterfront Communities-The Island (77),11,5.0,5,1.0,103.0,,43.639227,-79.398232,2017-03-12 16:34:17.075199
14471969,86418292,Entire home/apt,,Waterfront Communities-The Island (77),20,5.0,5,1.0,92.0,,43.639335,-79.3967,2017-03-12 16:34:13.331391
14668912,91152629,Entire home/apt,,Waterfront Communities-The Island (77),5,4.5,3,1.0,91.0,,43.648541,-79.388666,2017-03-12 16:34:04.889285
16345760,11491895,Entire home/apt,,Waterfront Communities-The Island (77),1,0.0,2,1.0,91.0,,43.64749,-79.370524,2017-03-12 16:34:04.883500
13847539,23256158,Entire home/apt,,Waterfront Communities-The Island (77),11,5.0,2,1.0,92.0,,43.638136,-79.398303,2017-03-12 16:33:50.420429
5164210,26468157,Entire home/apt,,Niagara (82),5,5.0,2,1.0,99.0,,43.63606,-79.403844,2017-03-12 16:33:50.414007
15180326,27838400,Entire home/apt,,Niagara (82),2,0.0,4,1.0,92.0,,43.640041,-79.413022,2017-03-12 16:33:47.251091
13532704,63957715,Entire home/apt,,Waterfront Communities-The Island (77),32,5.0,6,2.0,103.0,,43.642256,-79.397169,2017-03-12 16:33:47.235687
4540155,21541034,Entire home/apt,,Waterfront Communities-The Island (77),34,5.0,4,1.0,84.0,,43.639358,-79.392201,2017-03-12 16:33:47.227473
8031996,2860743,Entire home/apt,,Waterfront Communities-The Island (77),23,5.0,2,1.0,84.0,,43.639681,-79.400105,2017-03-12 16:33:45.857925
14374741,77153568,Entire home/apt,,Waterfront Communities-The Island (77),0,0.0,4,1.0,91.0,,43.636432,-79.399005,2017-03-12 16:33:45.855498
3902750,11156990,Entire home/apt,,Waterfront Communities-The Island (77),1,0.0,2,1.0,92.0,,43.642534,-79.40004,2017-03-12 16:33:45.125731
7756442,40740020,Entire home/apt,,Waterfront Communities-The Island (77),6,5.0,4,1.0,103.0,,43.636462,-79.397131,2017-03-12 16:33:44.994418
14268674,19568993,Entire home/apt,,South Parkdale (85),0,0.0,4,1.0,92.0,,43.63962,-79.423208,2017-03-12 16:33:26.831974
4581378,23747851,Entire home/apt,,Little Portugal (84),5,4.5,4,1.0,84.0,,43.641331,-79.42446,2017-03-12 16:33:26.827456
798392,1552988,Entire home/apt,,Little Portugal (84),2,0.0,2,1.0,99.0,,43.642618,-79.426367,2017-03-12 16:33:26.818496
14482841,14610313,Entire home/apt,,Little Portugal (84),1,0.0,2,1.0,84.0,,43.642671,-79.426377,2017-03-12 16:33:26.815494
8290586,18193185,Entire home/apt,,South Parkdale (85),15,5.0,5,2.0,88.0,,43.64061,-79.427882,2017-03-12 16:33:26.810499
14727491,3714317,Entire home/apt,,South Parkdale (85),2,0.0,4,2.0,92.0,,43.63557,-79.439325,2017-03-12 16:33:26.806667
14576305,4202988,Entire home/apt,,Little Portugal (84),1,0.0,3,2.0,92.0,,43.642393,-79.42811,2017-03-12 16:33:26.802407
16285138,1484693,Entire home/apt,,South Parkdale (85),0,0.0,4,2.0,96.0,,43.63996,-79.430018,2017-03-12 16:33:26.799872
4169470,4477540,Entire home/apt,,Little Portugal (84),5,4.5,4,1.0,92.0,,43.647116,-79.425188,2017-03-12 16:33:25.364440
9306256,29405913,Entire home/apt,,South Parkdale (85),17,5.0,4,2.0,89.0,,43.639154,-79.423489,2017-03-12 16:33:25.361558
81721,94134,Entire home/apt,,Little Portugal (84),30,4.5,3,1.0,84.0,,43.641212,-79.425159,2017-03-12 16:33:25.355503
6692118,29479061,Entire home/apt,,South Parkdale (85),16,5.0,2,1.0,100.0,,43.637787,-79.436267,2017-03-12 16:33:25.353435
10355366,10846859,Entire home/apt,,Roncesvalles (86),0,0.0,3,1.0,98.0,,43.642007,-79.429774,2017-03-12 16:33:25.351227
4022320,14327586,Entire home/apt,,South Parkdale (85),38,4.5,6,2.0,88.0,,43.63835,-79.444407,2017-03-12 16:33:25.346655
6640026,15530001,Entire home/apt,,South Parkdale (85),40,4.0,2,1.0,91.0,,43.635515,-79.436854,2017-03-12 16:33:25.339324
15717791,101530368,Entire home/apt,,Little Portugal (84),0,0.0,2,1.0,100.0,,43.644263,-79.425394,2017-03-12 16:33:25.335614
13727581,11748114,Entire home/apt,,High Park-Swansea (87),2,0.0,6,2.0,100.0,,43.650186,-79.454291,2017-03-12 16:33:25.331156
5716751,18196597,Entire home/apt,,South Parkdale (85),0,0.0,5,2.0,99.0,,43.636512,-79.430805,2017-03-12 16:33:23.942336
9108756,28540021,Entire home/apt,,Roncesvalles (86),0,0.0,2,1.0,92.0,,43.64247,-79.431705,2017-03-12 16:33:23.935788
14028094,83320062,Entire home/apt,,Roncesvalles (86),8,4.5,3,1.0,92.0,,43.640409,-79.446223,2017-03-12 16:33:23.918526
6871270,36010828,Entire home/apt,,High Park-Swansea (87),0,0.0,2,1.0,88.0,,43.641001,-79.447513,2017-03-12 16:33:23.907950
16869759,112420325,Entire home/apt,,South Parkdale (85),0,0.0,4,3.0,103.0,,43.637142,-79.433757,2017-03-12 16:33:22.437974
9807475,94930,Entire home/apt,,Roncesvalles (86),10,5.0,2,0.0,96.0,,43.640814,-79.435806,2017-03-12 16:33:21.783054
14058602,20739334,Entire home/apt,,South Parkdale (85),6,4.5,2,1.0,91.0,,43.637559,-79.439878,2017-03-12 16:33:21.778746
12103273,56115395,Entire home/apt,,High Park-Swansea (87),1,0.0,4,2.0,92.0,,43.650032,-79.455844,2017-03-12 16:33:20.427066
9838480,50663993,Entire home/apt,,Roncesvalles (86),8,5.0,3,1.0,88.0,,43.647083,-79.442314,2017-03-12 16:33:20.424872
11096725,38484250,Entire home/apt,,Roncesvalles (86),1,0.0,2,1.0,92.0,,43.642598,-79.430412,2017-03-12 16:33:19.763415
16063735,22864074,Entire home/apt,,High Park-Swansea (87),2,0.0,2,1.0,96.0,,43.642472,-79.45459,2017-03-12 16:33:17.937796
13486027,42503503,Entire home/apt,,Roncesvalles (86),59,5.0,4,2.0,91.0,,43.640961,-79.445377,2017-03-12 16:33:17.914583
14374752,77153568,Entire home/apt,,Niagara (82),8,5.0,4,1.0,91.0,,43.637951,-79.401352,2017-03-12 16:33:14.688351
12901075,6667174,Entire home/apt,,Niagara (82),1,0.0,4,2.0,100.0,,43.64249,-79.415299,2017-03-12 16:33:14.685964
17528897,15805307,Entire home/apt,,Waterfront Communities-The Island (77),0,0.0,2,1.0,84.0,,43.643243,-79.400442,2017-03-12 16:33:14.682188
14387420,46723363,Entire home/apt,,Little Portugal (84),9,4.5,4,1.0,96.0,,43.641631,-79.424755,2017-03-12 16:33:13.319883
9414935,15541985,Entire home/apt,,Waterfront Communities-The Island (77),0,0.0,3,1.0,92.0,,43.642721,-79.400022,2017-03-12 16:33:13.316421
13677533,79335865,Entire home/apt,,Waterfront Communities-The Island (77),6,5.0,2,1.0,96.0,,43.638202,-79.397536,2017-03-12 16:33:13.310950
5782345,4032576,Entire home/apt,,Waterfront Communities-The Island (77),7,4.5,3,1.0,99.0,,43.64021,-79.396358,2017-03-12 16:33:13.306946
16226642,41424595,Entire home/apt,,Niagara (82),0,0.0,2,1.0,100.0,,43.639801,-79.413905,2017-03-12 16:33:13.304761
14418041,88709122,Entire home/apt,,South Parkdale (85),3,4.0,2,1.0,100.0,,43.637615,-79.421312,2017-03-12 16:33:13.289604
5928415,30781407,Entire home/apt,,Niagara (82),0,0.0,2,1.0,102.0,,43.637256,-79.406115,2017-03-12 16:33:13.285917
579918,1160065,Entire home/apt,,Niagara (82),9,5.0,4,2.0,100.0,,43.638028,-79.419041,2017-03-12 16:33:12.264014
3933970,20383416,Entire home/apt,,Niagara (82),12,4.0,4,2.0,92.0,,43.644108,-79.405812,2017-03-12 16:33:12.259229
8067961,24051079,Entire home/apt,,Niagara (82),13,5.0,2,1.0,91.0,,43.635764,-79.403971,2017-03-12 16:33:11.141957
4404353,20581493,Entire home/apt,,Waterfront Communities-The Island (77),0,0.0,2,1.0,99.0,,43.642484,-79.399707,2017-03-12 16:33:11.138885
15179153,51523308,Entire home/apt,,Waterfront Communities-The Island (77),3,4.5,3,1.0,92.0,,43.637902,-79.39801,2017-03-12 16:33:11.135793
15397730,63957715,Entire home/apt,,Waterfront Communities-The Island (77),11,5.0,6,2.0,88.0,,43.639913,-79.398081,2017-03-12 16:33:11.132579
2628328,3109708,Entire home/apt,,Niagara (82),46,4.5,3,1.0,84.0,,43.638085,-79.417811,2017-03-12 16:33:11.125727
9992621,51337914,Entire home/apt,,Trinity-Bellwoods (81),2,0.0,2,1.0,100.0,,43.646929,-79.412642,2017-03-12 16:33:11.107650
6705150,511173,Entire home/apt,,Niagara (82),5,5.0,2,1.0,103.0,,43.640763,-79.415583,2017-03-12 16:33:09.777650
7612225,39922515,Entire home/apt,,Trinity-Bellwoods (81),2,0.0,2,1.0,88.0,,43.645525,-79.413099,2017-03-12 16:33:08.775653
854416,363432,Entire home/apt,,Waterfront Communities-The Island (77),5,4.5,2,1.0,100.0,,43.643386,-79.401191,2017-03-12 16:33:08.766492
12765069,164481,Entire home/apt,,Little Portugal (84),9,5.0,4,1.0,83.0,,43.640931,-79.423631,2017-03-12 16:33:07.572728
15116073,95785031,Entire home/apt,,South Parkdale (85),4,5.0,2,1.0,88.0,,43.63768,-79.426259,2017-03-12 16:33:07.564007
13840779,14377453,Entire home/apt,,Little Portugal (84),9,4.5,2,1.0,92.0,,43.641572,-79.424664,2017-03-12 16:33:06.201408
15865626,13282047,Entire home/apt,,Little Portugal (84),2,0.0,4,2.0,92.0,,43.643715,-79.425878,2017-03-12 16:33:06.177813
10705736,55317686,Entire home/apt,,Niagara (82),6,5.0,4,1.0,100.0,,43.64248,-79.402465,2017-03-12 16:33:05.254139
17142155,84721968,Entire home/apt,,Little Portugal (84),0,0.0,1,1.0,96.0,,43.643274,-79.422831,2017-03-12 16:33:05.232524
17572576,50054896,Entire home/apt,,South Parkdale (85),0,0.0,4,2.0,92.0,,43.64085,-79.425406,2017-03-12 16:33:03.243424
16270825,12243051,Entire home/apt,,Trinity-Bellwoods (81),3,5.0,5,3.0,99.0,,43.644541,-79.418168,2017-03-12 16:32:58.682714
14426615,24757930,Entire home/apt,,South Parkdale (85),3,4.5,4,2.0,92.0,,43.640833,-79.425023,2017-03-12 16:32:58.667051
775965,1581404,Entire home/apt,,Roncesvalles (86),1,0.0,1,1.0,101.0,,43.653941,-79.449222,2017-03-12 16:32:52.562572
1552348,6960409,Entire home/apt,,Dovercourt-Wallace Emerson-Junction (93),5,5.0,4,3.0,103.0,,43.662503,-79.451915,2017-03-12 16:32:52.554740
17159271,43710346,Entire home/apt,,Weston-Pellam Park (91),0,0.0,2,1.0,88.0,,43.674593,-79.457384,2017-03-12 16:32:51.253793
5085314,542661,Entire home/apt,,High Park North (88),1,0.0,4,2.0,92.0,,43.655382,-79.458498,2017-03-12 16:32:51.250829
2785516,1007531,Entire home/apt,,Corso Italia-Davenport (92),28,4.5,2,1.0,84.0,,43.67977,-79.449308,2017-03-12 16:32:51.226710
12761297,42298818,Entire home/apt,,High Park North (88),42,5.0,5,2.0,97.0,,43.661203,-79.455188,2017-03-12 16:32:49.705386
120907,607709,Entire home/apt,,Trinity-Bellwoods (81),63,4.5,4,2.0,96.0,,43.652745,-79.421061,2017-03-12 16:32:44.695821
13202762,2042538,Entire home/apt,,Dovercourt-Wallace Emerson-Junction (93),0,0.0,4,2.0,92.0,,43.668263,-79.425973,2017-03-12 16:32:43.490147
7620855,1909011,Entire home/apt,,Roncesvalles (86),13,5.0,3,1.0,93.0,,43.641671,-79.446573,2017-03-12 16:32:39.351400
16531771,2124835,Entire home/apt,,Niagara (82),5,5.0,4,1.0,99.0,,43.635821,-79.404382,2017-03-12 16:32:39.348937
12584500,55357443,Entire home/apt,,South Parkdale (85),11,4.5,4,2.0,83.0,,43.64027,-79.425261,2017-03-12 16:32:39.344823
14852110,4670700,Entire home/apt,,Niagara (82),2,0.0,2,1.0,100.0,,43.637884,-79.410013,2017-03-12 16:32:38.143414
8577892,32989004,Entire home/apt,,Little Portugal (84),0,0.0,3,1.0,84.0,,43.642443,-79.427143,2017-03-12 16:32:38.136049
7497530,7271877,Entire home/apt,,South Parkdale (85),4,4.0,4,4.0,92.0,,43.638272,-79.435521,2017-03-12 16:32:38.119708
6767801,10210257,Entire home/apt,,South Parkdale (85),0,0.0,4,1.0,99.0,,43.635518,-79.426503,2017-03-12 16:32:36.690013
5277475,2286369,Entire home/apt,,Niagara (82),20,4.5,2,0.0,84.0,,43.642697,-79.413717,2017-03-12 16:32:36.685544
7075431,12665126,Entire home/apt,,Niagara (82),20,4.5,6,2.0,84.0,,43.637182,-79.415796,2017-03-12 16:32:36.676184
10988745,15349217,Entire home/apt,,Niagara (82),8,4.5,2,1.0,84.0,,43.639937,-79.415381,2017-03-12 16:32:36.671664
17137420,91005566,Entire home/apt,,Niagara (82),2,0.0,6,2.0,100.0,,43.636891,-79.41659,2017-03-12 16:32:36.669465
12055887,3673228,Entire home/apt,,Little Portugal (84),16,5.0,6,2.0,84.0,,43.64425,-79.42852,2017-03-12 16:32:36.660565
4563885,5378779,Entire home/apt,,Niagara (82),14,5.0,4,1.0,88.0,,43.635466,-79.404816,2017-03-12 16:32:36.658040
5940362,8645640,Entire home/apt,,Oakwood Village (107),45,4.5,6,3.0,103.0,,43.679235,-79.440974,2017-03-12 16:32:36.654898
3158257,8046856,Entire home/apt,,South Parkdale (85),6,5.0,3,2.0,84.0,,43.635277,-79.425957,2017-03-12 16:32:36.651787
268403,1311843,Entire home/apt,,Roncesvalles (86),3,3.5,4,2.0,92.0,,43.644635,-79.443528,2017-03-12 16:32:35.093173
4385999,22769328,Entire home/apt,,Little Portugal (84),23,4.5,4,2.0,94.0,,43.642317,-79.425617,2017-03-12 16:32:35.090679
16375602,66631663,Entire home/apt,,Little Portugal (84),2,0.0,6,2.0,100.0,,43.641437,-79.425315,2017-03-12 16:32:35.085179
16693439,44187629,Entire home/apt,,Palmerston-Little Italy (80),0,0.0,6,3.0,103.0,,43.658039,-79.416089,2017-03-12 16:32:35.080822
14261900,86875966,Entire home/apt,,South Parkdale (85),0,0.0,2,1.0,92.0,,43.637691,-79.44058,2017-03-12 16:32:35.076900
8341788,43969446,Entire home/apt,,Roncesvalles (86),6,5.0,3,1.0,99.0,,43.641259,-79.444584,2017-03-12 16:32:35.071002
16575643,33014843,Entire home/apt,,Little Portugal (84),1,0.0,6,2.0,99.0,,43.641729,-79.422432,2017-03-12 16:32:35.065266
15451633,52265697,Entire home/apt,,Little Portugal (84),0,0.0,4,2.0,100.0,,43.64499,-79.429841,2017-03-12 16:32:35.062981
13329963,3271252,Entire home/apt,,Little Portugal (84),17,4.5,4,1.0,91.0,,43.641919,-79.425217,2017-03-12 16:32:35.058850
6982487,22198060,Entire home/apt,,Niagara (82),6,5.0,4,1.0,92.0,,43.641017,-79.415166,2017-03-12 16:32:33.476657
12631383,5952245,Entire home/apt,,South Parkdale (85),19,5.0,4,1.0,88.0,,43.641213,-79.42647,2017-03-12 16:32:33.466614
7264145,38031086,Entire home/apt,,South Parkdale (85),8,4.0,2,1.0,99.0,,43.636716,-79.426418,2017-03-12 16:32:31.911496
16838718,112092759,Entire home/apt,,Little Portugal (84),0,0.0,3,1.0,88.0,,43.642804,-79.427671,2017-03-12 16:32:31.072441
8534550,21019924,Entire home/apt,,High Park-Swansea (87),0,0.0,2,0.0,96.0,,43.64373,-79.449052,2017-03-12 16:32:31.069793
14014513,83739150,Entire home/apt,,Little Portugal (84),6,4.5,2,1.0,100.0,,43.64268,-79.423756,2017-03-12 16:32:31.067127
2592905,13274168,Entire home/apt,,Roncesvalles (86),11,5.0,2,1.0,91.0,,43.643444,-79.43301,2017-03-12 16:32:31.051067
7525411,39435053,Entire home/apt,,High Park-Swansea (87),0,0.0,4,4.0,96.0,,43.645405,-79.452164,2017-03-12 16:32:31.034389
14983428,54078550,Entire home/apt,,Little Portugal (84),5,5.0,3,2.0,103.0,,43.643079,-79.426162,2017-03-12 16:32:29.590923
6323553,5891815,Entire home/apt,,Little Portugal (84),4,5.0,4,1.0,92.0,,43.645286,-79.423711,2017-03-12 16:32:29.586376
142124,690627,Entire home/apt,,Roncesvalles (86),37,5.0,3,1.0,100.0,,43.640332,-79.441622,2017-03-12 16:32:28.633767
15982514,103843653,Entire home/apt,,Niagara (82),9,4.5,5,2.0,103.0,,43.644237,-79.418502,2017-03-12 16:32:28.631457
40456,174063,Entire home/apt,,South Parkdale (85),88,4.5,5,2.0,96.0,,43.635323,-79.440493,2017-03-12 16:32:28.626740
6868063,35991574,Entire home/apt,,Little Portugal (84),4,5.0,4,2.0,91.0,,43.646437,-79.431639,2017-03-12 16:32:27.352650
15268259,63503832,Entire home/apt,,Niagara (82),15,5.0,5,1.0,84.0,,43.639779,-79.417401,2017-03-12 16:32:27.346472
7460791,37688809,Entire home/apt,,Little Portugal (84),0,0.0,2,1.0,92.0,,43.642972,-79.425559,2017-03-12 16:32:27.336696
6445470,2873601,Entire home/apt,,Little Portugal (84),12,4.5,2,1.0,92.0,,43.643305,-79.42831,2017-03-12 16:32:27.333692
361557,174063,Entire home/apt,,South Parkdale (85),41,4.5,5,2.0,96.0,,43.635404,-79.438538,2017-03-12 16:32:25.996059
16860454,103420587,Entire home/apt,,South Parkdale (85),1,0.0,6,2.0,88.0,,43.637585,-79.421371,2017-03-12 16:32:25.983410
15832502,102515949,Entire home/apt,,Waterfront Communities-The Island (77),4,5.0,2,1.0,88.0,,43.641787,-79.401187,2017-03-12 16:32:25.976479
3377807,17040710,Entire home/apt,,Little Portugal (84),4,5.0,3,2.0,92.0,,43.647018,-79.426916,2017-03-12 16:32:25.301430
2000685,1842422,Entire home/apt,,Little Portugal (84),62,5.0,2,1.0,92.0,,43.645637,-79.424497,2017-03-12 16:32:25.285524
4537678,16832232,Entire home/apt,,Little Portugal (84),22,5.0,2,1.0,92.0,,43.643677,-79.42829,2017-03-12 16:32:25.275008
13015471,1309512,Entire home/apt,,Little Portugal (84),28,5.0,2,2.0,98.0,,43.643659,-79.426609,2017-03-12 16:32:24.582923
4477037,23229397,Entire home/apt,,Trinity-Bellwoods (81),90,5.0,2,1.0,92.0,,43.645681,-79.420193,2017-03-12 16:32:24.577242
16320549,2211457,Entire home/apt,,Trinity-Bellwoods (81),0,0.0,4,2.0,100.0,,43.646149,-79.423381,2017-03-12 16:32:23.980304
6711874,13616420,Entire home/apt,,Little Portugal (84),31,5.0,4,1.0,84.0,,43.642468,-79.423353,2017-03-12 16:32:23.976216
16897648,112764083,Entire home/apt,,Little Portugal (84),1,0.0,5,2.0,99.0,,43.644737,-79.427028,2017-03-12 16:32:23.970687
12010129,30609954,Entire home/apt,,Little Portugal (84),65,5.0,6,2.0,84.0,,43.643813,-79.428571,2017-03-12 16:32:23.965929
14731808,4951854,Entire home/apt,,Trinity-Bellwoods (81),29,5.0,4,1.0,91.0,,43.647825,-79.423936,2017-03-12 16:32:20.985959
16547708,6141240,Entire home/apt,,Roncesvalles (86),1,0.0,2,1.0,92.0,,43.643304,-79.431527,2017-03-12 16:32:20.978781
15659084,79685439,Entire home/apt,,Waterfront Communities-The Island (77),14,5.0,4,1.0,84.0,,43.640614,-79.398491,2017-03-12 16:32:16.710325
777088,4098277,Entire home/apt,,Niagara (82),17,5.0,2,1.0,96.0,,43.640396,-79.410716,2017-03-12 16:32:14.920666
14499966,74310537,Entire home/apt,,Waterfront Communities-The Island (77),4,5.0,2,1.0,93.0,,43.64193,-79.400329,2017-03-12 16:32:14.907836
14136531,80912184,Entire home/apt,,Waterfront Communities-The Island (77),5,5.0,6,2.0,100.0,,43.63987,-79.399389,2017-03-12 16:32:14.900393
6965997,4654000,Entire home/apt,,Niagara (82),2,0.0,4,2.0,84.0,,43.636919,-79.40189,2017-03-12 16:32:12.351627
13843262,81698302,Entire home/apt,,Waterfront Communities-The Island (77),7,4.5,2,1.0,84.0,,43.642138,-79.394338,2017-03-12 16:32:12.348768
6543980,16168728,Entire home/apt,,Waterfront Communities-The Island (77),15,4.5,2,1.0,84.0,,43.640701,-79.396493,2017-03-12 16:32:12.345960
10154215,41621943,Entire home/apt,,Waterfront Communities-The Island (77),18,5.0,3,1.0,92.0,,43.643732,-79.397399,2017-03-12 16:32:12.341153
16443287,1919294,Entire home/apt,,Niagara (82),0,0.0,2,1.0,99.0,,43.638083,-79.401657,2017-03-12 16:32:12.336904
13961024,28768665,Entire home/apt,,Niagara (82),6,5.0,2,1.0,92.0,,43.639968,-79.411568,2017-03-12 16:32:12.323333
16226131,13576918,Entire home/apt,,Waterfront Communities-The Island (77),1,0.0,2,1.0,103.0,,43.64634,-79.391941,2017-03-12 16:32:10.909082
16275838,47338007,Entire home/apt,,Waterfront Communities-The Island (77),5,5.0,6,2.0,92.0,,43.639164,-79.396942,2017-03-12 16:32:10.895778
13980935,9602616,Entire home/apt,,Niagara (82),4,5.0,2,1.0,88.0,,43.640755,-79.41472,2017-03-12 16:32:10.890138
7230494,21705835,Entire home/apt,,Niagara (82),0,0.0,3,2.0,96.0,,43.643393,-79.411692,2017-03-12 16:32:09.617514
12042799,26274598,Entire home/apt,,Niagara (82),16,5.0,3,1.0,88.0,,43.636605,-79.404643,2017-03-12 16:32:08.285308
13788215,34917506,Entire home/apt,,Niagara (82),30,5.0,4,1.0,87.0,,43.638996,-79.415347,2017-03-12 16:32:07.148957
6451253,25671474,Entire home/apt,,Niagara (82),7,4.5,2,1.0,84.0,,43.637184,-79.401804,2017-03-12 16:32:07.143597
13495427,64300523,Entire home/apt,,Niagara (82),6,5.0,4,1.0,98.0,,43.638142,-79.400373,2017-03-12 16:32:03.109399
9968342,51223969,Entire home/apt,,Waterfront Communities-The Island (77),0,0.0,4,2.0,92.0,,43.643352,-79.398627,2017-03-12 16:32:03.097327
13564631,10332848,Entire home/apt,,Waterfront Communities-The Island (77),10,5.0,2,1.0,100.0,,43.645379,-79.398265,2017-03-12 16:32:03.091013
3985764,17592808,Entire home/apt,,Niagara (82),15,5.0,2,1.0,96.0,,43.643388,-79.403208,2017-03-12 16:32:03.081899
16131244,11109682,Entire home/apt,,Waterfront Communities-The Island (77),3,5.0,4,1.0,92.0,,43.645439,-79.400951,2017-03-12 16:32:01.002062
12811906,69857775,Entire home/apt,,Waterfront Communities-The Island (77),39,5.0,2,1.0,84.0,,43.642826,-79.402099,2017-03-12 16:32:00.994369
7676645,26877602,Entire home/apt,,Niagara (82),4,5.0,2,1.0,88.0,,43.642924,-79.403353,2017-03-12 16:32:00.133993
17016247,86295816,Entire home/apt,,Niagara (82),2,0.0,5,2.0,83.0,,43.646031,-79.404524,2017-03-12 16:32:00.124878
4832554,24876548,Entire home/apt,,Waterfront Communities-The Island (77),4,5.0,2,1.0,92.0,,43.64233,-79.377649,2017-03-12 16:31:50.081788
1259421,4276841,Entire home/apt,,Church-Yonge Corridor (75),36,3.5,3,1.0,84.0,,43.649153,-79.377845,2017-03-12 16:31:48.708299
14587149,5439814,Entire home/apt,,Waterfront Communities-The Island (77),2,0.0,4,1.0,100.0,,43.648242,-79.388747,2017-03-12 16:31:47.318620
9881922,15850616,Entire home/apt,,Rosedale-Moore Park (98),2,0.0,2,0.0,96.0,,43.67173,-79.387034,2017-03-12 16:31:26.606109
8268149,43544823,Entire home/apt,,Kensington-Chinatown (78),36,4.5,4,1.0,96.0,,43.654689,-79.389755,2017-03-12 16:31:11.853619
9185094,773338,Entire home/apt,,Waterfront Communities-The Island (77),30,4.5,3,1.0,83.0,,43.641728,-79.395411,2017-03-12 16:30:43.948663
7610557,39913719,Entire home/apt,,Niagara (82),16,5.0,7,1.0,88.0,,43.643901,-79.402931,2017-03-12 16:30:35.992184
13348585,7167128,Entire home/apt,,Niagara (82),4,4.5,2,1.0,88.0,,43.63799,-79.414083,2017-03-12 16:30:22.826653
17574870,33901928,Entire home/apt,,Waterfront Communities-The Island (77),1,0.0,4,2.0,100.0,,43.641254,-79.396551,2017-03-12 16:30:22.821866
13479136,49881517,Entire home/apt,,South Parkdale (85),5,5.0,2,1.0,96.0,,43.633476,-79.428785,2017-03-12 16:30:22.819182
13190279,8276329,Entire home/apt,,Niagara (82),5,5.0,2,1.0,98.0,,43.639855,-79.41125,2017-03-12 16:30:22.811104
3627973,18270806,Entire home/apt,,Waterfront Communities-The Island (77),49,5.0,2,1.0,91.0,,43.641802,-79.400931,2017-03-12 16:30:21.853233
14935875,18839267,Entire home/apt,,Niagara (82),9,4.5,5,2.0,96.0,,43.635589,-79.406862,2017-03-12 16:30:21.846867
15308335,88154664,Entire home/apt,,Trinity-Bellwoods (81),4,5.0,7,2.0,92.0,,43.644849,-79.422911,2017-03-12 16:30:21.831415
13824192,17440538,Entire home/apt,,Junction Area (90),3,4.0,4,2.0,84.0,,43.666039,-79.478229,2017-03-12 16:59:33.627566
4091034,20418265,Entire home/apt,,Mimico (includes Humber Bay Shores) (17),21,5.0,3,1.0,96.0,,43.620444,-79.484422,2017-03-12 16:59:33.623915
7595594,20774440,Entire home/apt,,Islington-City Centre West (14),1,0.0,4,2.0,84.0,,43.644028,-79.52979,2017-03-12 16:59:33.620976
7692882,21683340,Entire home/apt,,High Park North (88),20,5.0,6,2.0,84.0,,43.658301,-79.478973,2017-03-12 16:59:33.615499
16946928,4124418,Entire home/apt,,Mimico (includes Humber Bay Shores) (17),0,0.0,4,1.0,84.0,,43.625267,-79.481211,2017-03-12 16:59:32.512744
6915020,6522371,Entire home/apt,,Islington-City Centre West (14),2,0.0,3,2.0,92.0,,43.640149,-79.537613,2017-03-12 16:59:31.484085
15052013,7499787,Entire home/apt,,Mimico (includes Humber Bay Shores) (17),3,5.0,4,2.0,91.0,,43.61974,-79.494974,2017-03-12 16:59:31.479989
13028806,23049391,Entire home/apt,,Mimico (includes Humber Bay Shores) (17),28,5.0,4,1.0,100.0,,43.621993,-79.482604,2017-03-12 16:59:28.808344
6245581,32427063,Entire home/apt,,High Park-Swansea (87),0,0.0,2,1.0,92.0,,43.636677,-79.470313,2017-03-12 16:59:28.801832
16777420,4848098,Entire home/apt,,Junction Area (90),2,0.0,16,2.0,96.0,,43.67189,-79.479492,2017-03-12 16:59:26.966721
13743629,37419881,Entire home/apt,,South Parkdale (85),1,0.0,1,1.0,100.0,,43.636095,-79.466783,2017-03-12 16:59:24.618647
13696001,45861242,Entire home/apt,,High Park-Swansea (87),19,4.5,4,2.0,92.0,,43.644331,-79.481521,2017-03-12 16:59:24.610069
16582924,109538557,Entire home/apt,,High Park North (88),1,0.0,6,2.0,99.0,,43.659768,-79.466935,2017-03-12 16:59:22.289972
5074675,26204857,Entire home/apt,,Waterfront Communities-The Island (77),3,5.0,2,1.0,84.0,,43.644334,-79.398368,2017-03-12 16:59:00.579516
14817037,92612880,Entire home/apt,,Niagara (82),10,5.0,2,1.0,103.0,,43.640886,-79.417048,2017-03-12 16:30:20.332951
12712286,13004853,Entire home/apt,,Trinity-Bellwoods (81),37,5.0,2,1.0,100.0,,43.652477,-79.421501,2017-03-12 16:30:20.328148
5760529,4654077,Entire home/apt,,Waterfront Communities-The Island (77),144,4.5,2,1.0,96.0,,43.644135,-79.400023,2017-03-12 16:30:20.316222
14483824,11080164,Entire home/apt,,Waterfront Communities-The Island (77),3,5.0,2,1.0,99.0,,43.645342,-79.398624,2017-03-12 16:30:20.306369
16757971,1684087,Entire home/apt,,Waterfront Communities-The Island (77),1,0.0,2,1.0,92.0,,43.643573,-79.398515,2017-03-12 16:30:20.302217
12173963,65403768,Entire home/apt,,Roncesvalles (86),41,5.0,6,2.0,84.0,,43.645406,-79.439487,2017-03-12 16:30:19.005962
9364322,22683187,Entire home/apt,,Niagara (82),9,4.5,2,1.0,92.0,,43.642791,-79.411513,2017-03-12 16:30:18.989676
5838428,30289932,Entire home/apt,,Niagara (82),44,4.5,4,2.0,92.0,,43.638539,-79.414141,2017-03-12 16:30:18.972336
16668215,85544595,Entire home/apt,,Niagara (82),0,0.0,3,1.0,84.0,,43.638949,-79.41212,2017-03-12 16:30:17.663422
7808608,5524715,Entire home/apt,,Niagara (82),1,0.0,2,1.0,83.0,,43.64238,-79.406095,2017-03-12 16:30:16.251241
14106058,79737887,Entire home/apt,,Roncesvalles (86),12,5.0,3,1.0,92.0,,43.639925,-79.44529,2017-03-12 16:30:16.247879
7999412,37409645,Entire home/apt,,Niagara (82),8,5.0,6,1.0,102.0,,43.642796,-79.40761,2017-03-12 16:30:16.238766
11470240,21245388,Entire home/apt,,Waterfront Communities-The Island (77),55,5.0,3,2.0,83.0,,43.640942,-79.398373,2017-03-12 16:30:16.233064
15003745,1036485,Entire home/apt,,Niagara (82),6,5.0,4,1.0,92.0,,43.642167,-79.415189,2017-03-12 16:30:16.228162
14212594,49270488,Entire home/apt,,Little Portugal (84),42,5.0,4,2.0,102.0,,43.641788,-79.425001,2017-03-12 16:30:14.521968
8064440,2124835,Entire home/apt,,Little Portugal (84),60,5.0,4,2.0,103.0,,43.64214,-79.423779,2017-03-12 16:30:14.495032
13006430,30045515,Entire home/apt,,South Parkdale (85),23,5.0,2,1.0,96.0,,43.635959,-79.425203,2017-03-12 16:30:13.850022
5457912,4905778,Entire home/apt,,Little Portugal (84),38,5.0,3,1.0,84.0,,43.647545,-79.424976,2017-03-12 16:30:13.846747
17216934,41376776,Entire home/apt,,Niagara (82),0,0.0,4,1.0,91.0,,43.639189,-79.41662,2017-03-12 16:30:13.843551
9350181,10349804,Entire home/apt,,Waterfront Communities-The Island (77),2,0.0,2,1.0,96.0,,43.636999,-79.398369,2017-03-12 16:30:13.835004
13032526,72029690,Entire home/apt,,Niagara (82),47,4.5,4,2.0,103.0,,43.638694,-79.413344,2017-03-12 16:30:13.828370
14784897,1948752,Entire home/apt,,Little Portugal (84),22,4.5,2,1.0,90.0,,43.643023,-79.42365,2017-03-12 16:30:12.451551
14951753,94106552,Entire home/apt,,Waterfront Communities-The Island (77),10,5.0,4,1.0,96.0,,43.643769,-79.399962,2017-03-12 16:30:12.446398
14803375,71369879,Entire home/apt,,South Parkdale (85),24,5.0,4,2.0,103.0,,43.63635,-79.435794,2017-03-12 16:30:12.441666
14920082,93771608,Entire home/apt,,South Parkdale (85),4,4.5,2,1.0,84.0,,43.639219,-79.425654,2017-03-12 16:30:12.436189
15633131,11876365,Entire home/apt,,Niagara (82),0,0.0,3,1.0,91.0,,43.642771,-79.40965,2017-03-12 16:30:11.634729
14782322,26435093,Entire home/apt,,Waterfront Communities-The Island (77),16,5.0,2,1.0,92.0,,43.643055,-79.401924,2017-03-12 16:30:11.631806
15313213,4984206,Entire home/apt,,Niagara (82),2,0.0,3,1.0,100.0,,43.643242,-79.409546,2017-03-12 16:30:11.623746
8797823,2885185,Entire home/apt,,Waterfront Communities-The Island (77),73,5.0,4,1.0,88.0,,43.64627,-79.399105,2017-03-12 16:30:09.233511
8793680,5592191,Entire home/apt,,Niagara (82),8,4.5,4,1.0,99.0,,43.642112,-79.412237,2017-03-12 16:30:09.219605
5797204,3072750,Entire home/apt,,Niagara (82),31,5.0,2,1.0,99.0,,43.636989,-79.415359,2017-03-12 16:30:07.717238
289239,1270530,Entire home/apt,,Niagara (82),57,5.0,3,1.0,89.0,,43.642944,-79.410375,2017-03-12 16:30:07.712750
16220432,41424595,Entire home/apt,,Niagara (82),0,0.0,2,1.0,100.0,,43.639328,-79.414928,2017-03-12 16:30:07.707429
13585171,45728076,Entire home/apt,,Niagara (82),16,5.0,4,1.0,90.0,,43.637369,-79.404138,2017-03-12 16:30:06.436965
12971017,42611986,Entire home/apt,,Little Portugal (84),45,5.0,4,2.0,91.0,,43.641349,-79.422489,2017-03-12 16:30:05.291644
14808200,31090648,Entire home/apt,,Niagara (82),14,5.0,3,1.0,88.0,,43.637151,-79.406836,2017-03-12 16:30:04.049110
16723208,4654077,Entire home/apt,,Niagara (82),1,0.0,2,1.0,95.0,,43.642296,-79.407598,2017-03-12 16:30:03.373366
15589608,7135549,Entire home/apt,,Waterfront Communities-The Island (77),0,0.0,4,1.0,92.0,,43.646033,-79.390111,2017-03-12 16:29:57.518942
4395695,1718194,Entire home/apt,,Waterfront Communities-The Island (77),4,4.5,3,1.0,95.0,,43.645294,-79.390859,2017-03-12 16:29:57.515904
4802235,4032576,Entire home/apt,,Waterfront Communities-The Island (77),7,4.5,2,1.0,99.0,,43.64506,-79.388592,2017-03-12 16:29:57.509806
1043324,1718194,Entire home/apt,,Waterfront Communities-The Island (77),51,4.5,4,1.0,99.0,,43.644222,-79.389697,2017-03-12 16:29:57.506760
2727269,6371075,Entire home/apt,,Waterfront Communities-The Island (77),20,5.0,2,1.0,92.0,,43.642474,-79.391322,2017-03-12 16:29:57.503822
4226688,1718194,Entire home/apt,,Waterfront Communities-The Island (77),12,5.0,4,1.0,99.0,,43.643027,-79.389714,2017-03-12 16:29:57.501135
8936945,46723300,Entire home/apt,,Waterfront Communities-The Island (77),0,0.0,2,1.0,103.0,,43.641972,-79.38472,2017-03-12 16:29:57.496694
11837447,63070107,Entire home/apt,,Waterfront Communities-The Island (77),24,4.5,3,1.0,103.0,,43.641535,-79.380963,2017-03-12 16:29:57.493638
16999956,72558443,Entire home/apt,,Waterfront Communities-The Island (77),3,5.0,6,2.0,103.0,,43.643075,-79.376149,2017-03-12 16:29:57.491329
7747627,40726055,Entire home/apt,,Waterfront Communities-The Island (77),0,0.0,2,1.0,92.0,,43.642508,-79.377162,2017-03-12 16:29:57.488522
185116,888277,Entire home/apt,,Waterfront Communities-The Island (77),26,4.5,4,1.0,92.0,,43.641178,-79.376365,2017-03-12 16:29:57.482021
10945067,7570631,Entire home/apt,,Waterfront Communities-The Island (77),23,4.5,4,1.0,93.0,,43.639792,-79.391479,2017-03-12 16:29:54.658862
15772379,24550838,Entire home/apt,,Waterfront Communities-The Island (77),0,0.0,3,1.0,94.0,,43.641964,-79.391314,2017-03-12 16:29:51.733060
14488913,89408489,Entire home/apt,,Waterfront Communities-The Island (77),27,5.0,3,1.0,100.0,,43.642213,-79.381037,2017-03-12 16:29:45.806855
8792729,24697489,Entire home/apt,,Waterfront Communities-The Island (77),10,5.0,4,1.0,91.0,,43.639428,-79.391163,2017-03-12 16:29:40.806315
5252463,26602243,Entire home/apt,,Waterfront Communities-The Island (77),66,4.5,5,2.0,100.0,,43.638387,-79.385702,2017-03-12 16:29:40.804073
4223559,1893345,Entire home/apt,,Waterfront Communities-The Island (77),75,4.5,4,0.0,91.0,,43.645225,-79.392303,2017-03-12 16:29:40.795516
11486432,10468498,Entire home/apt,,Waterfront Communities-The Island (77),9,4.5,3,1.0,99.0,,43.642709,-79.392818,2017-03-12 16:29:40.789415
3930441,2118234,Entire home/apt,,Waterfront Communities-The Island (77),2,0.0,3,1.0,93.0,,43.644931,-79.395972,2017-03-12 16:29:38.143478
5724390,1378507,Entire home/apt,,Waterfront Communities-The Island (77),1,0.0,2,1.0,92.0,,43.638734,-79.39344,2017-03-12 16:29:38.126863
1085498,888277,Entire home/apt,,Waterfront Communities-The Island (77),57,5.0,4,1.0,92.0,,43.640421,-79.377096,2017-03-12 16:29:38.123548
17436680,110986914,Entire home/apt,,Waterfront Communities-The Island (77),0,0.0,3,1.0,83.0,,43.640662,-79.39254,2017-03-12 16:29:36.937877
12948587,1728754,Entire home/apt,,Waterfront Communities-The Island (77),1,0.0,2,1.0,83.0,,43.642219,-79.378504,2017-03-12 16:29:36.348022
5848571,30365763,Entire home/apt,,Waterfront Communities-The Island (77),7,4.5,2,1.0,84.0,,43.640322,-79.384528,2017-03-12 16:29:36.328246
7128201,16716929,Entire home/apt,,Waterfront Communities-The Island (77),11,5.0,2,1.0,100.0,,43.642802,-79.392017,2017-03-12 16:29:36.321294
16964797,52207155,Entire home/apt,,Waterfront Communities-The Island (77),2,0.0,5,2.0,84.0,,43.642854,-79.39075,2017-03-12 16:29:34.741979
9088267,16357262,Entire home/apt,,Waterfront Communities-The Island (77),57,5.0,2,1.0,91.0,,43.641051,-79.392786,2017-03-12 16:29:34.729884
6716879,16290105,Entire home/apt,,Waterfront Communities-The Island (77),16,5.0,5,2.0,99.0,,43.644112,-79.391302,2017-03-12 16:29:34.722739
8245269,1684087,Entire home/apt,,Waterfront Communities-The Island (77),10,5.0,3,1.0,103.0,,43.642863,-79.387564,2017-03-12 16:29:33.362113
4126210,4311088,Entire home/apt,,Waterfront Communities-The Island (77),8,5.0,2,1.0,96.0,,43.637664,-79.391695,2017-03-12 16:29:33.345452
7033288,10643956,Entire home/apt,,Waterfront Communities-The Island (77),1,0.0,2,1.0,92.0,,43.643267,-79.391216,2017-03-12 16:29:32.061741
17606372,119664366,Entire home/apt,,Waterfront Communities-The Island (77),0,0.0,2,1.0,103.0,,43.641219,-79.382379,2017-03-12 16:29:27.862991
6867386,501101,Entire home/apt,,Waterfront Communities-The Island (77),1,0.0,3,1.0,84.0,,43.649375,-79.357151,2017-03-12 16:29:17.809111
9199427,16947213,Entire home/apt,,Bay Street Corridor (76),15,4.5,4,1.0,83.0,,43.66121,-79.386613,2017-03-12 16:29:14.477559
8628082,45379876,Entire home/apt,,Annex (95),21,5.0,2,1.0,92.0,,43.671101,-79.388584,2017-03-12 16:29:14.472152
15747317,38621132,Entire home/apt,,Bay Street Corridor (76),1,0.0,5,2.0,83.0,,43.66524,-79.385727,2017-03-12 16:29:14.469940
14371898,88187991,Entire home/apt,,Annex (95),10,5.0,2,1.0,91.0,,43.67169,-79.394928,2017-03-12 16:29:08.302101
16530130,2124835,Entire home/apt,,Waterfront Communities-The Island (77),3,5.0,4,1.0,89.0,,43.64224,-79.377684,2017-03-12 16:27:49.747589
17483607,118451899,Entire home/apt,,Waterfront Communities-The Island (77),0,0.0,3,1.0,83.0,,43.646003,-79.375185,2017-03-12 16:27:48.348103
6044426,31369701,Entire home/apt,,Waterfront Communities-The Island (77),63,5.0,2,1.0,92.0,,43.639379,-79.383769,2017-03-12 16:27:41.169154
991575,5437265,Entire home/apt,,North Riverdale (68),1,0.0,5,3.0,83.0,,43.672662,-79.346285,2017-03-12 16:27:31.728548
12853159,5485932,Entire home/apt,,The Beaches (63),8,5.0,3,1.0,88.0,,43.669386,-79.300574,2017-03-12 16:27:30.929864
419642,2085869,Entire home/apt,,South Riverdale (70),5,4.5,3,2.0,92.0,,43.665831,-79.330653,2017-03-12 16:27:29.748197
14105219,84924020,Entire home/apt,,Waterfront Communities-The Island (77),29,5.0,4,1.0,92.0,,43.642592,-79.382204,2017-03-12 16:27:28.040831
13139148,17521891,Entire home/apt,,Waterfront Communities-The Island (77),5,5.0,1,1.0,99.0,,43.642968,-79.374082,2017-03-12 16:27:26.919404
3268160,5499165,Entire home/apt,,Waterfront Communities-The Island (77),7,4.5,2,1.0,100.0,,43.641481,-79.384008,2017-03-12 16:27:26.903818
3584944,4152900,Entire home/apt,,Waterfront Communities-The Island (77),68,4.5,2,1.0,100.0,,43.639141,-79.382438,2017-03-12 16:27:23.322209
5309316,27502345,Entire home/apt,,Waterfront Communities-The Island (77),0,0.0,2,1.0,88.0,,43.64328,-79.381411,2017-03-12 16:27:23.314365
13378611,48108305,Entire home/apt,,South Riverdale (70),4,4.5,2,1.0,100.0,,43.66531,-79.34241,2017-03-12 16:27:23.310469
6955115,9060827,Entire home/apt,,Waterfront Communities-The Island (77),6,5.0,2,1.0,88.0,,43.642032,-79.382832,2017-03-12 16:27:23.307466
8507235,44798080,Entire home/apt,,Waterfront Communities-The Island (77),2,0.0,2,1.0,100.0,,43.642221,-79.381842,2017-03-12 16:27:21.897949
6459022,33731433,Entire home/apt,,Waterfront Communities-The Island (77),4,4.5,3,1.0,96.0,,43.639014,-79.382136,2017-03-12 16:27:21.889476
16175000,103698287,Entire home/apt,,Bay Street Corridor (76),3,5.0,4,1.0,103.0,,43.650023,-79.379824,2017-03-12 16:27:21.882380
185099,888277,Entire home/apt,,Waterfront Communities-The Island (77),12,4.5,4,1.0,92.0,,43.64198,-79.381785,2017-03-12 16:27:21.867704
5715833,29633230,Entire home/apt,,Waterfront Communities-The Island (77),2,0.0,2,1.0,100.0,,43.641214,-79.382056,2017-03-12 16:27:20.588679
7518194,39393998,Entire home/apt,,Waterfront Communities-The Island (77),2,0.0,4,2.0,88.0,,43.63843,-79.383121,2017-03-12 16:27:20.585953
12436994,9095685,Entire home/apt,,Waterfront Communities-The Island (77),10,4.5,6,1.0,94.0,,43.641077,-79.382822,2017-03-12 16:27:20.581833
7195103,37679015,Entire home/apt,,Waterfront Communities-The Island (77),0,0.0,2,1.0,84.0,,43.643027,-79.377585,2017-03-12 16:27:20.575593
835116,2019357,Entire home/apt,,South Riverdale (70),22,4.5,2,1.0,83.0,,43.663357,-79.343737,2017-03-12 16:27:19.155108
15207347,49288354,Entire home/apt,,Waterfront Communities-The Island (77),0,0.0,3,1.0,99.0,,43.640832,-79.382462,2017-03-12 16:27:19.132035
14315034,35634690,Entire home/apt,,Waterfront Communities-The Island (77),1,0.0,2,1.0,99.0,,43.639663,-79.380596,2017-03-12 16:27:17.896079
17109677,3239264,Entire home/apt,,Waterfront Communities-The Island (77),0,0.0,2,1.0,92.0,,43.641976,-79.38329,2017-03-12 16:27:16.542628
7867029,32284412,Entire home/apt,,Waterfront Communities-The Island (77),11,4.5,2,1.0,88.0,,43.641225,-79.384286,2017-03-12 16:27:16.534603
14787693,47986287,Entire home/apt,,South Riverdale (70),4,5.0,2,1.0,97.0,,43.657853,-79.348465,2017-03-12 16:27:16.523294
16130474,7520520,Entire home/apt,,Waterfront Communities-The Island (77),1,0.0,2,1.0,92.0,,43.641192,-79.372463,2017-03-12 16:27:15.122995
13967522,1138090,Entire home/apt,,Moss Park (73),0,0.0,2,1.0,100.0,,43.651329,-79.369318,2017-03-12 16:27:15.120761
16137527,105265671,Entire home/apt,,Waterfront Communities-The Island (77),0,0.0,2,0.0,92.0,,43.643211,-79.382301,2017-03-12 16:27:15.101936
13903565,82430539,Entire home/apt,,Waterfront Communities-The Island (77),5,5.0,2,1.0,83.0,,43.640926,-79.38182,2017-03-12 16:27:15.099269
15272534,2597290,Entire home/apt,,Waterfront Communities-The Island (77),1,0.0,2,1.0,100.0,,43.629171,-79.359076,2017-03-12 16:27:14.413652
15969225,103722653,Entire home/apt,,Waterfront Communities-The Island (77),17,5.0,5,2.0,88.0,,43.642238,-79.382109,2017-03-12 16:27:14.403250
13283388,64475832,Entire home/apt,,Waterfront Communities-The Island (77),11,4.5,4,1.0,92.0,,43.641195,-79.382479,2017-03-12 16:27:13.350613
13619157,14964127,Entire home/apt,,Waterfront Communities-The Island (77),7,4.0,4,1.0,94.0,,43.641556,-79.375019,2017-03-12 16:27:13.342120
14076501,84586166,Entire home/apt,,Waterfront Communities-The Island (77),10,5.0,3,1.0,100.0,,43.642962,-79.381017,2017-03-12 16:27:09.201854
12301555,4232814,Entire home/apt,,Waterfront Communities-The Island (77),77,5.0,4,1.0,94.0,,43.641972,-79.381697,2017-03-12 16:27:06.255565
5242920,2927540,Entire home/apt,,Waterfront Communities-The Island (77),223,4.5,2,1.0,84.0,,43.642354,-79.381142,2017-03-12 16:27:04.900653
13605471,11422464,Entire home/apt,,South Riverdale (70),36,5.0,2,0.0,100.0,,43.658245,-79.344065,2017-03-12 16:27:04.118231
6032181,31306171,Entire home/apt,,Roncesvalles (86),1,0.0,6,4.0,91.0,,43.648711,-79.448206,2017-03-12 16:27:02.874495
11532150,3086531,Entire home/apt,,Roncesvalles (86),1,0.0,4,2.0,88.0,,43.651492,-79.451024,2017-03-12 16:27:02.872077
8320116,511173,Entire home/apt,,Roncesvalles (86),0,0.0,2,1.0,84.0,,43.653757,-79.448114,2017-03-12 16:27:01.744312
14654474,29191212,Entire home/apt,,Little Portugal (84),0,0.0,5,2.0,92.0,,43.650756,-79.435215,2017-03-12 16:27:01.741749
2210395,11275333,Entire home/apt,,Trinity-Bellwoods (81),2,0.0,2,1.0,91.0,,43.650702,-79.423094,2017-03-12 16:27:01.738745
525387,1559845,Entire home/apt,,Dovercourt-Wallace Emerson-Junction (93),40,5.0,2,1.0,103.0,,43.658749,-79.445507,2017-03-12 16:27:01.734202
1678426,8869477,Entire home/apt,,Palmerston-Little Italy (80),10,5.0,6,2.0,96.0,,43.65738,-79.412643,2017-03-12 16:27:01.727255
14185181,384346,Entire home/apt,,Dufferin Grove (83),7,5.0,3,1.0,92.0,,43.654454,-79.429038,2017-03-12 16:27:01.724297
15930823,63959329,Entire home/apt,,Palmerston-Little Italy (80),0,0.0,2,0.0,88.0,,43.660499,-79.426274,2017-03-12 16:27:01.716245
2919002,5364163,Entire home/apt,,Dufferin Grove (83),29,5.0,3,1.0,91.0,,43.653407,-79.431014,2017-03-12 16:27:01.712009
15023211,64059067,Entire home/apt,,University (79),2,0.0,4,2.0,88.0,,43.66585,-79.407259,2017-03-12 16:27:00.090460
10802504,55915446,Entire home/apt,,Palmerston-Little Italy (80),0,0.0,5,2.0,84.0,,43.656038,-79.425598,2017-03-12 16:27:00.086394
16411498,534666,Entire home/apt,,Palmerston-Little Italy (80),5,4.0,4,2.0,92.0,,43.661966,-79.416604,2017-03-12 16:27:00.077283
13099567,72767174,Entire home/apt,,Palmerston-Little Italy (80),8,4.5,4,2.0,100.0,,43.660531,-79.427905,2017-03-12 16:27:00.069611
6703473,32754857,Entire home/apt,,Dovercourt-Wallace Emerson-Junction (93),8,5.0,4,2.0,103.0,,43.668191,-79.421174,2017-03-12 16:27:00.067201
16693647,25326438,Entire home/apt,,Kensington-Chinatown (78),0,0.0,4,2.0,102.0,,43.648666,-79.403681,2017-03-12 16:27:00.064871
13013057,687621,Entire home/apt,,Kensington-Chinatown (78),0,0.0,1,1.0,96.0,,43.65419,-79.400703,2017-03-12 16:27:00.061969
16351165,55915446,Entire home/apt,,Palmerston-Little Italy (80),0,0.0,2,1.0,93.0,,43.654545,-79.42533,2017-03-12 16:27:00.051803
5159537,3878582,Entire home/apt,,Little Portugal (84),4,4.5,3,1.0,96.0,,43.650352,-79.427359,2017-03-12 16:27:00.042927
16350645,55915446,Entire home/apt,,Palmerston-Little Italy (80),0,0.0,6,2.0,93.0,,43.65584,-79.426418,2017-03-12 16:26:58.570064
3766177,3992802,Entire home/apt,,Corso Italia-Davenport (92),0,0.0,4,2.0,91.0,,43.67677,-79.448788,2017-03-12 16:26:58.559842
13283270,7895355,Entire home/apt,,Little Portugal (84),11,4.5,2,0.0,84.0,,43.648307,-79.42847,2017-03-12 16:26:58.554646
737224,1513941,Entire home/apt,,Dovercourt-Wallace Emerson-Junction (93),12,4.5,2,1.0,103.0,,43.661067,-79.442917,2017-03-12 16:26:58.543601
14168555,454124,Entire home/apt,,Little Portugal (84),14,5.0,4,1.0,88.0,,43.649378,-79.435553,2017-03-12 16:26:58.535119
8391408,44215043,Entire home/apt,,Oakwood Village (107),6,5.0,4,2.0,103.0,,43.680503,-79.436063,2017-03-12 16:26:58.528396
4700353,6005304,Entire home/apt,,Little Portugal (84),4,5.0,4,2.0,84.0,,43.651719,-79.428042,2017-03-12 16:26:56.944574
5415364,5906754,Entire home/apt,,Little Portugal (84),37,5.0,4,2.0,96.0,,43.648576,-79.435839,2017-03-12 16:26:56.939293
12037011,13736018,Entire home/apt,,High Park-Swansea (87),5,5.0,2,0.0,92.0,,43.649119,-79.451444,2017-03-12 16:26:56.935178
3829322,582283,Entire home/apt,,Dovercourt-Wallace Emerson-Junction (93),2,0.0,5,3.0,88.0,,43.667957,-79.448943,2017-03-12 16:26:56.913379
14215469,61199,Entire home/apt,,Dovercourt-Wallace Emerson-Junction (93),1,0.0,4,1.0,84.0,,43.663907,-79.444334,2017-03-12 16:26:56.910027
16331463,36383587,Entire home/apt,,Weston-Pellam Park (91),1,0.0,6,2.0,100.0,,43.668356,-79.452447,2017-03-12 16:26:55.470530
15500444,89862057,Entire home/apt,,Little Portugal (84),2,0.0,2,1.0,100.0,,43.652774,-79.427661,2017-03-12 16:26:55.464152
12971753,3118854,Entire home/apt,,Little Portugal (84),1,0.0,2,1.0,100.0,,43.649075,-79.424694,2017-03-12 16:26:55.461493
17652696,13066292,Entire home/apt,,Little Portugal (84),0,0.0,4,3.0,96.0,,43.649255,-79.430011,2017-03-12 16:26:54.171039
11147028,11631179,Entire home/apt,,Roncesvalles (86),4,5.0,4,2.0,92.0,,43.6512,-79.446669,2017-03-12 16:26:54.160439
9574924,10553357,Entire home/apt,,Roncesvalles (86),7,5.0,2,1.0,100.0,,43.652405,-79.45106,2017-03-12 16:26:54.151246
2888365,14761152,Entire home/apt,,Palmerston-Little Italy (80),20,5.0,4,2.0,96.0,,43.659337,-79.417634,2017-03-12 16:25:00.544350
17332967,82406574,Entire home/apt,,Yorkdale-Glen Park (31),0,0.0,5,2.0,92.0,,43.707688,-79.443635,2017-03-12 16:25:00.541744
13670479,21810166,Entire home/apt,,Casa Loma (96),1,0.0,2,1.0,88.0,,43.682302,-79.416256,2017-03-12 16:24:59.082481
4430221,18018834,Entire home/apt,,Bay Street Corridor (76),23,5.0,2,1.0,83.0,,43.661294,-79.386598,2017-03-12 16:24:59.079927
13908477,16877911,Entire home/apt,,Bay Street Corridor (76),19,5.0,2,1.0,92.0,,43.666155,-79.388746,2017-03-12 16:24:59.075818
15195193,28374485,Entire home/apt,,Kensington-Chinatown (78),3,5.0,2,1.0,96.0,,43.656442,-79.401827,2017-03-12 16:24:59.067337
11671585,45167069,Entire home/apt,,Annex (95),16,4.5,2,1.0,88.0,,43.669614,-79.393875,2017-03-12 16:24:59.064450
7219255,37785686,Entire home/apt,,Bay Street Corridor (76),0,0.0,3,1.0,92.0,,43.667765,-79.390818,2017-03-12 16:24:59.061328
6283763,22431111,Entire home/apt,,Moss Park (73),43,5.0,4,2.0,83.0,,43.659132,-79.369107,2017-03-12 16:24:59.055281
12367839,56228412,Entire home/apt,,Corso Italia-Davenport (92),21,5.0,6,2.0,84.0,,43.673686,-79.44042,2017-03-12 16:24:59.046559
5221002,15433871,Entire home/apt,,Church-Yonge Corridor (75),6,4.5,4,1.0,99.0,,43.66666,-79.383367,2017-03-12 16:24:57.392047
12675631,758098,Entire home/apt,,Dovercourt-Wallace Emerson-Junction (93),14,4.5,4,1.0,84.0,,43.664389,-79.434056,2017-03-12 16:24:57.388722
3001121,14761152,Entire home/apt,,Palmerston-Little Italy (80),16,4.5,6,2.0,92.0,,43.658491,-79.411725,2017-03-12 16:24:57.380491
14771771,51943705,Entire home/apt,,Church-Yonge Corridor (75),14,4.5,3,1.0,92.0,,43.668485,-79.385165,2017-03-12 16:24:57.377989
13449621,16083796,Entire home/apt,,Palmerston-Little Italy (80),2,0.0,2,1.0,88.0,,43.659623,-79.418376,2017-03-12 16:24:57.371785
13307634,534666,Entire home/apt,,Bay Street Corridor (76),23,4.5,2,1.0,103.0,,43.657228,-79.384684,2017-03-12 16:24:57.368982
8539863,44958334,Entire home/apt,,Palmerston-Little Italy (80),0,0.0,2,1.0,92.0,,43.657815,-79.427083,2017-03-12 16:24:57.361666
14564854,4629110,Entire home/apt,,Palmerston-Little Italy (80),12,5.0,2,0.0,91.0,,43.659569,-79.416874,2017-03-12 16:24:56.150262
14024739,4423479,Entire home/apt,,Annex (95),0,0.0,2,1.0,92.0,,43.673412,-79.410135,2017-03-12 16:24:56.139708
7825491,21742154,Entire home/apt,,Annex (95),0,0.0,2,1.0,84.0,,43.66726,-79.406496,2017-03-12 16:24:56.136710
7749570,21298947,Entire home/apt,,Rosedale-Moore Park (98),35,5.0,4,1.0,92.0,,43.671129,-79.38582,2017-03-12 16:24:56.134092
1467457,6945750,Entire home/apt,,Trinity-Bellwoods (81),51,5.0,4,2.0,99.0,,43.655331,-79.408355,2017-03-12 16:24:56.131718
13327025,10210964,Entire home/apt,,Annex (95),11,5.0,2,1.0,102.0,,43.671284,-79.39768,2017-03-12 16:24:56.123982
13734448,21140681,Entire home/apt,,Bay Street Corridor (76),1,0.0,2,1.0,92.0,,43.666807,-79.386104,2017-03-12 16:24:56.115092
3264339,11191945,Entire home/apt,,Humewood-Cedarvale (106),10,5.0,2,1.0,90.0,,43.684009,-79.418647,2017-03-12 16:24:56.112645
9315320,23261726,Entire home/apt,,Bay Street Corridor (76),11,4.5,4,1.0,84.0,,43.666556,-79.385652,2017-03-12 16:24:56.109695
11014372,50240195,Entire home/apt,,Palmerston-Little Italy (80),45,5.0,6,3.0,88.0,,43.655784,-79.419766,2017-03-12 16:24:56.104960
7345615,36717708,Entire home/apt,,Annex (95),18,5.0,2,1.0,84.0,,43.671811,-79.402607,2017-03-12 16:24:54.510986
5131425,9852747,Entire home/apt,,Wychwood (94),0,0.0,4,2.0,96.0,,43.679598,-79.424971,2017-03-12 16:24:54.506458
6756899,35375516,Entire home/apt,,University (79),13,4.5,3,2.0,100.0,,43.664693,-79.404948,2017-03-12 16:24:54.498624
2918244,1112766,Entire home/apt,,Corso Italia-Davenport (92),15,5.0,5,3.0,88.0,,43.678789,-79.444208,2017-03-12 16:24:54.494331
7771690,32897404,Entire home/apt,,University (79),0,0.0,2,1.0,100.0,,43.659783,-79.403119,2017-03-12 16:24:54.491848
12911944,7216169,Entire home/apt,,Annex (95),3,4.5,3,1.0,88.0,,43.669383,-79.39792,2017-03-12 16:24:54.489785
12290028,9669356,Entire home/apt,,University (79),30,4.5,3,1.0,96.0,,43.659202,-79.404196,2017-03-12 16:24:54.485425
7696800,10428695,Entire home/apt,,Bay Street Corridor (76),10,5.0,2,1.0,84.0,,43.665939,-79.388621,2017-03-12 16:24:52.901305
7675986,40222002,Entire home/apt,,Annex (95),31,5.0,2,1.0,96.0,,43.670904,-79.395051,2017-03-12 16:24:51.653318
16237581,106137293,Entire home/apt,,Palmerston-Little Italy (80),1,0.0,2,1.0,84.0,,43.654751,-79.426624,2017-03-12 16:24:51.648641
17625594,32120098,Entire home/apt,,University (79),0,0.0,2,1.0,96.0,,43.664469,-79.405061,2017-03-12 16:24:51.645343
75051,368707,Entire home/apt,,Dufferin Grove (83),253,5.0,4,1.0,96.0,,43.65956,-79.432277,2017-03-12 16:24:51.638782
12789556,7156905,Entire home/apt,,University (79),3,5.0,2,1.0,92.0,,43.663884,-79.409708,2017-03-12 16:24:51.631648
9786644,4032576,Entire home/apt,,Annex (95),3,3.5,2,1.0,99.0,,43.671514,-79.393912,2017-03-12 16:24:51.625682
4208775,10784773,Entire home/apt,,Palmerston-Little Italy (80),31,5.0,4,1.0,96.0,,43.656768,-79.423241,2017-03-12 16:24:51.620512
15006810,44281398,Entire home/apt,,Annex (95),25,4.5,2,1.0,84.0,,43.671236,-79.394941,2017-03-12 16:24:50.234179
17404932,117676354,Entire home/apt,,Annex (95),0,0.0,3,1.0,99.0,,43.673088,-79.393888,2017-03-12 16:24:50.228748
13333376,32039014,Entire home/apt,,Oakwood Village (107),8,4.5,5,2.0,96.0,,43.690405,-79.44026,2017-03-12 16:24:49.059899
7151148,19262479,Entire home/apt,,Annex (95),1,0.0,4,2.0,97.0,,43.669103,-79.404396,2017-03-12 16:24:49.051088
6176024,32039014,Entire home/apt,,Oakwood Village (107),29,4.5,5,3.0,100.0,,43.685865,-79.444449,2017-03-12 16:24:49.041913
11592021,38517538,Entire home/apt,,Annex (95),11,5.0,2,0.0,84.0,,43.669371,-79.400993,2017-03-12 16:24:49.030857
14010681,65148571,Entire home/apt,,Annex (95),1,0.0,3,1.0,103.0,,43.674873,-79.392254,2017-03-12 16:24:47.582878
7161086,37503037,Entire home/apt,,Annex (95),29,5.0,2,0.0,84.0,,43.664682,-79.413692,2017-03-12 16:24:47.575076
8188877,30847311,Entire home/apt,,Church-Yonge Corridor (75),118,5.0,4,1.0,92.0,,43.670453,-79.385654,2017-03-12 16:24:47.568960
4595292,22898612,Entire home/apt,,Annex (95),23,5.0,3,2.0,92.0,,43.673527,-79.404182,2017-03-12 16:24:47.559691
11861645,38000857,Entire home/apt,,Casa Loma (96),2,0.0,3,1.0,92.0,,43.682286,-79.400044,2017-03-12 16:24:47.555034
6076379,17694001,Entire home/apt,,Annex (95),1,0.0,3,1.0,84.0,,43.671639,-79.402568,2017-03-12 16:24:46.302747
12287170,16396244,Entire home/apt,,Wychwood (94),10,5.0,2,1.0,102.0,,43.682257,-79.418407,2017-03-12 16:24:46.285580
14840469,92855707,Entire home/apt,,Annex (95),31,5.0,6,3.0,100.0,,43.671094,-79.41802,2017-03-12 16:24:43.450097
17543291,103734624,Entire home/apt,,Yonge-Eglinton (100),0,0.0,3,1.0,99.0,,43.699174,-79.406787,2017-03-12 16:24:43.444036
3341166,12764178,Entire home/apt,,Bay Street Corridor (76),41,4.5,4,1.0,96.0,,43.655795,-79.384898,2017-03-12 16:24:42.152196
8273798,43544823,Entire home/apt,,Church-Yonge Corridor (75),16,4.0,4,1.0,91.0,,43.656987,-79.378361,2017-03-12 16:24:42.149482
16422660,9729824,Entire home/apt,,Bay Street Corridor (76),0,0.0,4,1.0,103.0,,43.663702,-79.385013,2017-03-12 16:24:42.147270
4030789,314617,Entire home/apt,,Moss Park (73),47,4.5,4,1.0,84.0,,43.656497,-79.371359,2017-03-12 16:24:42.142516
650032,1132399,Entire home/apt,,Church-Yonge Corridor (75),0,0.0,2,1.0,99.0,,43.667923,-79.379551,2017-03-12 16:24:40.991510
1094390,6012620,Entire home/apt,,Moss Park (73),0,0.0,1,1.0,100.0,,43.656858,-79.357341,2017-03-12 16:24:40.989187
13282578,74906955,Entire home/apt,,North St.James Town (74),0,0.0,6,2.0,103.0,,43.670218,-79.37959,2017-03-12 16:24:40.986892
14756733,46590183,Entire home/apt,,North St.James Town (74),0,0.0,6,2.0,96.0,,43.671193,-79.379323,2017-03-12 16:24:40.984550
4081598,856909,Entire home/apt,,South Riverdale (70),0,0.0,3,1.0,92.0,,43.662959,-79.341581,2017-03-12 16:24:40.981650
2494635,12767936,Entire home/apt,,Playter Estates-Danforth (67),3,4.0,8,4.0,92.0,,43.681443,-79.355058,2017-03-12 16:24:40.978868
13810795,14058608,Entire home/apt,,Little Portugal (84),11,5.0,2,1.0,91.0,,43.643972,-79.427398,2017-03-12 16:32:31.907081
6919871,56583,Entire home/apt,,Little Portugal (84),1,0.0,4,1.0,83.0,,43.646415,-79.424282,2017-03-12 16:32:31.894110
3987080,20243221,Entire home/apt,,Little Portugal (84),24,5.0,2,1.0,84.0,,43.652093,-79.43112,2017-03-12 16:32:31.877906
8312402,27190351,Entire home/apt,,South Parkdale (85),15,5.0,4,1.0,92.0,,43.636394,-79.431502,2017-03-12 16:32:31.875674
6347570,33059533,Entire home/apt,,Niagara (82),1,0.0,3,1.0,83.0,,43.638051,-79.419526,2017-03-12 16:32:31.872513
6611056,23161085,Entire home/apt,,Bay Street Corridor (76),27,4.5,3,1.0,84.0,,43.6585,-79.3838,2017-03-12 16:24:40.974482
1525526,4301689,Entire home/apt,,Cabbagetown-South St.James Town (71),1,0.0,2,1.0,84.0,,43.663955,-79.359962,2017-03-12 16:24:40.970025
5611894,23639239,Entire home/apt,,Bay Street Corridor (76),2,0.0,2,1.0,88.0,,43.658495,-79.382756,2017-03-12 16:24:40.964924
53901,250134,Entire home/apt,,Church-Yonge Corridor (75),10,4.5,4,1.0,88.0,,43.666444,-79.382127,2017-03-12 16:24:40.961938
1386083,1189390,Entire home/apt,,Church-Yonge Corridor (75),0,0.0,2,1.0,96.0,,43.668014,-79.380239,2017-03-12 16:24:40.958787
12367730,5069486,Entire home/apt,,North St.James Town (74),1,0.0,4,1.0,92.0,,43.668976,-79.371131,2017-03-12 16:24:40.948421
6847038,15511914,Entire home/apt,,Church-Yonge Corridor (75),8,5.0,4,1.0,103.0,,43.669852,-79.384022,2017-03-12 16:24:39.315287
7601936,39864737,Entire home/apt,,Church-Yonge Corridor (75),0,0.0,4,0.0,103.0,,43.668296,-79.380268,2017-03-12 16:24:39.312375
3533841,17173046,Entire home/apt,,Bay Street Corridor (76),10,5.0,3,2.0,91.0,,43.65847,-79.384682,2017-03-12 16:24:39.309507
14897348,24550574,Entire home/apt,,Church-Yonge Corridor (75),0,0.0,2,0.0,88.0,,43.666159,-79.383548,2017-03-12 16:24:39.304128
3809367,2868787,Entire home/apt,,Danforth (66),6,3.5,4,1.0,92.0,,43.679946,-79.344054,2017-03-12 16:24:39.294732
14548463,90031650,Entire home/apt,,Church-Yonge Corridor (75),2,0.0,2,0.0,92.0,,43.664644,-79.381086,2017-03-12 16:24:39.291009
413276,2056128,Entire home/apt,,Bay Street Corridor (76),42,4.5,2,1.0,103.0,,43.664199,-79.384647,2017-03-12 16:24:39.288315
14745028,2185549,Entire home/apt,,South Riverdale (70),5,5.0,5,2.0,100.0,,43.659433,-79.351927,2017-03-12 16:24:39.283852
6260142,32525007,Entire home/apt,,North Riverdale (68),0,0.0,4,3.0,102.0,,43.675166,-79.34538,2017-03-12 16:24:39.281071
8806750,35561916,Entire home/apt,,Regent Park (72),11,5.0,2,1.0,103.0,,43.660768,-79.359808,2017-03-12 16:24:37.836830
9881592,15850616,Entire home/apt,,Bay Street Corridor (76),3,4.0,2,0.0,88.0,,43.661038,-79.383602,2017-03-12 16:24:37.832543
357578,1809482,Entire home/apt,,Church-Yonge Corridor (75),14,5.0,2,1.0,84.0,,43.667516,-79.380775,2017-03-12 16:24:37.829934
7145893,1472545,Entire home/apt,,Church-Yonge Corridor (75),3,5.0,3,1.0,100.0,,43.668441,-79.381443,2017-03-12 16:24:37.825551
15855954,4922086,Entire home/apt,,Moss Park (73),1,0.0,5,1.0,84.0,,43.660229,-79.372613,2017-03-12 16:24:37.822895
4597410,23830038,Entire home/apt,,Church-Yonge Corridor (75),0,0.0,4,1.0,92.0,,43.665916,-79.380517,2017-03-12 16:24:37.819836
5259863,27225304,Entire home/apt,,Church-Yonge Corridor (75),49,4.5,2,1.0,91.0,,43.658585,-79.381023,2017-03-12 16:24:37.814649
11022785,56925278,Entire home/apt,,Regent Park (72),1,0.0,2,1.0,93.0,,43.659564,-79.361249,2017-03-12 16:24:37.812461
15283342,97266024,Entire home/apt,,Bay Street Corridor (76),3,5.0,2,1.0,84.0,,43.660663,-79.384442,2017-03-12 16:24:37.810144
12653609,15317542,Entire home/apt,,Moss Park (73),4,5.0,3,2.0,96.0,,43.657726,-79.371069,2017-03-12 16:24:37.805425
15088650,13717926,Entire home/apt,,North St.James Town (74),2,0.0,2,1.0,92.0,,43.667706,-79.378939,2017-03-12 16:24:37.798086
6832491,35794587,Entire home/apt,,Moss Park (73),5,5.0,2,1.0,92.0,,43.66134,-79.36752,2017-03-12 16:24:37.795023
3425643,17267972,Entire home/apt,,Cabbagetown-South St.James Town (71),3,4.5,2,0.0,88.0,,43.664985,-79.377085,2017-03-12 16:24:37.790312
2942765,243855,Entire home/apt,,Church-Yonge Corridor (75),6,4.0,2,1.0,83.0,,43.664482,-79.380693,2017-03-12 16:24:36.165519
12885548,38357448,Entire home/apt,,Church-Yonge Corridor (75),0,0.0,5,1.0,84.0,,43.659299,-79.376352,2017-03-12 16:24:36.162710
9030554,46889163,Entire home/apt,,Church-Yonge Corridor (75),0,0.0,3,1.0,97.0,,43.662088,-79.380836,2017-03-12 16:24:36.159896
1786657,9376823,Entire home/apt,,Church-Yonge Corridor (75),16,5.0,2,0.0,92.0,,43.665628,-79.381052,2017-03-12 16:24:36.154680
3344016,16877911,Entire home/apt,,Church-Yonge Corridor (75),70,5.0,2,1.0,84.0,,43.66803,-79.379517,2017-03-12 16:24:36.151720
8183277,35876446,Entire home/apt,,Church-Yonge Corridor (75),29,4.5,2,1.0,92.0,,43.655185,-79.374747,2017-03-12 16:24:36.148414
3678038,18675603,Entire home/apt,,Moss Park (73),11,4.5,3,1.0,92.0,,43.656506,-79.366038,2017-03-12 16:24:36.145672
7968182,41994943,Entire home/apt,,Church-Yonge Corridor (75),0,0.0,2,0.0,94.0,,43.667657,-79.384314,2017-03-12 16:24:36.142823
6194186,8515218,Entire home/apt,,Church-Yonge Corridor (75),13,5.0,2,1.0,88.0,,43.661433,-79.379306,2017-03-12 16:24:36.140127
17174478,65998283,Entire home/apt,,Bay Street Corridor (76),0,0.0,4,2.0,84.0,,43.655263,-79.382818,2017-03-12 16:24:36.137699
9430750,10082223,Entire home/apt,,Church-Yonge Corridor (75),8,5.0,2,1.0,100.0,,43.668065,-79.384698,2017-03-12 16:24:36.133032
12792941,66366678,Entire home/apt,,Rosedale-Moore Park (98),23,4.5,6,2.0,92.0,,43.672367,-79.376961,2017-03-12 16:24:36.127082
86679,395832,Entire home/apt,,North St.James Town (74),2,0.0,2,1.0,92.0,,43.669731,-79.371812,2017-03-12 16:24:36.123707
9272530,48159185,Entire home/apt,,Church-Yonge Corridor (75),6,5.0,4,1.0,103.0,,43.667862,-79.384079,2017-03-12 16:24:36.121321
9278227,38357448,Entire home/apt,,Bay Street Corridor (76),1,0.0,4,1.0,100.0,,43.659565,-79.384344,2017-03-12 16:24:36.117983
17036286,534666,Entire home/apt,,Bay Street Corridor (76),2,0.0,4,2.0,92.0,,43.659251,-79.38467,2017-03-12 16:24:34.699774
15203509,51805914,Entire home/apt,,Church-Yonge Corridor (75),3,4.0,3,1.0,100.0,,43.665419,-79.383689,2017-03-12 16:24:34.696986
4434915,20520521,Entire home/apt,,Church-Yonge Corridor (75),9,5.0,4,0.0,98.0,,43.655396,-79.378686,2017-03-12 16:24:34.692037
3400213,6301545,Entire home/apt,,Church-Yonge Corridor (75),22,4.5,2,1.0,92.0,,43.661047,-79.378446,2017-03-12 16:24:34.689333
17111447,39868464,Entire home/apt,,Bay Street Corridor (76),0,0.0,3,1.0,92.0,,43.662981,-79.385017,2017-03-12 16:24:34.686383
11058715,7216523,Entire home/apt,,Church-Yonge Corridor (75),1,0.0,2,1.0,92.0,,43.663462,-79.381644,2017-03-12 16:24:34.675365
12709569,18762352,Entire home/apt,,North Riverdale (68),17,4.5,2,1.0,92.0,,43.670188,-79.342636,2017-03-12 16:24:34.670855
3932792,19300565,Entire home/apt,,Church-Yonge Corridor (75),50,5.0,6,3.0,100.0,,43.664177,-79.378492,2017-03-12 16:24:34.667988
13648511,16355893,Entire home/apt,,North St.James Town (74),10,5.0,3,1.0,100.0,,43.671703,-79.377491,2017-03-12 16:24:34.664889
16270582,11949507,Entire home/apt,,Moss Park (73),5,5.0,2,0.0,88.0,,43.658233,-79.365886,2017-03-12 16:24:34.662045
12360813,869773,Entire home/apt,,Cabbagetown-South St.James Town (71),1,0.0,5,2.0,83.0,,43.667047,-79.371618,2017-03-12 16:24:33.289776
13345851,21291598,Entire home/apt,,Church-Yonge Corridor (75),12,5.0,3,1.0,83.0,,43.665947,-79.379567,2017-03-12 16:24:33.283778
8069567,636742,Entire home/apt,,South Riverdale (70),34,5.0,2,1.0,88.0,,43.6603,-79.353532,2017-03-12 16:24:33.272829
933888,5033534,Entire home/apt,,Church-Yonge Corridor (75),8,5.0,2,1.0,92.0,,43.661801,-79.379723,2017-03-12 16:24:31.825481
16318820,104551258,Entire home/apt,,Cabbagetown-South St.James Town (71),2,0.0,6,2.0,84.0,,43.666141,-79.371356,2017-03-12 16:24:31.823149
8949423,46778242,Entire home/apt,,Church-Yonge Corridor (75),9,4.5,2,1.0,92.0,,43.667956,-79.38264,2017-03-12 16:24:31.820051
7115113,5167165,Entire home/apt,,Danforth (66),20,4.5,5,2.0,96.0,,43.681246,-79.344522,2017-03-12 16:24:31.814364
11738234,62444556,Entire home/apt,,Rosedale-Moore Park (98),9,4.5,3,0.0,92.0,,43.67094,-79.384789,2017-03-12 16:24:31.809038
593324,2929774,Entire home/apt,,South Riverdale (70),7,5.0,3,2.0,84.0,,43.660961,-79.347625,2017-03-12 16:24:31.803944
6373829,33126335,Entire home/apt,,Cabbagetown-South St.James Town (71),16,4.5,2,1.0,88.0,,43.667372,-79.370893,2017-03-12 16:24:30.692234
8673573,45558437,Entire home/apt,,South Riverdale (70),21,4.5,2,0.0,92.0,,43.661143,-79.346283,2017-03-12 16:24:30.689261
17540721,7743571,Entire home/apt,,Greenwood-Coxwell (65),0,0.0,6,3.0,92.0,,43.679559,-79.322115,2017-03-12 16:24:30.666377
3859433,19910754,Entire home/apt,,Rosedale-Moore Park (98),11,5.0,4,2.0,92.0,,43.670875,-79.38404,2017-03-12 16:24:29.379812
16562471,32098475,Entire home/apt,,North St.James Town (74),1,0.0,4,1.0,84.0,,43.671508,-79.374486,2017-03-12 16:24:29.367357
9170315,40070999,Entire home/apt,,South Riverdale (70),10,5.0,3,1.0,84.0,,43.665386,-79.341452,2017-03-12 16:24:25.892616
8387678,41414760,Entire home/apt,,Niagara (82),21,5.0,4,1.0,92.0,,43.642981,-79.403542,2017-03-12 16:24:22.113663
11139555,57890325,Entire home/apt,,Rosedale-Moore Park (98),1,0.0,3,2.0,92.0,,43.675056,-79.376463,2017-03-12 16:24:22.109125
15000662,94609734,Entire home/apt,,Waterfront Communities-The Island (77),24,5.0,4,1.0,96.0,,43.639919,-79.380535,2017-03-12 16:24:22.105307
7367919,4725360,Entire home/apt,,Waterfront Communities-The Island (77),2,0.0,4,1.0,100.0,,43.6475,-79.39557,2017-03-12 16:24:22.100893
7189557,37657150,Entire home/apt,,Cabbagetown-South St.James Town (71),39,5.0,3,1.0,83.0,,43.66533,-79.37764,2017-03-12 16:24:22.091046
15773086,94848441,Entire home/apt,,Waterfront Communities-The Island (77),8,5.0,2,0.0,91.0,,43.644125,-79.396644,2017-03-12 16:24:19.089764
17126277,115103512,Entire home/apt,,Annex (95),0,0.0,2,1.0,103.0,,43.671017,-79.388134,2017-03-12 16:24:19.087303
14653499,91005566,Entire home/apt,,Niagara (82),23,5.0,3,1.0,84.0,,43.639193,-79.41342,2017-03-12 16:24:19.079696
14077923,44187629,Entire home/apt,,Annex (95),11,4.5,4,2.0,96.0,,43.671609,-79.416655,2017-03-12 16:24:19.073877
17174826,60675795,Entire home/apt,,Waterfront Communities-The Island (77),3,5.0,4,1.0,84.0,,43.646381,-79.393292,2017-03-12 16:24:19.060982
12515733,14247994,Entire home/apt,,Trinity-Bellwoods (81),12,5.0,2,1.0,100.0,,43.646081,-79.419013,2017-03-12 16:24:17.691230
12398393,5502744,Entire home/apt,,Bay Street Corridor (76),35,5.0,3,1.0,101.0,,43.660076,-79.38547,2017-03-12 16:24:17.687717
13710852,15218456,Entire home/apt,,Church-Yonge Corridor (75),14,5.0,2,1.0,84.0,,43.65597,-79.375008,2017-03-12 16:24:17.681567
15543539,100012809,Entire home/apt,,Annex (95),2,0.0,4,1.0,91.0,,43.676821,-79.390021,2017-03-12 16:24:17.676421
13761209,54133626,Entire home/apt,,Moss Park (73),13,5.0,2,1.0,99.0,,43.652107,-79.367995,2017-03-12 16:24:17.672181
12005790,34598585,Entire home/apt,,Church-Yonge Corridor (75),6,5.0,2,1.0,103.0,,43.669644,-79.384052,2017-03-12 16:24:17.667565
6214704,12339771,Entire home/apt,,Waterfront Communities-The Island (77),67,5.0,3,1.0,99.0,,43.644115,-79.400772,2017-03-12 16:24:16.183908
7226755,26374194,Entire home/apt,,Cabbagetown-South St.James Town (71),0,0.0,2,1.0,92.0,,43.664366,-79.376177,2017-03-12 16:24:16.178165
13828754,81527462,Entire home/apt,,North St.James Town (74),2,0.0,2,1.0,96.0,,43.671107,-79.374784,2017-03-12 16:24:16.170146
14212592,19172993,Entire home/apt,,Waterfront Communities-The Island (77),18,5.0,3,1.0,103.0,,43.643824,-79.396741,2017-03-12 16:24:16.161645
3868685,19975766,Entire home/apt,,Bay Street Corridor (76),0,0.0,6,0.0,92.0,,43.653827,-79.385941,2017-03-12 16:24:16.157081
13378208,35300064,Entire home/apt,,Palmerston-Little Italy (80),12,5.0,4,2.0,96.0,,43.660476,-79.412796,2017-03-12 16:24:14.701986
13408145,76345594,Entire home/apt,,Waterfront Communities-The Island (77),21,5.0,2,1.0,100.0,,43.644042,-79.398469,2017-03-12 16:24:14.694129
10276124,31938060,Entire home/apt,,Niagara (82),56,5.0,2,1.0,102.0,,43.635533,-79.408865,2017-03-12 16:24:14.688367
11878962,3618600,Entire home/apt,,Bay Street Corridor (76),26,5.0,2,0.0,84.0,,43.666952,-79.38646,2017-03-12 16:24:13.208837
13165331,5289057,Entire home/apt,,Trinity-Bellwoods (81),40,5.0,3,1.0,90.0,,43.652679,-79.413489,2017-03-12 16:24:13.201562
15206433,53719356,Entire home/apt,,Waterfront Communities-The Island (77),25,4.5,4,1.0,92.0,,43.642973,-79.380991,2017-03-12 16:24:13.197742
14928597,84924020,Entire home/apt,,Waterfront Communities-The Island (77),13,4.5,4,1.0,92.0,,43.642749,-79.382602,2017-03-12 16:24:13.193629
15768955,38357448,Entire home/apt,,Church-Yonge Corridor (75),4,4.5,3,1.0,88.0,,43.660232,-79.380809,2017-03-12 16:24:13.185839
9611826,49730820,Entire home/apt,,Moss Park (73),7,4.5,3,1.0,92.0,,43.65629,-79.367468,2017-03-12 16:24:13.177083
1303550,4275005,Entire home/apt,,Niagara (82),142,5.0,4,1.0,91.0,,43.641463,-79.414454,2017-03-12 16:24:13.173995
11623936,61541880,Entire home/apt,,Waterfront Communities-The Island (77),5,5.0,4,1.0,84.0,,43.644055,-79.381161,2017-03-12 16:24:11.613881
9588689,29266163,Entire home/apt,,Trinity-Bellwoods (81),27,5.0,4,1.0,88.0,,43.647073,-79.405663,2017-03-12 16:24:11.606518
12103089,23228841,Entire home/apt,,Niagara (82),9,5.0,4,2.0,100.0,,43.641114,-79.414232,2017-03-12 16:24:11.602902
14118576,39718157,Entire home/apt,,Annex (95),2,0.0,2,1.0,84.0,,43.672487,-79.412957,2017-03-12 16:24:11.596389
6277270,32628399,Entire home/apt,,Waterfront Communities-The Island (77),13,5.0,4,0.0,102.0,,43.648929,-79.387581,2017-03-12 16:24:11.590183
14359691,88040259,Entire home/apt,,Waterfront Communities-The Island (77),35,5.0,4,1.0,103.0,,43.640661,-79.380112,2017-03-12 16:24:11.587990
598132,2349264,Entire home/apt,,Church-Yonge Corridor (75),16,5.0,4,1.0,103.0,,43.6706,-79.380913,2017-03-12 16:24:11.579685
14894367,30226968,Entire home/apt,,Annex (95),2,0.0,2,1.0,100.0,,43.670714,-79.41377,2017-03-12 16:24:11.577350
11324662,10992034,Entire home/apt,,Waterfront Communities-The Island (77),87,5.0,6,1.0,92.0,,43.642953,-79.382607,2017-03-12 16:24:10.115597
13083745,72594960,Entire home/apt,,Bay Street Corridor (76),8,5.0,1,1.0,96.0,,43.669415,-79.389481,2017-03-12 16:24:08.991729
10114013,51902979,Entire home/apt,,Niagara (82),32,5.0,2,1.0,100.0,,43.638255,-79.416638,2017-03-12 16:24:05.600998
13208298,73670719,Entire home/apt,,Church-Yonge Corridor (75),15,5.0,4,1.0,103.0,,43.658769,-79.380694,2017-03-12 16:24:05.591346
16417874,106727356,Entire home/apt,,Bay Street Corridor (76),2,0.0,4,2.0,93.0,,43.66116,-79.384503,2017-03-12 16:24:02.960684
9252254,1987562,Entire home/apt,,Waterfront Communities-The Island (77),72,5.0,2,1.0,92.0,,43.644508,-79.400222,2017-03-12 16:24:02.951992
15112971,69421820,Entire home/apt,,Moss Park (73),51,5.0,2,1.0,91.0,,43.655406,-79.357229,2017-03-12 16:24:00.497125
5928667,9266782,Entire home/apt,,Woodbine Corridor (64),6,4.5,6,3.0,96.0,,43.673277,-79.315263,2017-03-12 16:23:57.336446
1301718,377846,Entire home/apt,,East End-Danforth (62),11,4.5,6,3.0,91.0,,43.683448,-79.294339,2017-03-12 16:23:57.333532
4022585,20854316,Entire home/apt,,East End-Danforth (62),0,0.0,4,2.0,103.0,,43.680065,-79.302908,2017-03-12 16:23:57.331394
11236893,58465005,Entire home/apt,,The Beaches (63),6,4.5,4,1.0,84.0,,43.670901,-79.294223,2017-03-12 16:23:57.328363
9543413,19333044,Entire home/apt,,The Beaches (63),0,0.0,2,1.0,92.0,,43.668803,-79.292192,2017-03-12 16:23:57.325224
14819761,45857093,Entire home/apt,,The Beaches (63),1,0.0,2,1.0,90.0,,43.673538,-79.307629,2017-03-12 16:23:55.961947
7589478,9266782,Entire home/apt,,Woodbine Corridor (64),1,0.0,1,3.0,84.0,,43.674772,-79.315752,2017-03-12 16:23:55.959049
13384437,2707282,Entire home/apt,,The Beaches (63),7,4.0,6,3.0,96.0,,43.670789,-79.295908,2017-03-12 16:23:55.955270
4963059,11005807,Entire home/apt,,South Riverdale (70),0,0.0,4,2.0,100.0,,43.667047,-79.329472,2017-03-12 16:23:55.947998
13101306,68042,Entire home/apt,,The Beaches (63),6,4.5,2,0.0,96.0,,43.666633,-79.30337,2017-03-12 16:23:55.945759
8642831,45383928,Entire home/apt,,Greenwood-Coxwell (65),5,5.0,3,2.0,96.0,,43.668196,-79.320549,2017-03-12 16:23:55.940216
9942215,2313780,Entire home/apt,,Greenwood-Coxwell (65),0,0.0,2,0.0,92.0,,43.665773,-79.325394,2017-03-12 16:23:55.933354
5997652,6590606,Entire home/apt,,The Beaches (63),1,0.0,3,2.0,100.0,,43.680004,-79.288542,2017-03-12 16:23:55.925575
7133291,18979278,Entire home/apt,,South Riverdale (70),2,0.0,4,2.0,103.0,,43.660589,-79.334832,2017-03-12 16:23:54.802141
9488909,43811612,Entire home/apt,,The Beaches (63),16,4.5,2,1.0,100.0,,43.667162,-79.310538,2017-03-12 16:23:54.795114
6850806,35895978,Entire home/apt,,The Beaches (63),0,0.0,2,0.0,84.0,,43.673492,-79.289177,2017-03-12 16:23:54.787457
15461659,5194741,Entire home/apt,,Forest Hill South (101),1,0.0,3,1.0,92.0,,43.686444,-79.415788,2017-03-12 16:23:52.253441
12583311,48808021,Entire home/apt,,Broadview North (57),0,0.0,5,2.0,100.0,,43.690659,-79.354225,2017-03-12 16:23:52.245108
14024216,83925493,Entire home/apt,,Englemount-Lawrence (32),9,4.5,4,2.0,96.0,,43.722702,-79.433174,2017-03-12 16:23:52.241936
3729517,3382576,Entire home/apt,,Casa Loma (96),19,4.5,2,1.0,91.0,,43.687323,-79.403098,2017-03-12 16:23:51.027536
10930380,19600239,Entire home/apt,,Willowdale West (37),3,5.0,5,3.0,88.0,,43.778018,-79.416692,2017-03-12 16:23:51.024623
3042016,8770784,Entire home/apt,,Humewood-Cedarvale (106),7,5.0,4,2.0,96.0,,43.690184,-79.430385,2017-03-12 16:23:50.170646
9810234,15433871,Entire home/apt,,Banbury-Don Mills (42),2,0.0,4,2.0,102.0,,43.733699,-79.345603,2017-03-12 16:23:50.164682
6478608,14103269,Entire home/apt,,Oakwood Village (107),30,5.0,6,2.0,92.0,,43.687499,-79.436976,2017-03-12 16:23:50.161900
13656334,18292018,Entire home/apt,,Casa Loma (96),0,0.0,2,1.0,92.0,,43.684959,-79.409259,2017-03-12 16:23:50.156275
1720188,4454427,Entire home/apt,,Oakwood Village (107),23,5.0,3,1.0,101.0,,43.684823,-79.436911,2017-03-12 16:23:50.148417
8920098,928202,Entire home/apt,,Casa Loma (96),0,0.0,2,1.0,88.0,,43.68556,-79.408084,2017-03-12 16:23:50.144077
6249126,534666,Entire home/apt,,Willowdale West (37),27,4.5,3,1.0,92.0,,43.768217,-79.412836,2017-03-12 16:23:48.780147
15148315,1816349,Entire home/apt,,Lansing-Westgate (38),6,5.0,4,1.0,91.0,,43.766568,-79.412626,2017-03-12 16:23:48.777421
16485598,55841739,Entire home/apt,,Yonge-St.Clair (97),1,0.0,4,2.0,84.0,,43.687561,-79.396513,2017-03-12 16:23:48.768967
8536891,44944461,Entire home/apt,,Forest Hill South (101),0,0.0,4,1.0,92.0,,43.689488,-79.413715,2017-03-12 16:23:48.766569
15110470,91018202,Entire home/apt,,Casa Loma (96),4,4.0,3,1.0,96.0,,43.68733,-79.411486,2017-03-12 16:23:47.431178
9477591,49123532,Entire home/apt,,Casa Loma (96),0,0.0,6,2.0,99.0,,43.685855,-79.404268,2017-03-12 16:23:47.406395
3139014,4885902,Entire home/apt,,Willowdale West (37),47,4.5,3,1.0,83.0,,43.771114,-79.414794,2017-03-12 16:23:46.111503
16000871,80080748,Entire home/apt,,Lansing-Westgate (38),2,0.0,3,2.0,99.0,,43.759955,-79.412027,2017-03-12 16:23:46.098474
4540126,2506004,Entire home/apt,,University (79),3,5.0,2,1.0,92.0,,43.663577,-79.401823,2017-03-12 16:23:06.030660
16456277,31682604,Entire home/apt,,Waterfront Communities-The Island (77),9,5.0,2,1.0,83.0,,43.642154,-79.380939,2017-03-12 16:23:06.024564
5191678,23808272,Entire home/apt,,Waterfront Communities-The Island (77),94,5.0,3,1.0,84.0,,43.639631,-79.395843,2017-03-12 16:23:04.344558
13993309,1528160,Entire home/apt,,Cabbagetown-South St.James Town (71),8,5.0,2,1.0,88.0,,43.664514,-79.36105,2017-03-12 16:23:04.342264
16513292,83892283,Entire home/apt,,North Riverdale (68),1,0.0,4,2.0,92.0,,43.676073,-79.356882,2017-03-12 16:23:04.338418
5598800,20841116,Entire home/apt,,Bay Street Corridor (76),47,5.0,2,1.0,88.0,,43.649996,-79.381221,2017-03-12 16:23:04.332627
12470600,67493640,Entire home/apt,,Cabbagetown-South St.James Town (71),44,5.0,2,1.0,91.0,,43.663282,-79.365543,2017-03-12 16:23:03.086245
13528484,77752050,Entire home/apt,,Waterfront Communities-The Island (77),14,5.0,2,1.0,84.0,,43.640116,-79.385274,2017-03-12 16:23:03.080471
16068466,104679296,Entire home/apt,,South Riverdale (70),0,0.0,3,1.0,84.0,,43.659418,-79.339612,2017-03-12 16:23:03.065657
9633331,49369788,Entire home/apt,,Church-Yonge Corridor (75),26,4.5,3,2.0,83.0,,43.669637,-79.384745,2017-03-12 16:23:03.062160
16254292,742398,Entire home/apt,,Bay Street Corridor (76),2,0.0,2,1.0,100.0,,43.667355,-79.387655,2017-03-12 16:23:01.527878
16311162,106732184,Entire home/apt,,Waterfront Communities-The Island (77),8,5.0,2,1.0,99.0,,43.644705,-79.401565,2017-03-12 16:23:01.525062
12248198,25226557,Entire home/apt,,Waterfront Communities-The Island (77),0,0.0,2,0.0,84.0,,43.63939,-79.38479,2017-03-12 16:23:01.522117
11941691,63755125,Entire home/apt,,Church-Yonge Corridor (75),79,5.0,2,0.0,103.0,,43.655389,-79.378325,2017-03-12 16:23:01.519160
14153652,85481791,Entire home/apt,,Moss Park (73),7,4.5,2,1.0,97.0,,43.653365,-79.369743,2017-03-12 16:23:01.512723
11421527,59919108,Entire home/apt,,Waterfront Communities-The Island (77),1,0.0,1,1.0,88.0,,43.639174,-79.382379,2017-03-12 16:23:01.506699
16917142,18429221,Entire home/apt,,Waterfront Communities-The Island (77),5,5.0,3,1.0,92.0,,43.643682,-79.376313,2017-03-12 16:23:01.502519
15059600,52269380,Entire home/apt,,Waterfront Communities-The Island (77),29,5.0,4,1.0,103.0,,43.649838,-79.387683,2017-03-12 16:23:01.499784
8105935,37167148,Entire home/apt,,Waterfront Communities-The Island (77),89,5.0,6,1.0,103.0,,43.642672,-79.381513,2017-03-12 16:23:01.492997
13074100,72485492,Entire home/apt,,Church-Yonge Corridor (75),14,4.5,4,1.0,92.0,,43.65311,-79.373719,2017-03-12 16:23:01.490507
15532201,99897711,Entire home/apt,,Church-Yonge Corridor (75),1,0.0,4,2.0,91.0,,43.660597,-79.38251,2017-03-12 16:23:00.224351
16100272,46792890,Entire home/apt,,Waterfront Communities-The Island (77),14,5.0,2,1.0,84.0,,43.641448,-79.383229,2017-03-12 16:23:00.214638
15901997,37034464,Entire home/apt,,Waterfront Communities-The Island (77),1,0.0,4,1.0,94.0,,43.645227,-79.375605,2017-03-12 16:23:00.212478
16564739,109104199,Entire home/apt,,Waterfront Communities-The Island (77),9,5.0,4,1.0,92.0,,43.643318,-79.401651,2017-03-12 16:23:00.206896
3749722,5271985,Entire home/apt,,Waterfront Communities-The Island (77),7,5.0,2,1.0,96.0,,43.642342,-79.376208,2017-03-12 16:23:00.196056
17478873,31611883,Entire home/apt,,Waterfront Communities-The Island (77),2,0.0,3,2.0,103.0,,43.652956,-79.355126,2017-03-12 16:23:00.190786
14773443,3285654,Entire home/apt,,Waterfront Communities-The Island (77),10,5.0,2,1.0,100.0,,43.640471,-79.39447,2017-03-12 16:23:00.187426
8633422,32143053,Entire home/apt,,South Riverdale (70),0,0.0,3,0.0,84.0,,43.673646,-79.329915,2017-03-12 16:22:58.823723
9624234,41727257,Entire home/apt,,Annex (95),7,5.0,4,1.0,91.0,,43.67216,-79.387813,2017-03-12 16:22:58.821045
9826723,50611549,Entire home/apt,,Waterfront Communities-The Island (77),9,5.0,4,0.0,84.0,,43.646578,-79.398779,2017-03-12 16:22:58.817164
2325040,11875277,Entire home/apt,,South Riverdale (70),12,5.0,2,1.0,88.0,,43.66024,-79.351384,2017-03-12 16:22:58.814125
9185851,398697,Entire home/apt,,South Riverdale (70),18,5.0,4,1.0,92.0,,43.662034,-79.341752,2017-03-12 16:22:58.807411
9792639,50468702,Entire home/apt,,Church-Yonge Corridor (75),83,5.0,6,2.0,88.0,,43.661288,-79.376607,2017-03-12 16:22:58.799781
2815922,4114020,Entire home/apt,,Waterfront Communities-The Island (77),132,5.0,5,2.0,88.0,,43.646604,-79.386047,2017-03-12 16:22:58.793303
12703455,49270488,Entire home/apt,,Waterfront Communities-The Island (77),96,5.0,3,1.0,92.0,,43.643078,-79.380655,2017-03-12 16:22:58.786358
6887449,4961499,Entire home/apt,,Waterfront Communities-The Island (77),20,5.0,2,1.0,99.0,,43.644298,-79.40091,2017-03-12 16:22:57.518427
13712967,4468755,Entire home/apt,,Playter Estates-Danforth (67),3,4.5,4,2.0,99.0,,43.678069,-79.361156,2017-03-12 16:22:57.514054
7762779,4671031,Entire home/apt,,Waterfront Communities-The Island (77),27,4.5,3,1.0,91.0,,43.64167,-79.372932,2017-03-12 16:22:57.509475
4423410,15942957,Entire home/apt,,Waterfront Communities-The Island (77),122,5.0,4,2.0,91.0,,43.647085,-79.397899,2017-03-12 16:22:57.504872
10822225,1769386,Entire home/apt,,Moss Park (73),33,5.0,2,1.0,101.0,,43.652612,-79.370605,2017-03-12 16:22:57.495396
15802031,10724994,Entire home/apt,,Waterfront Communities-The Island (77),10,5.0,4,1.0,88.0,,43.643622,-79.392927,2017-03-12 16:22:57.493276
8838621,4486433,Entire home/apt,,Annex (95),31,5.0,2,0.0,100.0,,43.671106,-79.39431,2017-03-12 16:22:57.490355
13435083,12066449,Entire home/apt,,Waterfront Communities-The Island (77),17,5.0,4,1.0,95.0,,43.643098,-79.380558,2017-03-12 16:22:56.259816
17220350,115947705,Entire home/apt,,Waterfront Communities-The Island (77),1,0.0,2,1.0,92.0,,43.641633,-79.384871,2017-03-12 16:22:56.257451
15509855,99646711,Entire home/apt,,Kensington-Chinatown (78),11,5.0,3,1.0,84.0,,43.653697,-79.390559,2017-03-12 16:22:56.248104
6431054,10909913,Entire home/apt,,North Riverdale (68),0,0.0,2,1.0,96.0,,43.66956,-79.346936,2017-03-12 16:22:56.244929
15476706,9217653,Entire home/apt,,The Beaches (63),2,0.0,2,1.0,88.0,,43.670283,-79.300959,2017-03-12 16:22:56.240449
13367812,68123525,Entire home/apt,,Blake-Jones (69),0,0.0,2,1.0,96.0,,43.677755,-79.336323,2017-03-12 16:22:56.230141
9739179,22629251,Entire home/apt,,Waterfront Communities-The Island (77),59,5.0,3,1.0,100.0,,43.648565,-79.387484,2017-03-12 16:22:56.225634
15081835,6428755,Entire home/apt,,Annex (95),8,5.0,2,1.0,97.0,,43.671331,-79.395064,2017-03-12 16:22:54.764125
15111967,12691611,Entire home/apt,,Waterfront Communities-The Island (77),38,5.0,2,1.0,84.0,,43.642791,-79.381314,2017-03-12 16:22:54.755942
13649981,79256368,Entire home/apt,,The Beaches (63),22,5.0,7,2.0,99.0,,43.677129,-79.289872,2017-03-12 16:22:54.747606
6654427,26753094,Entire home/apt,,Church-Yonge Corridor (75),119,5.0,2,1.0,84.0,,43.662442,-79.379073,2017-03-12 16:22:53.345911
12605193,31620549,Entire home/apt,,Niagara (82),57,4.5,2,1.0,84.0,,43.636869,-79.40446,2017-03-12 16:22:53.332683
16417876,103128024,Entire home/apt,,Waterfront Communities-The Island (77),3,5.0,2,1.0,100.0,,43.637779,-79.398612,2017-03-12 16:22:53.330157
3041017,15484376,Entire home/apt,,Cabbagetown-South St.James Town (71),146,5.0,3,1.0,98.0,,43.665838,-79.376798,2017-03-12 16:22:53.326806
15409864,96354177,Entire home/apt,,Waterfront Communities-The Island (77),15,5.0,2,1.0,96.0,,43.640308,-79.383804,2017-03-12 16:22:51.766874
17158410,112140040,Entire home/apt,,Waterfront Communities-The Island (77),4,5.0,3,1.0,88.0,,43.642024,-79.399556,2017-03-12 16:22:51.762718
5916526,29171693,Entire home/apt,,Waterfront Communities-The Island (77),143,4.5,5,1.0,103.0,,43.642205,-79.370495,2017-03-12 16:22:51.741583
12469602,14749364,Entire home/apt,,The Beaches (63),19,5.0,4,1.0,92.0,,43.670298,-79.290676,2017-03-12 16:22:50.681812
14076345,84584477,Entire home/apt,,The Beaches (63),13,4.5,4,2.0,91.0,,43.672314,-79.288309,2017-03-12 16:22:50.679241
2885993,14749364,Entire home/apt,,The Beaches (63),51,5.0,4,1.0,92.0,,43.670794,-79.291933,2017-03-12 16:22:50.676374
6678540,34957007,Entire home/apt,,Church-Yonge Corridor (75),1,0.0,2,0.0,96.0,,43.66855,-79.384292,2017-03-12 16:22:50.668411
16031912,104298611,Entire home/apt,,Church-Yonge Corridor (75),0,0.0,2,1.0,92.0,,43.655781,-79.37468,2017-03-12 16:22:50.664800
7173803,17211845,Entire home/apt,,Broadview North (57),2,0.0,4,2.0,97.0,,43.687107,-79.355325,2017-03-12 16:22:50.658124
7021706,1588402,Entire home/apt,,Greenwood-Coxwell (65),14,4.5,3,1.0,103.0,,43.68199,-79.326555,2017-03-12 16:22:50.654201
12125860,65059839,Entire home/apt,,Playter Estates-Danforth (67),0,0.0,4,2.0,84.0,,43.678635,-79.346562,2017-03-12 16:22:49.230252
1810146,9484002,Entire home/apt,,Little Portugal (84),56,5.0,4,2.0,84.0,,43.651468,-79.435513,2017-03-12 16:26:50.063288
14111558,56228412,Entire home/apt,,Dovercourt-Wallace Emerson-Junction (93),13,5.0,6,2.0,96.0,,43.663698,-79.426408,2017-03-12 16:26:50.058135
16853797,109784388,Entire home/apt,,Little Portugal (84),9,4.5,7,2.0,91.0,,43.650439,-79.435241,2017-03-12 16:26:50.053826
13487295,76595320,Entire home/apt,,Palmerston-Little Italy (80),1,0.0,3,1.0,100.0,,43.65575,-79.421465,2017-03-12 16:26:50.050922
16344046,1112593,Entire home/apt,,Palmerston-Little Italy (80),4,5.0,4,2.0,96.0,,43.662137,-79.42127,2017-03-12 16:26:50.041678
8763178,20408425,Entire home/apt,,Little Portugal (84),41,5.0,4,2.0,96.0,,43.651218,-79.427136,2017-03-12 16:26:49.072389
6207209,1200367,Entire home/apt,,Dovercourt-Wallace Emerson-Junction (93),9,5.0,2,1.0,88.0,,43.666156,-79.453917,2017-03-12 16:26:49.067989
15917129,18478858,Entire home/apt,,Corso Italia-Davenport (92),3,5.0,4,1.0,96.0,,43.678914,-79.440342,2017-03-12 16:26:49.059865
5103809,2973164,Entire home/apt,,Palmerston-Little Italy (80),9,5.0,4,1.0,98.0,,43.658441,-79.424059,2017-03-12 16:26:49.046898
15774267,102016257,Entire home/apt,,Dovercourt-Wallace Emerson-Junction (93),27,5.0,7,3.0,90.0,,43.664772,-79.435014,2017-03-12 16:26:47.560632
12009702,2298690,Entire home/apt,,Waterfront Communities-The Island (77),6,4.5,3,1.0,100.0,,43.645322,-79.394379,2017-03-12 16:26:46.403609
13708724,77895752,Entire home/apt,,Waterfront Communities-The Island (77),4,5.0,2,0.0,100.0,,43.644478,-79.396756,2017-03-12 16:26:46.398983
10990707,5216926,Entire home/apt,,Palmerston-Little Italy (80),0,0.0,3,2.0,103.0,,43.659264,-79.413734,2017-03-12 16:26:46.383861
13295719,16290105,Entire home/apt,,Waterfront Communities-The Island (77),0,0.0,4,2.0,91.0,,43.647845,-79.392045,2017-03-12 16:26:46.377146
8760420,44091377,Entire home/apt,,Waterfront Communities-The Island (77),7,4.5,2,1.0,91.0,,43.646558,-79.395817,2017-03-12 16:26:43.463681
8106961,13060361,Entire home/apt,,Waterfront Communities-The Island (77),1,0.0,2,1.0,88.0,,43.643785,-79.400226,2017-03-12 16:26:43.452079
146601,436139,Entire home/apt,,Waterfront Communities-The Island (77),7,5.0,3,1.0,92.0,,43.645509,-79.392743,2017-03-12 16:26:43.449067
12937726,12764178,Entire home/apt,,Bay Street Corridor (76),16,4.5,4,1.0,91.0,,43.661321,-79.385816,2017-03-12 16:26:43.444713
7069421,36785263,Entire home/apt,,Palmerston-Little Italy (80),26,4.5,4,1.0,92.0,,43.655807,-79.412868,2017-03-12 16:26:43.438552
8272761,32026372,Entire home/apt,,University (79),2,0.0,4,1.0,84.0,,43.659395,-79.407268,2017-03-12 16:26:42.159532
9549967,7139214,Entire home/apt,,Waterfront Communities-The Island (77),2,0.0,3,1.0,96.0,,43.644206,-79.392878,2017-03-12 16:26:42.148434
17423795,110986914,Entire home/apt,,Waterfront Communities-The Island (77),1,0.0,5,2.0,83.0,,43.644259,-79.392987,2017-03-12 16:26:42.146154
13680285,685390,Entire home/apt,,Kensington-Chinatown (78),6,4.5,4,1.0,98.0,,43.651195,-79.391894,2017-03-12 16:26:42.140379
6687320,2546729,Entire home/apt,,Trinity-Bellwoods (81),0,0.0,2,1.0,102.0,,43.64665,-79.407257,2017-03-12 16:26:42.133209
7916554,36723458,Entire home/apt,,Niagara (82),3,4.5,2,1.0,92.0,,43.644637,-79.407508,2017-03-12 16:26:40.720175
3852938,442198,Entire home/apt,,Waterfront Communities-The Island (77),1,0.0,2,1.0,88.0,,43.644113,-79.402179,2017-03-12 16:26:40.717275
9904168,20573606,Entire home/apt,,Waterfront Communities-The Island (77),2,0.0,3,2.0,100.0,,43.64371,-79.391519,2017-03-12 16:26:39.431766
6813733,32160364,Entire home/apt,,Waterfront Communities-The Island (77),0,0.0,2,1.0,92.0,,43.643779,-79.401233,2017-03-12 16:26:39.425381
464313,2307239,Entire home/apt,,Waterfront Communities-The Island (77),24,5.0,4,1.0,84.0,,43.644275,-79.402683,2017-03-12 16:26:39.422433
15642297,19181503,Entire home/apt,,Waterfront Communities-The Island (77),8,5.0,3,2.0,102.0,,43.646702,-79.397699,2017-03-12 16:26:39.401989
8133195,42945422,Entire home/apt,,Kensington-Chinatown (78),2,0.0,3,1.0,88.0,,43.64983,-79.391944,2017-03-12 16:26:38.564432
7774544,29171693,Entire home/apt,,Waterfront Communities-The Island (77),125,4.5,4,1.0,89.0,,43.646134,-79.39169,2017-03-12 16:26:38.552736
8132022,10732639,Entire home/apt,,Niagara (82),4,5.0,2,1.0,96.0,,43.644673,-79.416064,2017-03-12 16:26:38.550545
9385368,20780553,Entire home/apt,,Waterfront Communities-The Island (77),4,4.5,2,1.0,92.0,,43.64556,-79.398694,2017-03-12 16:26:37.024136
17379894,3542296,Entire home/apt,,Waterfront Communities-The Island (77),0,0.0,4,1.0,94.0,,43.646553,-79.398685,2017-03-12 16:26:36.996630
16435970,33238402,Entire home/apt,,Waterfront Communities-The Island (77),15,5.0,6,2.0,91.0,,43.644721,-79.390301,2017-03-12 16:26:36.990338
13462104,9484553,Entire home/apt,,Waterfront Communities-The Island (77),1,0.0,2,1.0,92.0,,43.644343,-79.401068,2017-03-12 16:26:35.487178
11927303,63657593,Entire home/apt,,Waterfront Communities-The Island (77),2,0.0,4,2.0,84.0,,43.646291,-79.401582,2017-03-12 16:26:35.482880
5750623,164481,Entire home/apt,,Trinity-Bellwoods (81),47,4.5,4,1.0,88.0,,43.645784,-79.411232,2017-03-12 16:26:35.477958
5050864,69432,Entire home/apt,,Kensington-Chinatown (78),36,4.5,3,1.0,84.0,,43.652912,-79.40436,2017-03-12 16:26:35.475025
7893540,41617490,Entire home/apt,,Waterfront Communities-The Island (77),1,0.0,2,1.0,92.0,,43.643555,-79.401542,2017-03-12 16:26:35.463343
15049603,35422558,Entire home/apt,,Waterfront Communities-The Island (77),4,4.5,2,0.0,96.0,,43.645734,-79.391313,2017-03-12 16:26:35.456570
13429306,2894790,Entire home/apt,,Waterfront Communities-The Island (77),5,5.0,2,1.0,88.0,,43.644771,-79.401792,2017-03-12 16:26:35.450032
15517968,99735167,Entire home/apt,,Waterfront Communities-The Island (77),2,0.0,2,1.0,84.0,,43.643806,-79.393418,2017-03-12 16:26:35.440013
16312217,106739849,Entire home/apt,,Waterfront Communities-The Island (77),0,0.0,2,1.0,99.0,,43.643485,-79.400536,2017-03-12 16:26:35.435877
9921186,51003713,Entire home/apt,,Trinity-Bellwoods (81),12,5.0,5,1.0,99.0,,43.655227,-79.411369,2017-03-12 16:26:34.103444
13758663,1684087,Entire home/apt,,Waterfront Communities-The Island (77),5,5.0,2,1.0,103.0,,43.643978,-79.390159,2017-03-12 16:26:34.099369
15984284,103856725,Entire home/apt,,Kensington-Chinatown (78),0,0.0,2,1.0,96.0,,43.649763,-79.399489,2017-03-12 16:26:34.096318
5608011,9197467,Entire home/apt,,Waterfront Communities-The Island (77),32,5.0,2,1.0,83.0,,43.64577,-79.394241,2017-03-12 16:26:34.080487
17022842,105269100,Entire home/apt,,Trinity-Bellwoods (81),8,5.0,3,0.0,83.0,,43.645249,-79.416755,2017-03-12 16:26:32.573051
7083259,37137288,Entire home/apt,,Niagara (82),2,0.0,4,1.0,97.0,,43.64384,-79.404801,2017-03-12 16:26:32.567844
13900256,68250714,Entire home/apt,,Annex (95),18,4.5,4,1.0,84.0,,43.666186,-79.407062,2017-03-12 16:26:31.274887
6219856,23222750,Entire home/apt,,Trinity-Bellwoods (81),47,5.0,2,1.0,83.0,,43.646008,-79.412512,2017-03-12 16:26:30.251720
15222379,1125126,Entire home/apt,,Waterfront Communities-The Island (77),3,4.5,6,1.0,88.0,,43.647184,-79.394904,2017-03-12 16:26:30.226770
12913914,38612727,Entire home/apt,,Waterfront Communities-The Island (77),12,5.0,3,1.0,84.0,,43.64871,-79.393552,2017-03-12 16:26:28.390068
16858678,4793411,Entire home/apt,,Waterfront Communities-The Island (77),4,5.0,4,1.0,84.0,,43.647772,-79.400223,2017-03-12 16:26:28.383654
7161172,37503613,Entire home/apt,,Trinity-Bellwoods (81),50,4.5,4,1.0,100.0,,43.647839,-79.406047,2017-03-12 16:26:27.039416
16441564,107819735,Entire home/apt,,Trinity-Bellwoods (81),11,5.0,7,3.0,103.0,,43.647417,-79.408824,2017-03-12 16:26:22.544694
7937282,17225676,Entire home/apt,,Moss Park (73),0,0.0,3,1.0,102.0,,43.653081,-79.371899,2017-03-12 16:26:20.335924
11911187,22219593,Entire home/apt,,Bay Street Corridor (76),32,4.5,3,1.0,92.0,,43.665999,-79.386035,2017-03-12 16:26:20.332226
4112744,21339871,Entire home/apt,,Waterfront Communities-The Island (77),135,5.0,3,1.0,103.0,,43.645276,-79.385412,2017-03-12 16:26:19.365372
3554364,17896417,Entire home/apt,,Waterfront Communities-The Island (77),9,5.0,2,1.0,84.0,,43.646652,-79.389885,2017-03-12 16:26:19.344704
10298911,35251305,Entire home/apt,,Bay Street Corridor (76),0,0.0,1,1.0,92.0,,43.665834,-79.389356,2017-03-12 16:26:18.031534
3756374,17014413,Entire home/apt,,Moss Park (73),10,5.0,4,1.0,84.0,,43.652118,-79.367673,2017-03-12 16:26:18.028938
11122809,51943705,Entire home/apt,,Bay Street Corridor (76),48,4.5,2,1.0,103.0,,43.655055,-79.386248,2017-03-12 16:26:18.022249
7432414,38928573,Entire home/apt,,Moss Park (73),12,4.5,3,1.0,100.0,,43.650225,-79.370582,2017-03-12 16:26:18.015391
5708414,29595867,Entire home/apt,,Church-Yonge Corridor (75),8,4.5,2,1.0,91.0,,43.649032,-79.376706,2017-03-12 16:26:16.728629
4714680,8220548,Entire home/apt,,Waterfront Communities-The Island (77),0,0.0,2,1.0,100.0,,43.648486,-79.366594,2017-03-12 16:26:16.719420
14121467,11402506,Entire home/apt,,Bay Street Corridor (76),4,5.0,2,2.0,103.0,,43.654553,-79.382445,2017-03-12 16:26:16.711919
13827585,1718194,Entire home/apt,,Waterfront Communities-The Island (77),1,0.0,4,1.0,100.0,,43.644548,-79.389882,2017-03-12 16:26:15.298225
8257465,43544823,Entire home/apt,,Bay Street Corridor (76),46,4.5,3,1.0,96.0,,43.660656,-79.387361,2017-03-12 16:26:15.295472
6079693,4032576,Entire home/apt,,Waterfront Communities-The Island (77),5,4.5,3,1.0,93.0,,43.645155,-79.389706,2017-03-12 16:26:15.286900
10122730,44925613,Entire home/apt,,Waterfront Communities-The Island (77),28,5.0,4,1.0,100.0,,43.648165,-79.387202,2017-03-12 16:26:15.279080
14321966,3676378,Entire home/apt,,Waterfront Communities-The Island (77),3,5.0,4,1.0,92.0,,43.648774,-79.389098,2017-03-12 16:26:15.276261
15127274,85509427,Entire home/apt,,Waterfront Communities-The Island (77),26,5.0,7,2.0,103.0,,43.645237,-79.388882,2017-03-12 16:26:13.850225
11908666,32088912,Entire home/apt,,Waterfront Communities-The Island (77),34,5.0,2,1.0,91.0,,43.64387,-79.381211,2017-03-12 16:26:13.833672
9773230,38700533,Entire home/apt,,Waterfront Communities-The Island (77),14,5.0,2,1.0,84.0,,43.644885,-79.390782,2017-03-12 16:26:13.822512
4967718,8269579,Entire home/apt,,Waterfront Communities-The Island (77),53,5.0,4,1.0,91.0,,43.644946,-79.389973,2017-03-12 16:26:13.819748
8239042,16567978,Entire home/apt,,Waterfront Communities-The Island (77),52,4.5,5,0.0,102.0,,43.643523,-79.380036,2017-03-12 16:26:13.816690
5706338,5654644,Entire home/apt,,Kensington-Chinatown (78),11,4.5,3,1.0,92.0,,43.65099,-79.388687,2017-03-12 16:26:12.758711
7420639,8726868,Entire home/apt,,Waterfront Communities-The Island (77),0,0.0,3,1.0,100.0,,43.643899,-79.375353,2017-03-12 16:26:12.754509
11680705,61404130,Entire home/apt,,Waterfront Communities-The Island (77),1,0.0,1,1.0,84.0,,43.643916,-79.379913,2017-03-12 16:26:12.750542
7292777,38193284,Entire home/apt,,Church-Yonge Corridor (75),21,4.5,2,0.0,103.0,,43.653844,-79.378229,2017-03-12 16:26:12.735120
16016664,1485869,Entire home/apt,,Moss Park (73),3,5.0,5,1.0,92.0,,43.653628,-79.360222,2017-03-12 16:26:11.448484
985498,5407081,Entire home/apt,,Waterfront Communities-The Island (77),58,5.0,2,1.0,83.0,,43.643538,-79.390462,2017-03-12 16:26:11.440880
7228027,37039738,Entire home/apt,,Waterfront Communities-The Island (77),1,0.0,2,1.0,103.0,,43.644947,-79.375775,2017-03-12 16:26:11.437245
15166796,90133562,Entire home/apt,,Waterfront Communities-The Island (77),0,0.0,3,1.0,99.0,,43.649628,-79.388457,2017-03-12 16:26:11.433734
14371327,79330274,Entire home/apt,,Waterfront Communities-The Island (77),0,0.0,4,1.0,100.0,,43.645071,-79.376577,2017-03-12 16:26:11.429605
12955807,1099529,Entire home/apt,,Waterfront Communities-The Island (77),4,5.0,2,1.0,92.0,,43.649352,-79.388443,2017-03-12 16:26:11.425503
15755959,363432,Entire home/apt,,Bay Street Corridor (76),7,5.0,2,1.0,92.0,,43.650186,-79.387187,2017-03-12 16:26:11.421877
10367246,484997,Entire home/apt,,Moss Park (73),13,5.0,4,1.0,92.0,,43.65384,-79.368262,2017-03-12 16:26:11.419501
5758430,29871967,Entire home/apt,,Waterfront Communities-The Island (77),135,5.0,4,1.0,100.0,,43.643882,-79.389953,2017-03-12 16:26:10.730519
2429122,1893345,Entire home/apt,,Waterfront Communities-The Island (77),126,4.5,4,1.0,91.0,,43.645805,-79.387855,2017-03-12 16:26:10.718920
13623582,15670254,Entire home/apt,,Waterfront Communities-The Island (77),6,5.0,2,1.0,99.0,,43.646308,-79.37667,2017-03-12 16:26:10.709132
6948073,32835019,Entire home/apt,,Moss Park (73),7,4.5,2,1.0,96.0,,43.652734,-79.369495,2017-03-12 16:26:08.910801
9226638,4001410,Entire home/apt,,Waterfront Communities-The Island (77),60,5.0,3,1.0,96.0,,43.648917,-79.387842,2017-03-12 16:26:08.892617
12849169,32452753,Entire home/apt,,Bay Street Corridor (76),1,0.0,1,0.0,102.0,,43.668051,-79.388112,2017-03-12 16:25:59.418762
6103899,5037953,Entire home/apt,,Annex (95),0,0.0,3,1.0,84.0,,43.67333,-79.412918,2017-03-12 16:25:59.413395
10036627,51092407,Entire home/apt,,Rosedale-Moore Park (98),0,0.0,4,2.0,98.0,,43.691859,-79.394038,2017-03-12 16:25:59.409650
7775904,6325140,Entire home/apt,,Annex (95),5,5.0,4,1.0,96.0,,43.670048,-79.393723,2017-03-12 16:25:57.819438
14754401,51770676,Entire home/apt,,Annex (95),2,0.0,2,0.0,84.0,,43.668579,-79.407188,2017-03-12 16:25:56.627114
6784450,9210152,Entire home/apt,,Yonge-St.Clair (97),0,0.0,2,1.0,99.0,,43.680777,-79.398749,2017-03-12 16:25:55.175334
987647,3258547,Entire home/apt,,Rosedale-Moore Park (98),14,4.5,2,1.0,103.0,,43.685094,-79.383876,2017-03-12 16:25:50.229231
15022502,36823972,Entire home/apt,,Bay Street Corridor (76),0,0.0,3,1.0,92.0,,43.66885,-79.390032,2017-03-12 16:25:50.219152
10098509,7139214,Entire home/apt,,Cabbagetown-South St.James Town (71),0,0.0,3,1.0,96.0,,43.673099,-79.366663,2017-03-12 16:25:48.694126
9051109,47224701,Entire home/apt,,Annex (95),5,5.0,2,1.0,97.0,,43.672961,-79.389488,2017-03-12 16:25:47.342159
9759309,710982,Entire home/apt,,Cabbagetown-South St.James Town (71),2,0.0,6,2.0,83.0,,43.666582,-79.366734,2017-03-12 16:25:46.064909
8867617,22698571,Entire home/apt,,Church-Yonge Corridor (75),0,0.0,3,2.0,92.0,,43.653022,-79.377101,2017-03-12 16:25:43.843661
1625412,2783292,Entire home/apt,,Kensington-Chinatown (78),30,4.5,2,1.0,84.0,,43.654892,-79.390598,2017-03-12 16:25:43.836129
6636581,34736254,Entire home/apt,,Moss Park (73),9,4.5,2,1.0,84.0,,43.651207,-79.369797,2017-03-12 16:25:43.832162
7912118,21255450,Entire home/apt,,Waterfront Communities-The Island (77),2,0.0,2,1.0,96.0,,43.648336,-79.389917,2017-03-12 16:25:43.812365
7063705,37037903,Entire home/apt,,Moss Park (73),0,0.0,2,1.0,99.0,,43.650979,-79.368665,2017-03-12 16:25:40.378364
2906218,14845797,Entire home/apt,,Kensington-Chinatown (78),80,5.0,2,1.0,99.0,,43.656136,-79.404142,2017-03-12 16:25:40.373307
5833038,10565942,Entire home/apt,,Moss Park (73),6,4.5,2,1.0,100.0,,43.653029,-79.370339,2017-03-12 16:25:40.363901
2251738,483191,Entire home/apt,,Church-Yonge Corridor (75),11,5.0,2,1.0,88.0,,43.652625,-79.373412,2017-03-12 16:25:40.359472
5305788,18599151,Entire home/apt,,Moss Park (73),83,5.0,4,2.0,103.0,,43.653723,-79.366612,2017-03-12 16:25:40.356162
10020322,37354568,Entire home/apt,,Church-Yonge Corridor (75),0,0.0,4,2.0,88.0,,43.663791,-79.383261,2017-03-12 16:25:40.346454
50110,195095,Entire home/apt,,Church-Yonge Corridor (75),23,4.5,3,1.0,92.0,,43.668986,-79.385477,2017-03-12 16:25:40.343109
3540655,815455,Entire home/apt,,Kensington-Chinatown (78),2,0.0,2,1.0,94.0,,43.650975,-79.391866,2017-03-12 16:25:39.155783
12545726,26631575,Entire home/apt,,Bay Street Corridor (76),3,4.5,2,0.0,84.0,,43.653122,-79.379614,2017-03-12 16:25:39.152152
2988568,14761152,Entire home/apt,,Palmerston-Little Italy (80),16,5.0,4,2.0,96.0,,43.660408,-79.41017,2017-03-12 16:25:39.141901
6730812,17762192,Entire home/apt,,Kensington-Chinatown (78),11,5.0,2,1.0,96.0,,43.649831,-79.40494,2017-03-12 16:25:39.139601
14556441,77940340,Entire home/apt,,University (79),3,5.0,4,1.0,91.0,,43.661014,-79.393035,2017-03-12 16:25:39.134990
5611320,19441523,Entire home/apt,,Waterfront Communities-The Island (77),29,5.0,3,1.0,92.0,,43.648296,-79.391775,2017-03-12 16:25:38.441947
10886233,7028492,Entire home/apt,,Annex (95),0,0.0,3,1.0,96.0,,43.670933,-79.402569,2017-03-12 16:25:38.437395
17344938,687621,Entire home/apt,,Kensington-Chinatown (78),1,0.0,2,2.0,96.0,,43.654309,-79.401991,2017-03-12 16:25:38.435202
14063193,16113742,Entire home/apt,,Annex (95),8,5.0,4,1.0,92.0,,43.669802,-79.401305,2017-03-12 16:25:38.433014
10086166,14558558,Entire home/apt,,Church-Yonge Corridor (75),2,0.0,3,1.0,100.0,,43.668652,-79.384953,2017-03-12 16:25:38.418336
16881896,112566668,Entire home/apt,,Bay Street Corridor (76),0,0.0,5,2.0,95.0,,43.649856,-79.386339,2017-03-12 16:25:38.415716
14769025,49410148,Entire home/apt,,Kensington-Chinatown (78),12,4.5,3,1.0,103.0,,43.652185,-79.39071,2017-03-12 16:25:38.412160
1869711,314617,Entire home/apt,,Moss Park (73),108,4.5,4,1.0,91.0,,43.656169,-79.370834,2017-03-12 16:25:36.865767
5571091,910411,Entire home/apt,,Palmerston-Little Italy (80),0,0.0,2,1.0,99.0,,43.659454,-79.413021,2017-03-12 16:25:36.863514
6100937,379389,Entire home/apt,,Kensington-Chinatown (78),0,0.0,4,2.0,96.0,,43.653104,-79.399364,2017-03-12 16:25:35.615749
3326056,2403910,Entire home/apt,,Cabbagetown-South St.James Town (71),6,4.5,4,1.0,96.0,,43.66524,-79.37468,2017-03-12 16:25:35.613002
16887987,109784388,Entire home/apt,,Trinity-Bellwoods (81),6,4.5,6,2.0,91.0,,43.652082,-79.408284,2017-03-12 16:25:35.610616
16382985,16925504,Entire home/apt,,Casa Loma (96),7,5.0,5,2.0,84.0,,43.68028,-79.412962,2017-03-12 16:25:35.605108
17022331,16947213,Entire home/apt,,Bay Street Corridor (76),1,0.0,5,1.0,96.0,,43.661132,-79.385878,2017-03-12 16:25:35.596004
14488682,52269380,Entire home/apt,,Kensington-Chinatown (78),27,5.0,6,2.0,103.0,,43.651488,-79.387301,2017-03-12 16:25:35.584938
16227624,106041456,Entire home/apt,,Church-Yonge Corridor (75),1,0.0,2,1.0,92.0,,43.654363,-79.379904,2017-03-12 16:25:34.166033
15328450,97698112,Entire home/apt,,Bay Street Corridor (76),11,5.0,4,1.0,100.0,,43.651335,-79.380969,2017-03-12 16:25:32.790139
5030070,14450656,Entire home/apt,,Kensington-Chinatown (78),29,5.0,4,1.0,92.0,,43.653701,-79.390314,2017-03-12 16:25:32.779417
17237316,23496085,Entire home/apt,,Bay Street Corridor (76),2,0.0,3,1.0,96.0,,43.653582,-79.384253,2017-03-12 16:25:32.775044
13715610,2362845,Entire home/apt,,Moss Park (73),8,5.0,4,1.0,91.0,,43.658572,-79.369208,2017-03-12 16:25:32.767715
6799833,35595338,Entire home/apt,,Annex (95),4,5.0,2,1.0,91.0,,43.675014,-79.394997,2017-03-12 16:25:31.623568
12213907,742398,Entire home/apt,,Annex (95),0,0.0,2,1.0,100.0,,43.671482,-79.395009,2017-03-12 16:25:30.230783
13134364,73165769,Entire home/apt,,Kensington-Chinatown (78),49,4.5,6,2.0,100.0,,43.653045,-79.400165,2017-03-12 16:25:30.225760
9629873,49805609,Entire home/apt,,Kensington-Chinatown (78),11,4.5,2,1.0,97.0,,43.651178,-79.401161,2017-03-12 16:25:29.223224
6704849,35097889,Entire home/apt,,Annex (95),11,5.0,2,1.0,100.0,,43.674905,-79.395815,2017-03-12 16:25:29.216212
16753370,63155003,Entire home/apt,,Annex (95),0,0.0,2,0.0,84.0,,43.672835,-79.389318,2017-03-12 16:25:27.970245
15988502,103895855,Entire home/apt,,University (79),29,4.5,5,2.0,100.0,,43.664915,-79.408701,2017-03-12 16:25:24.144841
11144726,22459555,Entire home/apt,,Corso Italia-Davenport (92),24,5.0,8,4.0,92.0,,43.681336,-79.444681,2017-03-12 16:25:17.829693
16056898,22025684,Entire home/apt,,Caledonia-Fairbank (109),0,0.0,6,2.0,96.0,,43.69024,-79.450732,2017-03-12 16:25:16.575345
16324169,104146034,Entire home/apt,,Yorkdale-Glen Park (31),1,0.0,3,2.0,93.0,,43.715538,-79.453748,2017-03-12 16:25:16.544529
5984621,31071314,Entire home/apt,,Bay Street Corridor (76),11,5.0,2,1.0,96.0,,43.662244,-79.383938,2017-03-12 16:25:10.262136
8868714,19748496,Entire home/apt,,Kensington-Chinatown (78),20,5.0,2,1.0,83.0,,43.658573,-79.396354,2017-03-12 16:25:10.257156
13379764,1700798,Entire home/apt,,North St.James Town (74),1,0.0,3,1.0,103.0,,43.667898,-79.375908,2017-03-12 16:25:10.254220
12062018,64615527,Entire home/apt,,Bay Street Corridor (76),38,5.0,3,0.0,88.0,,43.657035,-79.386163,2017-03-12 16:25:10.244971
5860013,11127708,Entire home/apt,,Wychwood (94),1,0.0,4,2.0,92.0,,43.678091,-79.417433,2017-03-12 16:25:10.240014
13373161,26584155,Entire home/apt,,Dovercourt-Wallace Emerson-Junction (93),1,0.0,6,2.0,96.0,,43.668093,-79.433179,2017-03-12 16:25:10.230051
13044468,10684110,Entire home/apt,,Dufferin Grove (83),5,5.0,6,2.0,103.0,,43.660743,-79.430116,2017-03-12 16:25:10.226902
11570872,12764178,Entire home/apt,,Bay Street Corridor (76),10,4.0,4,1.0,88.0,,43.667967,-79.387954,2017-03-12 16:25:07.857606
13731309,30605069,Entire home/apt,,Palmerston-Little Italy (80),7,5.0,5,3.0,88.0,,43.656975,-79.423111,2017-03-12 16:25:07.855541
7914461,1089663,Entire home/apt,,Kensington-Chinatown (78),11,5.0,4,1.0,91.0,,43.656479,-79.400533,2017-03-12 16:25:07.850138
117901,534666,Entire home/apt,,Bay Street Corridor (76),109,4.5,3,1.0,92.0,,43.661515,-79.386253,2017-03-12 16:25:07.841974
14533355,89876164,Entire home/apt,,North St.James Town (74),4,5.0,2,1.0,88.0,,43.671251,-79.375972,2017-03-12 16:25:07.839009
6678430,34955357,Entire home/apt,,Bay Street Corridor (76),2,0.0,3,2.0,100.0,,43.660866,-79.386977,2017-03-12 16:25:07.836217
13789538,38356127,Entire home/apt,,Dovercourt-Wallace Emerson-Junction (93),9,5.0,4,1.0,96.0,,43.66173,-79.429068,2017-03-12 16:25:07.827008
7220702,34950992,Entire home/apt,,University (79),7,4.5,2,1.0,99.0,,43.66635,-79.403644,2017-03-12 16:25:07.819584
6622261,3832476,Entire home/apt,,Casa Loma (96),0,0.0,6,3.0,99.0,,43.679527,-79.41682,2017-03-12 16:25:05.939607
13815871,34075107,Entire home/apt,,Annex (95),6,4.5,5,2.0,85.0,,43.672207,-79.397683,2017-03-12 16:25:05.929848
7938569,5811212,Entire home/apt,,Dufferin Grove (83),2,0.0,4,2.0,100.0,,43.655251,-79.443098,2017-03-12 16:25:05.919014
10983779,6739062,Entire home/apt,,Annex (95),2,0.0,3,1.0,92.0,,43.670333,-79.386887,2017-03-12 16:25:04.836473
8760443,4763862,Entire home/apt,,Annex (95),11,4.5,5,3.0,103.0,,43.669962,-79.419142,2017-03-12 16:25:04.824478
10086500,47329425,Entire home/apt,,Palmerston-Little Italy (80),11,4.5,4,2.0,101.0,,43.663342,-79.41718,2017-03-12 16:25:04.819514
2614618,3168958,Entire home/apt,,Palmerston-Little Italy (80),7,4.5,2,1.0,88.0,,43.663236,-79.418589,2017-03-12 16:25:04.811299
69464,195095,Entire home/apt,,Rosedale-Moore Park (98),13,5.0,3,1.0,92.0,,43.670942,-79.385807,2017-03-12 16:25:03.300120
5770486,3298196,Entire home/apt,,Trinity-Bellwoods (81),13,5.0,2,1.0,84.0,,43.654635,-79.416364,2017-03-12 16:25:03.289063
2881715,661347,Entire home/apt,,Palmerston-Little Italy (80),39,4.5,2,1.0,91.0,,43.65521,-79.413996,2017-03-12 16:25:03.276139
12638454,37993995,Entire home/apt,,Bay Street Corridor (76),3,0.0,5,2.0,92.0,,43.667432,-79.389275,2017-03-12 16:25:03.270212
6603293,215135,Entire home/apt,,Annex (95),0,0.0,4,2.0,87.0,,43.669929,-79.41511,2017-03-12 16:25:02.151089
1943045,440188,Entire home/apt,,Kensington-Chinatown (78),9,5.0,2,0.0,96.0,,43.655944,-79.400794,2017-03-12 16:25:02.141771
6714214,33670153,Entire home/apt,,Bay Street Corridor (76),23,5.0,4,1.0,94.0,,43.66903,-79.388276,2017-03-12 16:25:02.137084
776320,4094364,Entire home/apt,,Palmerston-Little Italy (80),0,0.0,2,1.0,91.0,,43.662375,-79.414125,2017-03-12 16:25:02.130060
15508849,3735196,Entire home/apt,,Dufferin Grove (83),4,5.0,4,1.0,96.0,,43.657192,-79.445473,2017-03-12 16:25:02.121909
9231962,41257028,Entire home/apt,,Bay Street Corridor (76),11,4.5,2,1.0,103.0,,43.666817,-79.387343,2017-03-12 16:25:02.118643
7519083,19507494,Entire home/apt,,Church-Yonge Corridor (75),7,3.0,4,1.0,83.0,,43.662122,-79.379879,2017-03-12 16:25:02.115810
1883806,9803773,Entire home/apt,,University (79),12,5.0,2,1.0,99.0,,43.662568,-79.403043,2017-03-12 16:25:02.112530
4145383,3225688,Entire home/apt,,Dufferin Grove (83),18,5.0,2,0.0,92.0,,43.657339,-79.441114,2017-03-12 16:25:00.568778
3329274,1442525,Entire home/apt,,Dovercourt-Wallace Emerson-Junction (93),21,4.5,4,2.0,96.0,,43.665875,-79.431102,2017-03-12 16:25:00.563029
283628,1477264,Entire home/apt,,Kensington-Chinatown (78),13,5.0,2,1.0,98.0,,43.654815,-79.396969,2017-03-12 16:25:00.556484
16477400,63920136,Entire home/apt,,Waterfront Communities-The Island (77),12,5.0,4,2.0,92.0,,43.644713,-79.392492,2017-03-12 16:22:49.227156
15844124,2195979,Entire home/apt,,Greenwood-Coxwell (65),7,4.5,4,1.0,92.0,,43.679997,-79.324536,2017-03-12 16:22:49.223579
13655038,2927540,Entire home/apt,,Waterfront Communities-The Island (77),53,4.5,2,1.0,84.0,,43.647816,-79.386358,2017-03-12 16:22:49.215285
2489218,11707181,Entire home/apt,,South Riverdale (70),28,5.0,2,1.0,84.0,,43.657813,-79.351621,2017-03-12 16:22:49.212360
15646181,38089555,Entire home/apt,,Greenwood-Coxwell (65),4,5.0,4,1.0,83.0,,43.681127,-79.326217,2017-03-12 16:22:49.204957
15235613,20771599,Entire home/apt,,Waterfront Communities-The Island (77),9,5.0,4,1.0,84.0,,43.640015,-79.397796,2017-03-12 16:22:49.199828
17541560,110986914,Entire home/apt,,Waterfront Communities-The Island (77),0,0.0,4,1.0,83.0,,43.643392,-79.392315,2017-03-12 16:22:47.721917
14823971,57661280,Entire home/apt,,Waterfront Communities-The Island (77),52,5.0,3,1.0,99.0,,43.64319,-79.384682,2017-03-12 16:22:47.700079
3852422,16594320,Entire home/apt,,Cabbagetown-South St.James Town (71),86,5.0,4,1.0,92.0,,43.666218,-79.375707,2017-03-12 16:22:47.697442
13731811,80330264,Entire home/apt,,The Beaches (63),20,5.0,2,0.0,84.0,,43.668425,-79.296736,2017-03-12 16:22:47.692715
7141416,4884965,Entire home/apt,,Waterfront Communities-The Island (77),60,5.0,1,1.0,84.0,,43.647174,-79.392314,2017-03-12 16:22:46.175895
13960519,28338137,Entire home/apt,,Blake-Jones (69),2,0.0,4,2.0,96.0,,43.673364,-79.341288,2017-03-12 16:22:46.173277
9905358,50935443,Entire home/apt,,The Beaches (63),36,5.0,2,1.0,88.0,,43.669567,-79.304268,2017-03-12 16:22:46.170755
2287896,9618393,Entire home/apt,,Waterfront Communities-The Island (77),278,5.0,3,1.0,99.0,,43.643254,-79.384196,2017-03-12 16:22:46.162428
17171765,71015596,Entire home/apt,,Church-Yonge Corridor (75),1,0.0,4,2.0,92.0,,43.661691,-79.381228,2017-03-12 16:22:46.159996
12973241,14749364,Entire home/apt,,The Beaches (63),13,4.5,4,1.0,92.0,,43.669095,-79.290334,2017-03-12 16:22:46.145556
1472489,2180237,Entire home/apt,,Church-Yonge Corridor (75),131,5.0,3,1.0,92.0,,43.669309,-79.382023,2017-03-12 16:22:44.829089
16195283,23956976,Entire home/apt,,Waterfront Communities-The Island (77),29,5.0,6,2.0,100.0,,43.63862,-79.396308,2017-03-12 16:22:44.816167
14522400,89747497,Entire home/apt,,Waterfront Communities-The Island (77),48,5.0,3,1.0,92.0,,43.641601,-79.380708,2017-03-12 16:22:44.813780
10412695,26753094,Entire home/apt,,Church-Yonge Corridor (75),57,5.0,2,1.0,84.0,,43.663957,-79.37847,2017-03-12 16:22:44.807843
10771597,2199822,Entire home/apt,,Moss Park (73),34,4.5,6,1.0,96.0,,43.652592,-79.37059,2017-03-12 16:22:44.804958
11810887,34542242,Entire home/apt,,Humewood-Cedarvale (106),0,0.0,5,2.0,100.0,,43.695251,-79.424561,2017-03-12 16:22:43.652852
4891586,9963920,Entire home/apt,,Kingsview Village-The Westway (6),0,0.0,2,2.0,95.0,,43.691731,-79.546156,2017-03-12 16:22:43.647485
7095975,37130858,Entire home/apt,,Mount Pleasant West (104),7,5.0,4,2.0,103.0,,43.699379,-79.389653,2017-03-12 16:22:43.637965
10879723,56367100,Entire home/apt,,Lawrence Park South (103),0,0.0,4,2.0,96.0,,43.722577,-79.407306,2017-03-12 16:22:43.635303
13776662,53082120,Entire home/apt,,Mount Pleasant West (104),10,4.5,2,1.0,99.0,,43.711222,-79.392848,2017-03-12 16:22:43.627955
10980335,534666,Entire home/apt,,Willowdale East (51),12,4.5,4,1.0,92.0,,43.76282,-79.407517,2017-03-12 16:22:41.042443
10980015,534666,Entire home/apt,,Willowdale East (51),8,4.5,4,2.0,103.0,,43.762777,-79.408398,2017-03-12 16:22:41.038426
16275145,63968705,Entire home/apt,,Willowdale East (51),0,0.0,2,1.0,92.0,,43.762416,-79.410892,2017-03-12 16:22:41.029272
12049589,48297497,Entire home/apt,,Willowdale East (51),3,2.5,4,1.0,82.0,,43.780472,-79.412159,2017-03-12 16:22:41.023998
5554611,28799247,Entire home/apt,,Willowdale East (51),0,0.0,3,2.0,92.0,,43.777024,-79.414,2017-03-12 16:22:41.019226
12829439,63968705,Entire home/apt,,Willowdale West (37),3,4.5,4,2.0,92.0,,43.779114,-79.417418,2017-03-12 16:22:41.016192
12972078,12033867,Entire home/apt,,Newtonbrook West (36),0,0.0,3,2.0,102.0,,43.781642,-79.417926,2017-03-12 16:22:41.013723
8301336,534666,Entire home/apt,,Bayview Village (52),24,4.5,4,2.0,100.0,,43.767143,-79.370986,2017-03-12 16:22:41.008879
15313246,20986455,Entire home/apt,,Newtonbrook East (50),1,0.0,4,1.0,92.0,,43.782532,-79.413096,2017-03-12 16:22:39.430581
5561992,12742095,Entire home/apt,,Willowdale East (51),13,4.5,6,2.0,83.0,,43.76232,-79.410535,2017-03-12 16:22:39.425185
4422673,22957911,Entire home/apt,,Yonge-St.Clair (97),35,5.0,4,1.0,88.0,,43.694929,-79.398212,2017-03-12 16:22:39.417771
4354973,534666,Entire home/apt,,Willowdale East (51),39,4.5,3,1.0,92.0,,43.762024,-79.408676,2017-03-12 16:22:39.403693
10946594,56765847,Entire home/apt,,Willowdale East (51),1,0.0,4,2.0,84.0,,43.757209,-79.407274,2017-03-12 16:22:39.391735
13938293,534666,Entire home/apt,,Willowdale East (51),1,0.0,2,1.0,103.0,,43.762022,-79.409591,2017-03-12 16:22:39.389593
12971460,12033867,Entire home/apt,,Willowdale East (51),1,0.0,2,1.0,96.0,,43.769714,-79.412996,2017-03-12 16:22:39.382399
5917524,16748645,Entire home/apt,,Lawrence Park South (103),41,4.5,3,2.0,97.0,,43.726987,-79.390098,2017-03-12 16:22:39.375621
2793267,1718194,Entire home/apt,,Willowdale East (51),8,5.0,4,1.0,99.0,,43.755592,-79.407323,2017-03-12 16:22:39.370005
9724330,1684087,Entire home/apt,,Lansing-Westgate (38),2,0.0,3,1.0,103.0,,43.761998,-79.411089,2017-03-12 16:22:37.757980
16019029,104055656,Entire home/apt,,Mount Pleasant West (104),0,0.0,3,2.0,84.0,,43.697926,-79.394435,2017-03-12 16:22:37.755836
8280269,43659984,Entire home/apt,,Willowdale East (51),40,5.0,6,3.0,96.0,,43.765967,-79.409466,2017-03-12 16:22:37.751677
2477601,1718194,Entire home/apt,,Willowdale East (51),7,4.0,4,1.0,99.0,,43.756581,-79.407566,2017-03-12 16:22:37.748635
13766864,39956104,Entire home/apt,,Briar Hill-Belgravia (108),4,4.5,2,1.0,84.0,,43.702202,-79.439698,2017-03-12 16:22:37.746133
3021915,5659052,Entire home/apt,,Willowdale West (37),24,5.0,2,1.0,92.0,,43.769034,-79.41577,2017-03-12 16:22:37.741187
14860697,16645321,Entire home/apt,,Humewood-Cedarvale (106),3,4.5,2,1.0,88.0,,43.693842,-79.422818,2017-03-12 16:22:37.733710
16414985,107571503,Entire home/apt,,Willowdale East (51),1,0.0,4,2.0,92.0,,43.764504,-79.406582,2017-03-12 16:22:37.720763
10476079,1684087,Entire home/apt,,Willowdale East (51),4,5.0,4,2.0,103.0,,43.756631,-79.406045,2017-03-12 16:22:37.718398
4223798,534666,Entire home/apt,,Bayview Village (52),14,4.5,3,1.0,92.0,,43.766494,-79.384689,2017-03-12 16:22:36.506596
12215281,1684087,Entire home/apt,,Willowdale East (51),4,5.0,2,1.0,96.0,,43.756273,-79.405987,2017-03-12 16:22:36.500912
14057894,534666,Entire home/apt,,Willowdale East (51),6,5.0,2,1.0,92.0,,43.760696,-79.410593,2017-03-12 16:22:36.498814
15746687,101771756,Entire home/apt,,Willowdale East (51),0,0.0,2,0.0,84.0,,43.757638,-79.408276,2017-03-12 16:22:36.485278
8105291,37278243,Entire home/apt,,Willowdale East (51),0,0.0,3,1.0,103.0,,43.758739,-79.409965,2017-03-12 16:22:36.476947
13724873,34447809,Entire home/apt,,Willowdale East (51),2,0.0,4,1.0,92.0,,43.774102,-79.413102,2017-03-12 16:22:36.475012
17507330,95858679,Entire home/apt,,Leaside-Bennington (56),0,0.0,2,1.0,84.0,,43.709305,-79.375544,2017-03-12 16:22:35.052528
15773805,35512734,Entire home/apt,,Willowdale East (51),0,0.0,3,1.0,89.0,,43.760683,-79.409074,2017-03-12 16:22:35.035796
2068172,10578094,Entire home/apt,,Newtonbrook West (36),1,0.0,2,1.0,91.0,,43.781007,-79.417429,2017-03-12 16:22:35.027861
15389770,96004149,Entire home/apt,,Lawrence Park North (105),0,0.0,3,2.0,96.0,,43.724853,-79.411087,2017-03-12 16:22:33.497526
15733719,39731548,Entire home/apt,,Bedford Park-Nortown (39),0,0.0,3,1.0,96.0,,43.723652,-79.416313,2017-03-12 16:22:33.488718
13534242,53855867,Entire home/apt,,Brookhaven-Amesbury (30),15,5.0,7,3.0,92.0,,43.700513,-79.492158,2017-03-12 16:22:33.484895
16309212,11206244,Entire home/apt,,Pelmo Park-Humberlea (23),0,0.0,4,1.0,83.0,,43.706771,-79.52507,2017-03-12 16:22:33.480692
6922238,12571995,Entire home/apt,,York University Heights (27),5,4.0,5,2.0,84.0,,43.754282,-79.500533,2017-03-12 16:22:33.468395
14942971,14109735,Entire home/apt,,Pelmo Park-Humberlea (23),18,4.5,6,2.0,92.0,,43.732737,-79.537973,2017-03-12 16:22:33.462088
11012044,2779408,Entire home/apt,,Newtonbrook West (36),16,5.0,4,1.0,94.0,,43.77959,-79.419258,2017-03-12 16:22:33.459267
6212982,32216076,Entire home/apt,,Newtonbrook East (50),5,5.0,5,3.0,96.0,,43.796982,-79.41172,2017-03-12 16:22:32.170192
14397687,84111866,Entire home/apt,,Willowdale West (37),7,5.0,4,1.0,99.0,,43.768858,-79.414596,2017-03-12 16:22:32.167638
6140939,31855246,Entire home/apt,,Willowdale East (51),12,4.5,4,2.0,103.0,,43.77631,-79.41332,2017-03-12 16:22:32.165381
6453260,33699825,Entire home/apt,,Willowdale East (51),14,4.5,3,1.0,84.0,,43.775269,-79.414342,2017-03-12 16:22:32.159762
15703851,43689959,Entire home/apt,,Willowdale West (37),4,5.0,3,1.0,88.0,,43.777904,-79.416774,2017-03-12 16:22:32.150978
4849522,24088806,Entire home/apt,,Willowdale East (51),165,4.5,2,1.0,96.0,,43.758287,-79.404971,2017-03-12 16:22:32.147640
14723676,91652240,Entire home/apt,,Forest Hill South (101),13,5.0,4,2.0,92.0,,43.702434,-79.415426,2017-03-12 16:22:30.863862
14594894,90338073,Entire home/apt,,York University Heights (27),17,5.0,2,1.0,83.0,,43.751432,-79.464214,2017-03-12 16:22:30.854618
5708548,534666,Entire home/apt,,Willowdale East (51),39,5.0,3,1.0,92.0,,43.768756,-79.412678,2017-03-12 16:22:30.848481
16430382,63313946,Entire home/apt,,Willowdale West (37),0,0.0,3,1.0,91.0,,43.778148,-79.419079,2017-03-12 16:22:30.842912
4339582,22529182,Entire home/apt,,Yonge-Eglinton (100),1,0.0,2,1.0,92.0,,43.696814,-79.396915,2017-03-12 16:22:29.533970
14773318,71005997,Entire home/apt,,Yonge-Eglinton (100),2,0.0,2,1.0,92.0,,43.706358,-79.402061,2017-03-12 16:22:29.531491
5997685,12742095,Entire home/apt,,Mount Pleasant West (104),7,4.5,6,2.0,91.0,,43.706745,-79.393778,2017-03-12 16:22:29.527798
7561183,39636814,Entire home/apt,,Mount Pleasant East (99),38,4.5,9,2.0,103.0,,43.714061,-79.391366,2017-03-12 16:22:29.524913
7789014,39636814,Entire home/apt,,Mount Pleasant East (99),18,4.5,6,2.0,92.0,,43.715508,-79.392062,2017-03-12 16:22:29.521833
17429425,63968705,Entire home/apt,,Lawrence Park North (105),0,0.0,6,3.0,92.0,,43.731447,-79.402363,2017-03-12 16:22:29.519328
13141016,12033867,Entire home/apt,,Willowdale East (51),1,0.0,2,0.0,88.0,,43.767358,-79.38827,2017-03-12 16:22:29.506513
12948241,12033867,Entire home/apt,,Bayview Village (52),3,3.5,2,0.0,88.0,,43.769148,-79.387643,2017-03-12 16:22:29.499997
12809531,68842674,Entire home/apt,,Victoria Village (43),0,0.0,3,1.0,84.0,,43.725386,-79.308431,2017-03-12 16:22:29.494935
11521420,7994690,Entire home/apt,,Woburn (137),0,0.0,5,2.0,84.0,,43.780728,-79.246416,2017-03-12 16:22:28.059890
9413832,34510716,Entire home/apt,,Yonge-St.Clair (97),4,5.0,2,1.0,100.0,,43.691829,-79.395595,2017-03-12 16:22:28.053382
14593603,30736967,Entire home/apt,,Mount Pleasant West (104),2,0.0,4,1.0,84.0,,43.706461,-79.390327,2017-03-12 16:22:28.051013
16962863,26330774,Entire home/apt,,Yonge-Eglinton (100),0,0.0,3,1.0,100.0,,43.707191,-79.400579,2017-03-12 16:22:28.048800
2863021,14634031,Entire home/apt,,Yonge-St.Clair (97),9,4.5,2,1.0,91.0,,43.692355,-79.397024,2017-03-12 16:22:28.044955
17473796,86820662,Entire home/apt,,Cliffcrest (123),0,0.0,4,2.0,84.0,,43.726082,-79.238901,2017-03-12 16:22:28.042996
16376868,107266922,Entire home/apt,,Old East York (58),0,0.0,7,3.0,103.0,,43.695696,-79.338385,2017-03-12 16:22:28.040190
5624649,21871521,Entire home/apt,,Yonge-Eglinton (100),1,0.0,2,1.0,98.0,,43.696405,-79.396997,2017-03-12 16:22:28.037490
13733810,51943705,Entire home/apt,,Agincourt South-Malvern West (128),3,4.5,3,1.0,92.0,,43.785887,-79.278465,2017-03-12 16:22:28.033669
6712108,5466079,Entire home/apt,,Mount Pleasant West (104),12,4.5,2,1.0,103.0,,43.708264,-79.397015,2017-03-12 16:22:28.030630
15798080,97842424,Entire home/apt,,Bayview Village (52),0,0.0,2,1.0,91.0,,43.767656,-79.368084,2017-03-12 16:22:28.026912
12284128,6050789,Entire home/apt,,Bendale (127),4,5.0,4,1.0,96.0,,43.774078,-79.256725,2017-03-12 16:22:28.024183
15432797,1816349,Entire home/apt,,Bayview Village (52),2,0.0,4,1.0,88.0,,43.768524,-79.368332,2017-03-12 16:22:28.020251
11450803,49305669,Entire home/apt,,Agincourt South-Malvern West (128),26,4.5,5,2.0,84.0,,43.778397,-79.28116,2017-03-12 16:22:28.015797
15757663,89116247,Entire home/apt,,Mount Pleasant East (99),0,0.0,2,1.0,84.0,,43.692576,-79.393079,2017-03-12 16:22:28.013221
14951854,27277658,Entire home/apt,,Lawrence Park South (103),1,0.0,4,2.0,96.0,,43.719494,-79.403243,2017-03-12 16:22:26.761639
6276555,32621396,Entire home/apt,,Mount Pleasant West (104),64,5.0,3,1.0,91.0,,43.710296,-79.394932,2017-03-12 16:22:26.758495
5324672,9096123,Entire home/apt,,Ionview (125),2,0.0,6,3.0,96.0,,43.741394,-79.274162,2017-03-12 16:22:26.753254
5028092,3701568,Entire home/apt,,Mount Pleasant East (99),17,5.0,3,2.0,88.0,,43.706143,-79.387537,2017-03-12 16:22:26.750315
14968987,94278208,Entire home/apt,,Scarborough Village (139),0,0.0,4,1.0,91.0,,43.730635,-79.215177,2017-03-12 16:22:26.747999
13771429,46034055,Entire home/apt,,Mount Pleasant West (104),2,0.0,2,1.0,84.0,,43.697,-79.396109,2017-03-12 16:22:26.745922
4287472,12742095,Entire home/apt,,Willowdale East (51),5,4.5,5,2.0,83.0,,43.756889,-79.404463,2017-03-12 16:22:26.743166
12367878,66822400,Entire home/apt,,Willowdale East (51),17,4.5,3,1.0,84.0,,43.75739,-79.405008,2017-03-12 16:22:26.738882
6542106,24233876,Entire home/apt,,Bayview Woods-Steeles (49),47,5.0,4,2.0,103.0,,43.793831,-79.39202,2017-03-12 16:22:26.727751
12796693,35499709,Entire home/apt,,Lawrence Park South (103),24,4.5,4,1.0,92.0,,43.717737,-79.401841,2017-03-12 16:22:25.745050
3197148,16204072,Entire home/apt,,Mount Pleasant East (99),0,0.0,2,1.0,92.0,,43.695565,-79.391743,2017-03-12 16:22:25.738548
14402885,7551084,Entire home/apt,,Yonge-Eglinton (100),2,0.0,2,1.0,84.0,,43.708629,-79.401352,2017-03-12 16:22:25.736126
17159177,8258262,Entire home/apt,,Willowdale East (51),0,0.0,6,3.0,92.0,,43.770562,-79.39505,2017-03-12 16:22:25.733804
14053086,13969060,Entire home/apt,,Wexford/Maryvale (119),0,0.0,3,2.0,92.0,,43.749179,-79.286979,2017-03-12 16:22:25.731084
15108677,31972810,Entire home/apt,,Mount Pleasant West (104),3,3.5,2,1.0,84.0,,43.708238,-79.397671,2017-03-12 16:22:25.728606
4020844,20845776,Entire home/apt,,Tam O'Shanter-Sullivan (118),0,0.0,2,1.0,82.0,,43.783455,-79.289303,2017-03-12 16:22:25.725389
12727974,57660701,Entire home/apt,,Willowdale East (51),3,4.0,4,2.0,88.0,,43.757741,-79.403982,2017-03-12 16:22:25.722999
15955111,24088806,Entire home/apt,,Bayview Village (52),12,5.0,3,1.0,92.0,,43.770206,-79.368883,2017-03-12 16:22:25.720900
4924224,24304818,Entire home/apt,,Mount Pleasant West (104),1,0.0,2,1.0,100.0,,43.697534,-79.394306,2017-03-12 16:22:25.714721
16231936,50209294,Entire home/apt,,Victoria Village (43),0,0.0,4,1.0,91.0,,43.717983,-79.300809,2017-03-12 16:22:25.701748
12905084,70714276,Entire home/apt,,Willowdale East (51),4,5.0,3,1.0,96.0,,43.767319,-79.400807,2017-03-12 16:22:24.211650
17589074,119497693,Entire home/apt,,Mount Pleasant West (104),0,0.0,2,1.0,92.0,,43.70481,-79.396991,2017-03-12 16:22:24.209569
11356374,59481157,Entire home/apt,,Mount Pleasant West (104),0,0.0,2,1.0,84.0,,43.700513,-79.396474,2017-03-12 16:22:24.207480
17539671,22456458,Entire home/apt,,Lawrence Park South (103),0,0.0,2,1.0,92.0,,43.724582,-79.402927,2017-03-12 16:22:24.205403
6612993,34137932,Entire home/apt,,Banbury-Don Mills (42),3,5.0,2,1.0,84.0,,43.719631,-79.347705,2017-03-12 16:22:24.200132
12318667,13066292,Entire home/apt,,Little Portugal (84),31,5.0,2,1.0,91.0,,43.649342,-79.43162,2017-03-12 16:22:07.616695
4278943,21245388,Entire home/apt,,Rosedale-Moore Park (98),51,5.0,4,1.0,91.0,,43.671998,-79.384115,2017-03-12 16:22:07.611530
16454203,24817372,Entire home/apt,,Church-Yonge Corridor (75),7,4.5,2,1.0,92.0,,43.659896,-79.382035,2017-03-12 16:22:07.609218
14743083,44281398,Entire home/apt,,Annex (95),24,4.5,2,1.0,92.0,,43.669879,-79.393636,2017-03-12 16:22:07.606490
14694279,21245388,Entire home/apt,,Waterfront Communities-The Island (77),14,5.0,2,1.0,99.0,,43.645361,-79.398558,2017-03-12 16:22:07.603806
12366492,30670040,Entire home/apt,,Waterfront Communities-The Island (77),75,5.0,6,1.0,91.0,,43.640562,-79.383027,2017-03-12 16:22:07.598925
17448618,91005566,Entire home/apt,,Waterfront Communities-The Island (77),0,0.0,4,2.0,91.0,,43.644467,-79.40221,2017-03-12 16:22:07.595246
14687968,91279407,Entire home/apt,,Bay Street Corridor (76),39,5.0,3,1.0,83.0,,43.651048,-79.381586,2017-03-12 16:22:07.590835
15998195,51943705,Entire home/apt,,Waterfront Communities-The Island (77),6,5.0,4,1.0,84.0,,43.642846,-79.379116,2017-03-12 16:22:07.587934
13767517,11627597,Entire home/apt,,Bay Street Corridor (76),3,4.5,2,1.0,92.0,,43.656188,-79.384156,2017-03-12 16:22:07.582781
16250835,14448529,Entire home/apt,,Moss Park (73),6,5.0,2,1.0,88.0,,43.654401,-79.367019,2017-03-12 16:22:07.577195
5192479,7355120,Entire home/apt,,Willowdale East (51),38,5.0,3,1.0,91.0,,43.777242,-79.414164,2017-03-12 16:22:07.571342
16497345,101998346,Entire home/apt,,Waterfront Communities-The Island (77),11,5.0,4,1.0,83.0,,43.642717,-79.38183,2017-03-12 16:22:06.544230
8115809,1916855,Entire home/apt,,Kensington-Chinatown (78),97,4.5,2,0.0,83.0,,43.654725,-79.398618,2017-03-12 16:22:06.542161
16204017,14720783,Entire home/apt,,Casa Loma (96),6,5.0,4,1.0,88.0,,43.677491,-79.415506,2017-03-12 16:22:06.537866
14067444,31874365,Entire home/apt,,Waterfront Communities-The Island (77),27,4.5,2,0.0,88.0,,43.644169,-79.391244,2017-03-12 16:22:06.533521
1525977,8142107,Entire home/apt,,Moss Park (73),64,5.0,8,2.0,97.0,,43.656301,-79.366018,2017-03-12 16:22:06.529073
13334311,2885185,Entire home/apt,,Waterfront Communities-The Island (77),32,5.0,4,1.0,88.0,,43.646222,-79.398747,2017-03-12 16:22:06.522689
16000364,104003243,Entire home/apt,,Waterfront Communities-The Island (77),11,5.0,2,1.0,92.0,,43.642504,-79.381139,2017-03-12 16:22:06.519921
7480219,31397994,Entire home/apt,,Moss Park (73),20,4.5,4,2.0,96.0,,43.657287,-79.373878,2017-03-12 16:22:06.516963
9864534,141165,Entire home/apt,,Kensington-Chinatown (78),37,4.5,2,0.0,84.0,,43.652633,-79.395423,2017-03-12 16:22:06.514369
17362532,117032864,Entire home/apt,,Waterfront Communities-The Island (77),0,0.0,3,1.0,96.0,,43.640278,-79.384068,2017-03-12 16:22:06.511868
15430387,181797,Entire home/apt,,Bay Street Corridor (76),19,5.0,3,0.0,91.0,,43.649823,-79.380398,2017-03-12 16:22:06.508800
10149765,3471896,Entire home/apt,,Niagara (82),54,5.0,4,2.0,92.0,,43.641899,-79.403551,2017-03-12 16:22:06.504571
17567246,119266652,Entire home/apt,,Taylor-Massey (61),0,0.0,3,3.0,92.0,,43.70134,-79.294964,2017-03-12 16:22:06.501855
16435773,78118907,Entire home/apt,,Bay Street Corridor (76),16,5.0,3,1.0,103.0,,43.656533,-79.382973,2017-03-12 16:22:05.113635
5959077,30551517,Entire home/apt,,Waterfront Communities-The Island (77),141,5.0,4,1.0,96.0,,43.648347,-79.393396,2017-03-12 16:22:05.110280
7689601,1684087,Entire home/apt,,Willowdale East (51),10,5.0,2,1.0,96.0,,43.761051,-79.409167,2017-03-12 16:22:05.106990
16123082,104914179,Entire home/apt,,Church-Yonge Corridor (75),1,0.0,1,0.0,92.0,,43.669791,-79.381259,2017-03-12 16:22:05.104689
8116148,28298437,Entire home/apt,,South Parkdale (85),19,5.0,4,2.0,92.0,,43.639245,-79.42278,2017-03-12 16:22:05.098243
15306832,64350312,Entire home/apt,,South Riverdale (70),9,5.0,2,1.0,92.0,,43.660701,-79.340898,2017-03-12 16:22:05.095754
14857534,87389192,Entire home/apt,,Moss Park (73),31,5.0,5,2.0,92.0,,43.653059,-79.370406,2017-03-12 16:22:05.091836
13334965,50396723,Entire home/apt,,Willowdale East (51),17,5.0,3,1.0,103.0,,43.760942,-79.410344,2017-03-12 16:22:05.086318
15218134,96698281,Entire home/apt,,Church-Yonge Corridor (75),3,5.0,2,1.0,92.0,,43.654867,-79.376212,2017-03-12 16:22:05.081715
17459063,53719356,Entire home/apt,,Waterfront Communities-The Island (77),0,0.0,4,1.0,99.0,,43.644392,-79.388344,2017-03-12 16:22:05.077681
17488028,5316214,Entire home/apt,,Church-Yonge Corridor (75),0,0.0,2,1.0,84.0,,43.663314,-79.378924,2017-03-12 16:22:05.071746
16323517,41765120,Entire home/apt,,Kensington-Chinatown (78),12,4.5,3,1.0,99.0,,43.653769,-79.389058,2017-03-12 16:22:05.069309
7216757,12945816,Entire home/apt,,Annex (95),61,4.5,2,1.0,103.0,,43.669586,-79.394181,2017-03-12 16:22:05.065985
13283190,5838892,Entire home/apt,,Waterfront Communities-The Island (77),73,4.5,6,2.0,91.0,,43.641893,-79.381534,2017-03-12 16:22:03.714553
16284775,106522479,Entire home/apt,,Waterfront Communities-The Island (77),22,5.0,4,1.0,83.0,,43.641091,-79.382556,2017-03-12 16:22:03.711975
17088112,114585471,Entire home/apt,,Waterfront Communities-The Island (77),3,4.5,4,1.0,83.0,,43.642877,-79.381469,2017-03-12 16:22:03.709708
17072180,5878034,Entire home/apt,,Waterfront Communities-The Island (77),12,5.0,4,1.0,88.0,,43.644379,-79.389244,2017-03-12 16:22:03.707349
11324833,21416577,Entire home/apt,,Waterfront Communities-The Island (77),127,5.0,3,1.0,89.0,,43.640296,-79.394568,2017-03-12 16:22:03.705062
13769149,58094876,Entire home/apt,,Waterfront Communities-The Island (77),44,5.0,2,1.0,88.0,,43.648407,-79.393335,2017-03-12 16:22:03.702618
13634984,24712554,Entire home/apt,,Waterfront Communities-The Island (77),17,5.0,2,1.0,84.0,,43.640534,-79.399128,2017-03-12 16:22:03.696718
13666139,79460825,Entire home/apt,,Broadview North (57),4,5.0,6,3.0,96.0,,43.684374,-79.350764,2017-03-12 16:22:03.691790
6915317,36244663,Entire home/apt,,Waterfront Communities-The Island (77),44,5.0,2,1.0,96.0,,43.645496,-79.400341,2017-03-12 16:22:03.685272
15082256,95430965,Entire home/apt,,Waterfront Communities-The Island (77),63,5.0,8,2.0,96.0,,43.642583,-79.381566,2017-03-12 16:22:03.677992
15256143,71961002,Entire home/apt,,Waterfront Communities-The Island (77),13,4.5,3,1.0,83.0,,43.641625,-79.383664,2017-03-12 16:22:03.675004
17456253,20203334,Entire home/apt,,Annex (95),0,0.0,2,1.0,84.0,,43.671605,-79.410191,2017-03-12 16:22:02.313247
17475939,195095,Entire home/apt,,Church-Yonge Corridor (75),0,0.0,3,1.0,92.0,,43.654227,-79.377232,2017-03-12 16:22:02.310947
16330176,65351909,Entire home/apt,,Bay Street Corridor (76),0,0.0,2,1.0,84.0,,43.662264,-79.384986,2017-03-12 16:22:02.307868
14694631,21085000,Entire home/apt,,Trinity-Bellwoods (81),21,5.0,3,1.0,92.0,,43.652976,-79.411302,2017-03-12 16:22:02.305143
14966298,94248767,Entire home/apt,,Waterfront Communities-The Island (77),5,5.0,2,1.0,92.0,,43.638994,-79.380701,2017-03-12 16:22:02.302938
8333976,43931574,Entire home/apt,,South Riverdale (70),1,0.0,4,2.0,98.0,,43.666364,-79.326179,2017-03-12 16:22:02.300068
16285130,7987393,Entire home/apt,,Trinity-Bellwoods (81),10,5.0,2,1.0,92.0,,43.645747,-79.422497,2017-03-12 16:22:02.297568
9078948,31554886,Entire home/apt,,Waterfront Communities-The Island (77),94,5.0,3,0.0,85.0,,43.64111,-79.38314,2017-03-12 16:22:02.294567
7626814,1684087,Entire home/apt,,Annex (95),18,5.0,2,1.0,103.0,,43.669368,-79.393957,2017-03-12 16:22:02.291809
2712441,13881883,Entire home/apt,,Palmerston-Little Italy (80),74,4.5,2,1.0,92.0,,43.659792,-79.416627,2017-03-12 16:22:02.288594
7658019,31369701,Entire home/apt,,Waterfront Communities-The Island (77),57,5.0,4,1.0,99.0,,43.639458,-79.382337,2017-03-12 16:22:02.285490
13369887,5878034,Entire home/apt,,Waterfront Communities-The Island (77),51,4.5,2,0.0,96.0,,43.642393,-79.398366,2017-03-12 16:22:02.279662
11792715,62801208,Entire home/apt,,Waterfront Communities-The Island (77),6,5.0,4,2.0,96.0,,43.648512,-79.393046,2017-03-12 16:22:02.276397
657898,2518222,Entire home/apt,,Church-Yonge Corridor (75),60,4.5,2,1.0,96.0,,43.664876,-79.38358,2017-03-12 16:22:02.271216
7132329,2114867,Entire home/apt,,North St.James Town (74),132,5.0,2,1.0,103.0,,43.666728,-79.375738,2017-03-12 16:22:02.268769
16533394,103615215,Entire home/apt,,Waterfront Communities-The Island (77),13,5.0,4,1.0,91.0,,43.641052,-79.398514,2017-03-12 16:22:02.265947
16840912,72966955,Entire home/apt,,University (79),0,0.0,2,1.0,96.0,,43.658927,-79.403868,2017-03-12 16:22:00.727237
14057723,40913497,Entire home/apt,,Downsview-Roding-CFB (26),11,5.0,7,2.0,91.0,,43.735675,-79.491885,2017-03-12 16:22:00.725053
11926427,13066292,Entire home/apt,,Little Portugal (84),37,4.5,4,2.0,99.0,,43.649785,-79.429925,2017-03-12 16:26:54.145712
10741167,4234343,Entire home/apt,,Little Portugal (84),4,5.0,6,3.0,83.0,,43.648321,-79.436689,2017-03-12 16:26:54.137904
5714389,6141240,Entire home/apt,,Roncesvalles (86),91,4.5,3,1.0,92.0,,43.652167,-79.450599,2017-03-12 16:26:51.526046
1173944,1410677,Entire home/apt,,Little Portugal (84),13,5.0,2,1.0,92.0,,43.648663,-79.424461,2017-03-12 16:26:51.519967
16983509,27839407,Entire home/apt,,Corso Italia-Davenport (92),1,0.0,5,2.0,91.0,,43.675988,-79.448784,2017-03-12 16:26:51.506410
17285864,116599860,Entire home/apt,,Willowdale West (37),2,0.0,3,1.0,92.0,,43.770386,-79.41458,2017-03-12 16:23:44.763143
17510035,1718194,Entire home/apt,,Willowdale East (51),0,0.0,4,1.0,99.0,,43.761765,-79.410893,2017-03-12 16:23:44.751864
9696299,47219710,Entire home/apt,,Woburn (137),0,0.0,6,3.0,92.0,,43.776977,-79.223982,2017-03-12 16:23:42.287166
14607469,7860515,Entire home/apt,,Danforth East York (59),2,0.0,4,2.0,92.0,,43.692289,-79.323152,2017-03-12 16:23:42.279610
571429,377846,Entire home/apt,,East End-Danforth (62),20,4.5,7,3.0,91.0,,43.686166,-79.29311,2017-03-12 16:23:42.276570
5926311,30771781,Entire home/apt,,Danforth East York (59),12,5.0,2,1.0,96.0,,43.687845,-79.326272,2017-03-12 16:23:41.020957
742076,3377580,Entire home/apt,,Ionview (125),16,4.5,4,2.0,96.0,,43.732726,-79.27358,2017-03-12 16:23:41.008974
16916931,53719356,Entire home/apt,,Waterfront Communities-The Island (77),7,4.5,4,1.0,99.0,,43.643576,-79.388293,2017-03-12 16:23:39.759170
7697844,6942116,Entire home/apt,,Waterfront Communities-The Island (77),50,4.5,2,1.0,100.0,,43.645056,-79.390176,2017-03-12 16:23:39.755957
13185116,73760345,Entire home/apt,,University (79),7,5.0,2,1.0,83.0,,43.664953,-79.409973,2017-03-12 16:23:39.753505
6434012,33583560,Entire home/apt,,The Beaches (63),11,4.0,5,2.0,90.0,,43.67029,-79.291595,2017-03-12 16:23:37.552472
12307577,66366678,Entire home/apt,,Rosedale-Moore Park (98),24,4.5,4,2.0,92.0,,43.673013,-79.377054,2017-03-12 16:23:37.548861
6424772,363432,Entire home/apt,,Annex (95),5,5.0,2,1.0,88.0,,43.671285,-79.395191,2017-03-12 16:23:37.529766
12454490,67386890,Entire home/apt,,Bay Street Corridor (76),28,5.0,4,2.0,91.0,,43.662078,-79.386711,2017-03-12 16:23:35.439817
14760612,58769087,Entire home/apt,,Palmerston-Little Italy (80),3,5.0,3,2.0,96.0,,43.661392,-79.417993,2017-03-12 16:23:35.437574
13330699,14912082,Entire home/apt,,Annex (95),1,0.0,2,1.0,92.0,,43.668866,-79.407427,2017-03-12 16:23:35.433755
2955057,2180237,Entire home/apt,,Bay Street Corridor (76),32,5.0,3,2.0,100.0,,43.667767,-79.38591,2017-03-12 16:23:35.421966
6767129,35401883,Entire home/apt,,South Riverdale (70),20,4.5,4,1.0,91.0,,43.660839,-79.347991,2017-03-12 16:23:35.419000
12103211,4940107,Entire home/apt,,Niagara (82),22,5.0,3,1.0,96.0,,43.638282,-79.41915,2017-03-12 16:23:35.415157
11168692,46578936,Entire home/apt,,University (79),13,5.0,4,1.0,84.0,,43.664156,-79.410093,2017-03-12 16:23:35.412884
274884,44259,Entire home/apt,,Palmerston-Little Italy (80),9,5.0,3,2.0,96.0,,43.661207,-79.410823,2017-03-12 16:23:35.409918
10833139,48862449,Entire home/apt,,Bay Street Corridor (76),107,4.5,6,1.0,102.0,,43.667903,-79.389203,2017-03-12 16:23:35.407068
13712968,12337294,Entire home/apt,,Waterfront Communities-The Island (77),7,5.0,2,1.0,84.0,,43.645738,-79.397936,2017-03-12 16:23:35.398450
13768665,73114668,Entire home/apt,,Niagara (82),16,5.0,2,1.0,100.0,,43.637609,-79.417314,2017-03-12 16:23:33.902611
14386680,88357720,Entire home/apt,,University (79),3,4.5,3,1.0,96.0,,43.665325,-79.406454,2017-03-12 16:23:33.898729
11555191,48670392,Entire home/apt,,Waterfront Communities-The Island (77),29,5.0,3,1.0,92.0,,43.642995,-79.401873,2017-03-12 16:23:33.879094
16159133,16505832,Entire home/apt,,South Parkdale (85),1,0.0,4,2.0,95.0,,43.63973,-79.423178,2017-03-12 16:23:33.875756
10174347,5759026,Entire home/apt,,Blake-Jones (69),4,5.0,3,2.0,96.0,,43.677313,-79.335253,2017-03-12 16:23:32.947854
17655928,23705522,Entire home/apt,,Waterfront Communities-The Island (77),0,0.0,2,1.0,99.0,,43.642684,-79.381542,2017-03-12 16:23:32.945577
6091034,31608498,Entire home/apt,,East End-Danforth (62),19,5.0,4,3.0,92.0,,43.684219,-79.303844,2017-03-12 16:23:32.939078
3878032,1005264,Entire home/apt,,Palmerston-Little Italy (80),22,5.0,2,1.0,96.0,,43.655578,-79.420186,2017-03-12 16:23:32.929747
16345482,5041585,Entire home/apt,,O'Connor-Parkview (54),0,0.0,4,1.0,94.0,,43.702801,-79.310313,2017-03-12 16:23:32.924509
9955796,49943232,Entire home/apt,,Bay Street Corridor (76),0,0.0,2,1.0,85.0,,43.667109,-79.385686,2017-03-12 16:23:31.294997
5304563,27474069,Entire home/apt,,Flemingdon Park (44),6,5.0,6,3.0,100.0,,43.71193,-79.323787,2017-03-12 16:23:31.288887
6278049,32634677,Entire home/apt,,Waterfront Communities-The Island (77),59,5.0,3,2.0,96.0,,43.639207,-79.398503,2017-03-12 16:23:31.281065
16448198,79111878,Entire home/apt,,Broadview North (57),0,0.0,4,1.0,88.0,,43.687352,-79.350489,2017-03-12 16:23:31.278538
15412087,97046532,Entire home/apt,,Danforth East York (59),0,0.0,6,3.0,84.0,,43.68975,-79.32346,2017-03-12 16:23:31.274069
14238050,44794884,Entire home/apt,,Waterfront Communities-The Island (77),1,0.0,3,1.0,103.0,,43.642925,-79.377628,2017-03-12 16:23:28.765970
15040304,95013716,Entire home/apt,,The Beaches (63),0,0.0,2,0.0,96.0,,43.669193,-79.307061,2017-03-12 16:23:28.743992
17639429,119978013,Entire home/apt,,Old East York (58),0,0.0,6,2.0,103.0,,43.689492,-79.348744,2017-03-12 16:23:28.739176
6490981,33923191,Entire home/apt,,Rosedale-Moore Park (98),22,4.5,4,2.0,96.0,,43.675636,-79.369236,2017-03-12 16:23:28.736563
17625470,23358617,Entire home/apt,,Church-Yonge Corridor (75),0,0.0,6,2.0,92.0,,43.657812,-79.375354,2017-03-12 16:23:27.206051
16945645,113283122,Entire home/apt,,Blake-Jones (69),0,0.0,2,1.0,84.0,,43.677897,-79.342887,2017-03-12 16:23:25.914169
16194157,21245388,Entire home/apt,,Waterfront Communities-The Island (77),13,5.0,2,1.0,92.0,,43.644509,-79.402029,2017-03-12 16:23:25.890052
8932848,46705093,Entire home/apt,,Woodbine Corridor (64),1,0.0,4,3.0,88.0,,43.680618,-79.315893,2017-03-12 16:23:25.883878
4320380,22431111,Entire home/apt,,Moss Park (73),54,5.0,2,1.0,83.0,,43.65914,-79.370538,2017-03-12 16:23:24.440840
3272141,16510788,Entire home/apt,,South Riverdale (70),32,5.0,4,1.0,96.0,,43.660463,-79.344045,2017-03-12 16:23:24.412570
10121791,21245388,Entire home/apt,,Cabbagetown-South St.James Town (71),43,5.0,4,2.0,91.0,,43.662814,-79.376279,2017-03-12 16:23:23.040732
16201793,105819624,Entire home/apt,,South Riverdale (70),6,5.0,3,1.0,92.0,,43.664083,-79.339031,2017-03-12 16:23:23.038617
13965660,83239267,Entire home/apt,,Greenwood-Coxwell (65),2,0.0,3,2.0,83.0,,43.669581,-79.320712,2017-03-12 16:23:23.023269
12889875,70560237,Entire home/apt,,Woodbine-Lumsden (60),1,0.0,3,1.0,83.0,,43.689859,-79.313269,2017-03-12 16:23:23.011374
1875379,9769190,Entire home/apt,,The Beaches (63),23,5.0,4,3.0,85.0,,43.672409,-79.309384,2017-03-12 16:23:23.004406
9478964,5446996,Entire home/apt,,North Riverdale (68),19,5.0,2,1.0,96.0,,43.674581,-79.350226,2017-03-12 16:23:21.903533
4021000,8799915,Entire home/apt,,Annex (95),36,4.5,2,1.0,102.0,,43.670849,-79.387305,2017-03-12 16:23:21.892401
10811863,1394539,Entire home/apt,,Cabbagetown-South St.James Town (71),37,4.5,4,1.0,84.0,,43.666384,-79.375004,2017-03-12 16:23:20.885881
15429112,98906538,Entire home/apt,,Church-Yonge Corridor (75),27,5.0,4,1.0,100.0,,43.661456,-79.38151,2017-03-12 16:23:19.603346
13694811,809517,Entire home/apt,,Bay Street Corridor (76),46,5.0,3,1.0,92.0,,43.662847,-79.386737,2017-03-12 16:23:18.302590
16189845,21081463,Entire home/apt,,South Riverdale (70),1,0.0,4,2.0,84.0,,43.661212,-79.351057,2017-03-12 16:23:18.291681
5456266,28298437,Entire home/apt,,Waterfront Communities-The Island (77),64,5.0,4,1.0,83.0,,43.63997,-79.400761,2017-03-12 16:23:18.282236
15058728,2168816,Entire home/apt,,Waterfront Communities-The Island (77),25,5.0,4,1.0,96.0,,43.653597,-79.355482,2017-03-12 16:23:16.816195
11497916,50054896,Entire home/apt,,Waterfront Communities-The Island (77),73,5.0,3,1.0,95.0,,43.644514,-79.402444,2017-03-12 16:23:16.813654
6185463,21339853,Entire home/apt,,South Riverdale (70),45,5.0,2,0.0,96.0,,43.667081,-79.338867,2017-03-12 16:23:16.800640
3142411,15955418,Entire home/apt,,Danforth East York (59),6,4.5,5,3.0,96.0,,43.689641,-79.317827,2017-03-12 16:23:16.781935
16437307,107782523,Entire home/apt,,Regent Park (72),4,5.0,4,2.0,92.0,,43.662457,-79.357472,2017-03-12 16:23:15.556969
8007876,41727257,Entire home/apt,,Rosedale-Moore Park (98),50,5.0,2,0.0,83.0,,43.673448,-79.385691,2017-03-12 16:23:15.539295
12955428,71203654,Entire home/apt,,North Riverdale (68),44,5.0,4,2.0,97.0,,43.675777,-79.346744,2017-03-12 16:23:14.112815
9821074,40906461,Entire home/apt,,Waterfront Communities-The Island (77),51,4.5,4,2.0,96.0,,43.642451,-79.373462,2017-03-12 16:23:10.051127
17303558,25327465,Entire home/apt,,Cabbagetown-South St.James Town (71),0,0.0,2,1.0,96.0,,43.664035,-79.367611,2017-03-12 16:23:10.046757
14711872,85634217,Entire home/apt,,Niagara (82),24,5.0,4,1.0,83.0,,43.636978,-79.403983,2017-03-12 16:23:10.040667
5443177,17444616,Entire home/apt,,Waterfront Communities-The Island (77),6,4.0,2,1.0,96.0,,43.646639,-79.400743,2017-03-12 16:23:10.037675
8955187,38512503,Entire home/apt,,Waterfront Communities-The Island (77),10,5.0,2,1.0,100.0,,43.640673,-79.390973,2017-03-12 16:23:10.035148
6424590,185300,Entire home/apt,,Moss Park (73),56,5.0,2,1.0,94.0,,43.651765,-79.367496,2017-03-12 16:23:10.026687
14091050,84766143,Entire home/apt,,Waterfront Communities-The Island (77),11,5.0,2,0.0,95.0,,43.64131,-79.382154,2017-03-12 16:23:10.023620
3703548,2927540,Entire home/apt,,Waterfront Communities-The Island (77),190,4.5,4,2.0,84.0,,43.64416,-79.379781,2017-03-12 16:23:10.016599
15762806,70061349,Entire home/apt,,Broadview North (57),2,0.0,5,3.0,96.0,,43.689179,-79.355896,2017-03-12 16:23:10.014319
5562649,14317813,Entire home/apt,,Waterfront Communities-The Island (77),85,4.5,3,1.0,83.0,,43.647935,-79.394385,2017-03-12 16:23:10.011593
10099233,33324613,Entire home/apt,,Church-Yonge Corridor (75),56,4.5,4,1.0,84.0,,43.659224,-79.381644,2017-03-12 16:23:10.003296
7049288,29397280,Entire home/apt,,Playter Estates-Danforth (67),0,0.0,5,4.0,96.0,,43.68153,-79.345894,2017-03-12 16:23:08.665913
4525382,23459764,Entire home/apt,,Blake-Jones (69),34,5.0,6,3.0,93.0,,43.671771,-79.341025,2017-03-12 16:23:08.661508
380910,1910540,Entire home/apt,,Danforth (66),20,4.5,2,1.0,96.0,,43.679802,-79.342178,2017-03-12 16:23:08.658302
7111731,20511980,Entire home/apt,,Waterfront Communities-The Island (77),34,5.0,5,1.0,92.0,,43.649078,-79.389372,2017-03-12 16:23:08.644065
14317299,69689923,Entire home/apt,,Waterfront Communities-The Island (77),20,5.0,2,1.0,88.0,,43.643709,-79.388666,2017-03-12 16:23:08.638560
14089794,49270488,Entire home/apt,,Waterfront Communities-The Island (77),44,5.0,3,1.0,83.0,,43.642125,-79.379846,2017-03-12 16:23:08.633515
11334433,36440222,Entire home/apt,,Waterfront Communities-The Island (77),17,5.0,2,1.0,96.0,,43.644219,-79.38236,2017-03-12 16:23:07.422859
17514947,87610145,Entire home/apt,,Church-Yonge Corridor (75),3,4.5,2,1.0,100.0,,43.666882,-79.379929,2017-03-12 16:23:07.418347
16131824,809517,Entire home/apt,,Annex (95),7,4.5,6,2.0,85.0,,43.671434,-79.394731,2017-03-12 16:23:07.413357
2391761,5854692,Entire home/apt,,Church-Yonge Corridor (75),81,5.0,5,1.0,83.0,,43.653942,-79.378586,2017-03-12 16:23:07.407663
16100726,45444174,Entire home/apt,,Waterfront Communities-The Island (77),4,5.0,3,1.0,96.0,,43.640855,-79.382984,2017-03-12 16:23:07.404838
14416912,75254610,Entire home/apt,,Bay Street Corridor (76),2,0.0,2,1.0,92.0,,43.6582,-79.383279,2017-03-12 16:23:07.402083
2296506,11729337,Entire home/apt,,Waterfront Communities-The Island (77),21,4.5,2,1.0,91.0,,43.640333,-79.379383,2017-03-12 16:23:07.395610
6207637,10969857,Entire home/apt,,Waterfront Communities-The Island (77),11,5.0,4,1.0,84.0,,43.649139,-79.371258,2017-03-12 16:23:07.392527
9751085,45083994,Entire home/apt,,The Beaches (63),4,5.0,2,1.0,100.0,,43.669273,-79.307105,2017-03-12 16:23:07.389710
16281623,742398,Entire home/apt,,Bay Street Corridor (76),1,0.0,3,1.0,92.0,,43.662918,-79.384519,2017-03-12 16:23:07.386953
17500428,12066449,Entire home/apt,,Waterfront Communities-The Island (77),0,0.0,4,1.0,88.0,,43.642551,-79.381194,2017-03-12 16:23:07.382476
4040460,17267972,Entire home/apt,,Cabbagetown-South St.James Town (71),7,4.5,2,0.0,84.0,,43.664314,-79.377498,2017-03-12 16:23:07.376862
3380355,17054515,Entire home/apt,,East End-Danforth (62),1,0.0,4,4.0,100.0,,43.685878,-79.310681,2017-03-12 16:23:06.059112
14196847,20466269,Entire home/apt,,Church-Yonge Corridor (75),9,5.0,2,1.0,88.0,,43.667631,-79.379093,2017-03-12 16:23:06.056211
6139753,7747590,Entire home/apt,,South Riverdale (70),0,0.0,2,1.0,100.0,,43.663481,-79.34076,2017-03-12 16:23:06.044643
17528479,15805307,Entire home/apt,,Waterfront Communities-The Island (77),0,0.0,3,1.0,84.0,,43.642367,-79.400196,2017-03-12 16:23:06.041282
7163804,10125823,Entire home/apt,,Moss Park (73),13,4.5,2,1.0,90.0,,43.65226,-79.369842,2017-03-12 16:23:06.038958
10874453,56338225,Entire home/apt,,Waterfront Communities-The Island (77),13,5.0,3,1.0,96.0,,43.645046,-79.401663,2017-03-12 16:22:00.722034
7217873,37784668,Entire home/apt,,Waterfront Communities-The Island (77),65,4.5,2,1.0,96.0,,43.639788,-79.397488,2017-03-12 16:22:00.719486
6025337,27495508,Entire home/apt,,Regent Park (72),68,5.0,4,1.0,83.0,,43.657838,-79.362218,2017-03-12 16:22:00.716661
15201790,29527662,Entire home/apt,,Waterfront Communities-The Island (77),10,4.5,3,1.0,84.0,,43.65199,-79.355234,2017-03-12 16:22:00.714544
9509339,49270488,Entire home/apt,,Waterfront Communities-The Island (77),120,5.0,3,1.0,91.0,,43.642007,-79.382217,2017-03-12 16:22:00.712475
2319682,5153529,Entire home/apt,,Roncesvalles (86),87,5.0,2,1.0,97.0,,43.654798,-79.450843,2017-03-12 16:22:00.709829
16531506,63880664,Entire home/apt,,Waterfront Communities-The Island (77),9,5.0,5,2.0,96.0,,43.640021,-79.398916,2017-03-12 16:22:00.707651
15253813,97010880,Entire home/apt,,Waterfront Communities-The Island (77),6,5.0,2,1.0,92.0,,43.644663,-79.394033,2017-03-12 16:22:00.704005
14789666,21245388,Entire home/apt,,Niagara (82),11,5.0,4,1.0,99.0,,43.635343,-79.405142,2017-03-12 16:22:00.701814
16911598,42611986,Entire home/apt,,Little Portugal (84),8,5.0,4,2.0,92.0,,43.641539,-79.422739,2017-03-12 16:22:00.697860
6585979,4932328,Entire home/apt,,Waterfront Communities-The Island (77),39,5.0,2,1.0,91.0,,43.644477,-79.398218,2017-03-12 16:22:00.693663
14473100,88729453,Entire home/apt,,Willowdale East (51),14,5.0,4,2.0,99.0,,43.770431,-79.412493,2017-03-12 16:22:00.689622
9594805,15689874,Entire home/apt,,Niagara (82),9,5.0,2,1.0,96.0,,43.636727,-79.401725,2017-03-12 16:22:00.686636
2607235,2927540,Entire home/apt,,Waterfront Communities-The Island (77),283,4.5,3,1.0,83.0,,43.645677,-79.386741,2017-03-12 16:21:58.003520
12932745,51741450,Entire home/apt,,Moss Park (73),111,5.0,4,2.0,84.0,,43.653003,-79.372031,2017-03-12 16:21:57.998838
14776305,91005566,Entire home/apt,,Niagara (82),22,5.0,3,1.0,84.0,,43.637708,-79.412717,2017-03-12 16:21:57.994991
16779632,3587306,Entire home/apt,,Waterfront Communities-The Island (77),26,5.0,2,1.0,88.0,,43.644856,-79.390131,2017-03-12 16:21:57.992594
16986226,97334416,Entire home/apt,,Church-Yonge Corridor (75),3,5.0,4,1.0,84.0,,43.655067,-79.378959,2017-03-12 16:21:57.990447
6079922,490177,Entire home/apt,,Waterfront Communities-The Island (77),24,5.0,3,1.0,84.0,,43.641058,-79.38213,2017-03-12 16:21:57.986711
14942890,86295816,Entire home/apt,,Waterfront Communities-The Island (77),18,4.5,3,1.0,92.0,,43.640652,-79.379951,2017-03-12 16:21:57.983716
7191482,32621396,Entire home/apt,,Yonge-Eglinton (100),50,5.0,3,1.0,91.0,,43.711435,-79.40543,2017-03-12 16:21:57.977518
843521,4403844,Entire home/apt,,Forest Hill South (101),76,4.5,4,2.0,99.0,,43.689105,-79.41412,2017-03-12 16:21:57.974742
15787282,101998346,Entire home/apt,,Waterfront Communities-The Island (77),25,5.0,4,1.0,83.0,,43.643604,-79.380441,2017-03-12 16:21:57.972144
6312390,15644003,Entire home/apt,,South Riverdale (70),59,5.0,4,1.0,88.0,,43.663095,-79.340746,2017-03-12 16:21:57.969467
15450150,19461277,Entire home/apt,,Church-Yonge Corridor (75),63,4.5,6,1.0,91.0,,43.654851,-79.375589,2017-03-12 16:21:57.967383
13145719,73308215,Entire home/apt,,Waterfront Communities-The Island (77),36,5.0,2,1.0,92.0,,43.64537,-79.375154,2017-03-12 16:21:57.964379
12789095,809517,Entire home/apt,,Niagara (82),51,5.0,2,1.0,91.0,,43.639356,-79.416494,2017-03-12 16:21:57.958937
15998219,4032576,Entire home/apt,,Bay Street Corridor (76),3,5.0,4,2.0,99.0,,43.661002,-79.385333,2017-03-12 16:21:56.614299
17109578,66236699,Entire home/apt,,Waterfront Communities-The Island (77),5,5.0,2,1.0,92.0,,43.649801,-79.389403,2017-03-12 16:21:56.611926
12083911,34373033,Entire home/apt,,Annex (95),13,5.0,4,2.0,90.0,,43.672596,-79.390434,2017-03-12 16:21:56.608901
14832702,91279407,Entire home/apt,,Bay Street Corridor (76),37,5.0,3,1.0,83.0,,43.649246,-79.381161,2017-03-12 16:21:56.600633
16068426,2079675,Entire home/apt,,Bedford Park-Nortown (39),6,5.0,3,2.0,92.0,,43.709309,-79.426208,2017-03-12 16:21:56.597150
12568616,25609138,Entire home/apt,,Annex (95),6,5.0,2,1.0,84.0,,43.67553,-79.401896,2017-03-12 16:21:56.594438
13752556,13362942,Entire home/apt,,Annex (95),8,4.5,2,1.0,92.0,,43.676074,-79.392481,2017-03-12 16:21:56.592258
11641012,61713393,Entire home/apt,,Bay Street Corridor (76),90,5.0,4,1.0,91.0,,43.668615,-79.389663,2017-03-12 16:21:56.587359
7374237,38633356,Entire home/apt,,Waterfront Communities-The Island (77),61,4.5,4,1.0,84.0,,43.651485,-79.361349,2017-03-12 16:21:56.575684
11921230,57879991,Entire home/apt,,South Riverdale (70),62,4.5,2,1.0,88.0,,43.666791,-79.337996,2017-03-12 16:21:56.573394
11720805,15942957,Entire home/apt,,Waterfront Communities-The Island (77),77,5.0,3,1.0,91.0,,43.647837,-79.397541,2017-03-12 16:21:56.570948
14099992,79920634,Entire home/apt,,Waterfront Communities-The Island (77),26,5.0,4,1.0,83.0,,43.641181,-79.382409,2017-03-12 16:21:56.567755
16940789,41296437,Entire home/apt,,Kensington-Chinatown (78),8,4.5,4,2.0,85.0,,43.651987,-79.389747,2017-03-12 16:21:54.821996
12763544,43043351,Entire home/apt,,Church-Yonge Corridor (75),123,5.0,4,1.0,88.0,,43.653966,-79.379481,2017-03-12 16:21:54.819766
14154797,85553054,Entire home/apt,,Waterfront Communities-The Island (77),34,5.0,2,1.0,83.0,,43.641921,-79.382931,2017-03-12 16:21:54.817104
14093897,28880836,Entire home/apt,,Waterfront Communities-The Island (77),19,4.5,3,1.0,99.0,,43.641864,-79.381539,2017-03-12 16:21:54.815063
8969582,6660654,Entire home/apt,,South Riverdale (70),0,0.0,2,1.0,96.0,,43.658654,-79.342773,2017-03-12 16:21:54.812429
7965463,27061226,Entire home/apt,,Casa Loma (96),38,5.0,3,1.0,96.0,,43.676903,-79.40179,2017-03-12 16:21:54.809403
17097094,47031016,Entire home/apt,,Church-Yonge Corridor (75),2,0.0,3,1.0,88.0,,43.655788,-79.378449,2017-03-12 16:21:54.806958
6587943,358731,Entire home/apt,,Kensington-Chinatown (78),25,5.0,2,1.0,96.0,,43.649211,-79.403165,2017-03-12 16:21:54.804157
13880434,82134869,Entire home/apt,,Waterfront Communities-The Island (77),70,5.0,3,1.0,99.0,,43.643149,-79.38469,2017-03-12 16:21:54.801489
15055324,76107966,Entire home/apt,,Waterfront Communities-The Island (77),9,5.0,3,1.0,96.0,,43.64112,-79.383684,2017-03-12 16:21:54.799124
9986077,14448529,Entire home/apt,,Waterfront Communities-The Island (77),69,5.0,2,1.0,87.0,,43.651727,-79.357606,2017-03-12 16:21:54.791735
5347865,22498683,Entire home/apt,,Waterfront Communities-The Island (77),174,5.0,2,1.0,99.0,,43.640871,-79.383216,2017-03-12 16:21:54.787250
15703223,29794585,Entire home/apt,,Church-Yonge Corridor (75),0,0.0,2,0.0,92.0,,43.65915,-79.381915,2017-03-12 16:21:53.168474
16898047,20513801,Entire home/apt,,Waterfront Communities-The Island (77),0,0.0,2,1.0,92.0,,43.649607,-79.387495,2017-03-12 16:21:53.166241
15773134,102005278,Entire home/apt,,Moss Park (73),12,5.0,3,1.0,99.0,,43.652227,-79.367873,2017-03-12 16:21:53.163560
13996581,1485869,Entire home/apt,,Waterfront Communities-The Island (77),7,4.5,3,1.0,96.0,,43.642419,-79.381769,2017-03-12 16:21:53.161214
16205124,97413190,Entire home/apt,,Bay Street Corridor (76),4,5.0,3,1.0,99.0,,43.664343,-79.38863,2017-03-12 16:21:53.158953
1141001,2984761,Entire home/apt,,Waterfront Communities-The Island (77),146,5.0,2,1.0,100.0,,43.640608,-79.397836,2017-03-12 16:21:53.156196
15970302,22868073,Entire home/apt,,Waterfront Communities-The Island (77),18,5.0,3,1.0,92.0,,43.645948,-79.396728,2017-03-12 16:21:53.153433
6956937,36475889,Entire home/apt,,Waterfront Communities-The Island (77),4,5.0,2,1.0,99.0,,43.644964,-79.388634,2017-03-12 16:21:53.149719
17406794,114642761,Entire home/apt,,Bay Street Corridor (76),1,0.0,4,2.0,100.0,,43.651335,-79.380994,2017-03-12 16:21:53.147397
17006052,2906674,Entire home/apt,,Greenwood-Coxwell (65),5,5.0,6,2.0,96.0,,43.667318,-79.324219,2017-03-12 16:21:53.145158
17583572,7353002,Entire home/apt,,Bay Street Corridor (76),0,0.0,2,0.0,91.0,,43.650051,-79.381112,2017-03-12 16:21:53.143002
14202809,86180044,Entire home/apt,,Niagara (82),28,5.0,3,1.0,87.0,,43.637247,-79.403757,2017-03-12 16:21:53.140509
17301237,58620219,Entire home/apt,,Church-Yonge Corridor (75),0,0.0,4,1.0,100.0,,43.655228,-79.378988,2017-03-12 16:21:53.138217
15800634,95178289,Entire home/apt,,Waterfront Communities-The Island (77),18,5.0,4,1.0,100.0,,43.648279,-79.391754,2017-03-12 16:21:53.134800
15512850,51741450,Entire home/apt,,Niagara (82),50,5.0,4,2.0,92.0,,43.635221,-79.40525,2017-03-12 16:21:53.132604
16332599,66041481,Entire home/apt,,Yorkdale-Glen Park (31),7,5.0,1,2.0,96.0,,43.715514,-79.453588,2017-03-12 16:21:53.130202
13044092,72135095,Entire home/apt,,Waterfront Communities-The Island (77),52,5.0,4,1.0,96.0,,43.644155,-79.392062,2017-03-12 16:21:53.127479
15790385,6428755,Entire home/apt,,Annex (95),1,0.0,2,1.0,96.0,,43.670891,-79.393636,2017-03-12 16:21:53.124481
14532561,88532390,Entire home/apt,,Waterfront Communities-The Island (77),61,5.0,2,0.0,84.0,,43.641216,-79.380787,2017-03-12 16:21:51.633443
16109795,3587306,Entire home/apt,,Waterfront Communities-The Island (77),21,5.0,4,1.0,88.0,,43.643688,-79.388443,2017-03-12 16:21:51.630750
14925943,37918663,Entire home/apt,,Waterfront Communities-The Island (77),45,5.0,2,0.0,92.0,,43.64189,-79.381155,2017-03-12 16:21:51.628628
9379650,48662779,Entire home/apt,,Annex (95),33,5.0,2,1.0,96.0,,43.67132,-79.388185,2017-03-12 16:21:51.626260
16025066,104237834,Entire home/apt,,South Riverdale (70),7,5.0,4,1.0,92.0,,43.652167,-79.341241,2017-03-12 16:21:51.624157
17567633,17864850,Entire home/apt,,South Parkdale (85),0,0.0,2,1.0,96.0,,43.639556,-79.424852,2017-03-12 16:21:51.621856
16516553,4884965,Entire home/apt,,Bay Street Corridor (76),22,5.0,2,0.0,96.0,,43.658737,-79.387886,2017-03-12 16:21:51.619767
15405298,8000355,Entire home/apt,,Waterfront Communities-The Island (77),18,5.0,2,1.0,100.0,,43.643215,-79.391438,2017-03-12 16:21:51.617470
4838440,19518609,Entire home/apt,,Waterfront Communities-The Island (77),309,5.0,2,1.0,99.0,,43.645378,-79.39108,2017-03-12 16:21:51.614307
15981463,89747497,Entire home/apt,,Waterfront Communities-The Island (77),40,5.0,3,1.0,100.0,,43.643359,-79.385117,2017-03-12 16:21:51.611255
15343956,57661280,Entire home/apt,,Waterfront Communities-The Island (77),48,5.0,3,1.0,99.0,,43.642418,-79.382133,2017-03-12 16:21:51.608922
16123201,105145906,Entire home/apt,,Waterfront Communities-The Island (77),15,5.0,2,1.0,96.0,,43.644951,-79.379839,2017-03-12 16:21:51.606629
12361672,66771151,Entire home/apt,,Niagara (82),16,4.0,2,1.0,100.0,,43.643083,-79.402359,2017-03-12 16:21:51.603900
11221319,19961693,Entire home/apt,,Waterfront Communities-The Island (77),38,5.0,3,1.0,96.0,,43.641517,-79.400579,2017-03-12 16:21:51.601016
15038318,9698775,Entire home/apt,,Waterfront Communities-The Island (77),49,4.5,2,0.0,99.0,,43.642254,-79.382199,2017-03-12 16:21:51.598130
17560744,13752726,Entire home/apt,,Waterfront Communities-The Island (77),0,0.0,4,2.0,99.0,,43.637485,-79.399131,2017-03-12 16:21:51.595756
12320403,490177,Entire home/apt,,Waterfront Communities-The Island (77),105,5.0,2,1.0,96.0,,43.642593,-79.381219,2017-03-12 16:21:51.591414
2078597,10547214,Entire home/apt,,Roncesvalles (86),169,5.0,2,1.0,102.0,,43.646158,-79.444583,2017-03-12 16:21:51.587958
7111847,37254762,Entire home/apt,,Islington-City Centre West (14),0,0.0,2,1.0,76.0,,43.60982,-79.558237,2017-03-12 16:21:44.342129
9785414,42520292,Entire home/apt,,Etobicoke West Mall (13),25,4.5,8,2.0,76.0,,43.639333,-79.56314,2017-03-12 16:21:41.216918
8118560,7863853,Entire home/apt,,Mimico (includes Humber Bay Shores) (17),36,4.5,2,1.0,69.0,,43.622811,-79.482609,2017-03-12 16:03:23.789546
16148207,53375266,Entire home/apt,,High Park-Swansea (87),1,0.0,3,1.0,70.0,,43.63821,-79.46994,2017-03-12 16:03:22.326540
11433470,36454673,Entire home/apt,,Runnymede-Bloor West Village (89),7,4.5,4,1.0,78.0,,43.658111,-79.48173,2017-03-12 16:03:22.324304
16944761,4124418,Entire home/apt,,Mimico (includes Humber Bay Shores) (17),0,0.0,4,1.0,75.0,,43.624674,-79.480254,2017-03-12 16:03:20.972059
2762709,14130077,Entire home/apt,,Runnymede-Bloor West Village (89),5,4.5,4,1.0,65.0,,43.654361,-79.485507,2017-03-12 16:03:19.499627
14179465,4549694,Entire home/apt,,Mimico (includes Humber Bay Shores) (17),9,5.0,3,1.0,68.0,,43.622093,-79.482696,2017-03-12 16:03:19.471963
16123006,44771084,Entire home/apt,,Mimico (includes Humber Bay Shores) (17),0,0.0,2,1.0,76.0,,43.624706,-79.485285,2017-03-12 16:03:19.463691
16941958,4124418,Entire home/apt,,Mimico (includes Humber Bay Shores) (17),2,0.0,4,1.0,75.0,,43.623706,-79.480101,2017-03-12 16:03:18.152710
5724081,29678468,Entire home/apt,,High Park North (88),8,4.5,2,1.0,76.0,,43.655759,-79.464499,2017-03-12 16:03:18.142200
16929961,4124418,Entire home/apt,,Mimico (includes Humber Bay Shores) (17),2,0.0,4,1.0,75.0,,43.624812,-79.479785,2017-03-12 16:03:18.135340
7203608,886710,Entire home/apt,,Keelesdale-Eglinton West (110),0,0.0,2,0.0,76.0,,43.681437,-79.472535,2017-03-12 16:03:16.716532
14404470,88514047,Entire home/apt,,Mimico (includes Humber Bay Shores) (17),9,5.0,2,1.0,73.0,,43.620931,-79.48249,2017-03-12 16:03:16.714462
6819429,30930634,Entire home/apt,,High Park North (88),34,5.0,4,1.0,75.0,,43.653879,-79.465621,2017-03-12 16:03:16.701707
13508240,48764777,Entire home/apt,,High Park North (88),2,0.0,2,1.0,76.0,,43.654848,-79.464863,2017-03-12 16:03:15.128986
5593660,27653101,Entire home/apt,,Mimico (includes Humber Bay Shores) (17),91,5.0,2,1.0,75.0,,43.619644,-79.481779,2017-03-12 16:03:15.112435
6812686,27077685,Entire home/apt,,High Park North (88),3,4.5,2,1.0,69.0,,43.658337,-79.464281,2017-03-12 16:03:15.100127
10681460,4103709,Entire home/apt,,Waterfront Communities-The Island (77),0,0.0,2,1.0,82.0,,43.64739,-79.391237,2017-03-12 16:02:32.262302
3808933,19574975,Entire home/apt,,High Park North (88),31,4.5,2,1.0,68.0,,43.658808,-79.459591,2017-03-12 16:01:24.643398
13522532,49452986,Entire home/apt,,Weston-Pellam Park (91),4,5.0,2,1.0,65.0,,43.680779,-79.462148,2017-03-12 16:01:24.634188
14073915,7502822,Entire home/apt,,High Park North (88),10,5.0,4,1.0,80.0,,43.654555,-79.463192,2017-03-12 16:01:24.027950
7788123,2764359,Entire home/apt,,Junction Area (90),0,0.0,1,1.0,67.0,,43.662635,-79.462711,2017-03-12 16:01:23.165641
12832568,1200367,Entire home/apt,,High Park North (88),4,5.0,2,1.0,68.0,,43.658101,-79.460915,2017-03-12 16:01:23.154968
9959333,10739331,Entire home/apt,,Waterfront Communities-The Island (77),1,0.0,6,2.0,76.0,,43.643741,-79.39343,2017-03-12 15:59:06.529710
1487170,6646441,Entire home/apt,,High Park-Swansea (87),0,0.0,4,1.0,75.0,,43.65571,-79.455183,2017-03-12 15:57:31.742854
4867506,14399368,Entire home/apt,,Dovercourt-Wallace Emerson-Junction (93),0,0.0,2,1.0,80.0,,43.662001,-79.42691,2017-03-12 15:57:30.915673
12261361,66030805,Entire home/apt,,High Park North (88),10,4.5,2,1.0,73.0,,43.662499,-79.458796,2017-03-12 15:57:23.930345
11753462,62540478,Entire home/apt,,Annex (95),5,4.5,2,0.0,75.0,,43.669427,-79.3939,2017-03-12 15:56:35.471081
15929205,919544,Entire home/apt,,Waterfront Communities-The Island (77),1,0.0,4,1.0,65.0,,43.649541,-79.392543,2017-03-12 15:55:23.915659
648896,3256040,Entire home/apt,,Woodbine-Lumsden (60),5,3.5,4,2.0,69.0,,43.696484,-79.309757,2017-03-12 15:54:18.948108
3712786,16003198,Entire home/apt,,Yorkdale-Glen Park (31),3,4.5,4,2.0,67.0,,43.709789,-79.451873,2017-03-12 15:53:38.093956
14858812,93047733,Entire home/apt,,Mount Dennis (115),2,0.0,4,1.0,73.0,,43.689655,-79.508989,2017-03-12 15:53:38.089767
8235594,12742095,Entire home/apt,,York University Heights (27),4,5.0,6,2.0,75.0,,43.76548,-79.496712,2017-03-12 15:53:36.718739
14101559,69546022,Entire home/apt,,Yorkdale-Glen Park (31),4,5.0,3,1.0,73.0,,43.713841,-79.453343,2017-03-12 15:53:35.251573
15173966,1499044,Entire home/apt,,Willowdale East (51),0,0.0,2,1.0,66.0,,43.771112,-79.407282,2017-03-12 15:53:32.221568
10243851,40585245,Entire home/apt,,Willowdale West (37),1,0.0,4,2.0,69.0,,43.777344,-79.418393,2017-03-12 15:53:30.099941
7969132,29824322,Entire home/apt,,Mimico (includes Humber Bay Shores) (17),14,4.5,2,1.0,69.0,,43.625654,-79.479566,2017-03-12 15:52:57.444951
16896061,55305846,Entire home/apt,,Lambton Baby Point (114),0,0.0,2,1.0,76.0,,43.650464,-79.485865,2017-03-12 15:52:52.639052
14649127,90961636,Entire home/apt,,Junction Area (90),0,0.0,2,1.0,64.0,,43.664496,-79.465696,2017-03-12 15:52:52.632662
17529804,10056447,Entire home/apt,,Junction Area (90),0,0.0,4,1.0,77.0,,43.66431,-79.470696,2017-03-12 15:52:51.161777
14537971,65076774,Entire home/apt,,Runnymede-Bloor West Village (89),5,4.5,2,1.0,75.0,,43.664511,-79.486922,2017-03-12 15:52:51.158212
16945275,4124418,Entire home/apt,,Mimico (includes Humber Bay Shores) (17),2,0.0,4,1.0,75.0,,43.62512,-79.47972,2017-03-12 15:52:51.154318
14992737,94523952,Entire home/apt,,Mimico (includes Humber Bay Shores) (17),13,5.0,2,1.0,69.0,,43.623101,-79.481398,2017-03-12 15:52:51.144975
6059193,5819896,Entire home/apt,,Stonegate-Queensway (16),59,4.5,2,1.0,80.0,,43.636293,-79.497497,2017-03-12 15:52:50.244030
15986675,97542710,Entire home/apt,,Junction Area (90),5,4.5,4,2.0,68.0,,43.664908,-79.461236,2017-03-12 15:52:48.148100
13616697,78842238,Entire home/apt,,Islington-City Centre West (14),12,5.0,2,2.0,73.0,,43.643363,-79.52765,2017-03-12 15:52:46.518161
16228120,18691180,Entire home/apt,,Mimico (includes Humber Bay Shores) (17),2,0.0,3,1.0,80.0,,43.624099,-79.488938,2017-03-12 15:52:45.678400
17527245,106154134,Entire home/apt,,Yorkdale-Glen Park (31),0,0.0,2,2.0,65.0,,43.713351,-79.454594,2017-03-12 15:52:42.777291
14967843,94263650,Entire home/apt,,Mimico (includes Humber Bay Shores) (17),6,5.0,2,1.0,73.0,,43.612933,-79.490395,2017-03-12 15:52:41.961472
7272408,29155385,Entire home/apt,,High Park North (88),43,5.0,4,1.0,75.0,,43.656846,-79.467193,2017-03-12 15:52:41.222590
15129388,95913703,Entire home/apt,,Mimico (includes Humber Bay Shores) (17),2,0.0,2,1.0,68.0,,43.625345,-79.477463,2017-03-12 15:52:41.213548
7321381,4356799,Entire home/apt,,Mimico (includes Humber Bay Shores) (17),16,4.5,4,1.0,73.0,,43.615294,-79.490499,2017-03-12 15:52:40.133881
6661464,2119717,Entire home/apt,,Runnymede-Bloor West Village (89),68,5.0,2,1.0,65.0,,43.659987,-79.484867,2017-03-12 15:52:40.113402
7930390,10438483,Entire home/apt,,Mimico (includes Humber Bay Shores) (17),30,5.0,2,1.0,70.0,,43.62576,-79.485536,2017-03-12 15:52:39.413654
13842395,49817617,Entire home/apt,,Islington-City Centre West (14),12,5.0,2,1.0,76.0,,43.622203,-79.52112,2017-03-12 15:52:39.395710
13847090,4244658,Entire home/apt,,High Park North (88),4,5.0,4,2.0,76.0,,43.655429,-79.466841,2017-03-12 15:52:36.893806
10440258,11806570,Entire home/apt,,Mimico (includes Humber Bay Shores) (17),17,5.0,2,1.0,78.0,,43.62327,-79.482511,2017-03-12 15:52:36.883373
1483630,3800844,Entire home/apt,,South Parkdale (85),5,5.0,2,1.0,73.0,,43.640889,-79.430161,2017-03-12 15:52:31.718465
13856424,46742871,Entire home/apt,,Niagara (82),5,5.0,3,1.0,69.0,,43.640061,-79.414265,2017-03-12 15:51:56.196161
11179873,58184148,Entire home/apt,,Waterfront Communities-The Island (77),13,5.0,2,1.0,75.0,,43.643651,-79.400498,2017-03-12 15:49:31.402880
13376792,41269818,Entire home/apt,,Niagara (82),1,0.0,2,0.0,65.0,,43.645459,-79.410269,2017-03-12 15:49:29.973334
14350996,36474632,Entire home/apt,,Waterfront Communities-The Island (77),6,4.0,3,2.0,76.0,,43.637164,-79.399311,2017-03-12 15:49:29.962434
7934352,697031,Entire home/apt,,Niagara (82),0,0.0,2,1.0,80.0,,43.638005,-79.402098,2017-03-12 15:49:29.957957
4588044,17266297,Entire home/apt,,Niagara (82),8,4.5,2,0.0,67.0,,43.634738,-79.399999,2017-03-12 15:49:29.955091
8506777,44617869,Entire home/apt,,Niagara (82),5,5.0,4,1.0,78.0,,43.643046,-79.413523,2017-03-12 15:49:28.281036
12628131,68546908,Entire home/apt,,Don Valley Village (47),22,5.0,3,1.0,88.0,,43.772721,-79.359024,2017-03-12 16:22:24.196151
14126057,35499709,Entire home/apt,,Lawrence Park South (103),25,5.0,4,1.0,99.0,,43.718178,-79.400676,2017-03-12 16:22:24.193919
15500037,99557688,Entire home/apt,,Ionview (125),2,0.0,4,2.0,100.0,,43.729341,-79.272221,2017-03-12 16:22:24.191736
9248020,47350896,Entire home/apt,,Tam O'Shanter-Sullivan (118),12,4.5,4,3.0,99.0,,43.775234,-79.312494,2017-03-12 16:22:24.187930
13858835,80668680,Entire home/apt,,Lawrence Park South (103),4,5.0,4,2.0,96.0,,43.724447,-79.400393,2017-03-12 16:22:24.181561
5897304,27495508,Entire home/apt,,Wexford/Maryvale (119),14,4.5,5,3.0,83.0,,43.755284,-79.292153,2017-03-12 16:22:24.177447
9683876,44036349,Entire home/apt,,Agincourt South-Malvern West (128),12,4.5,3,1.0,92.0,,43.778483,-79.281514,2017-03-12 16:22:24.174013
6812332,35664525,Entire home/apt,,Parkwoods-Donalda (45),31,4.5,6,3.0,99.0,,43.763915,-79.330436,2017-03-12 16:22:22.753911
15165467,96232022,Entire home/apt,,Willowdale East (51),11,5.0,4,2.0,92.0,,43.75918,-79.40455,2017-03-12 16:22:22.751478
16084124,104823346,Entire home/apt,,Mount Pleasant West (104),5,5.0,4,1.0,93.0,,43.706272,-79.389739,2017-03-12 16:22:22.749066
17652557,111606404,Entire home/apt,,Mount Pleasant West (104),0,0.0,3,0.0,100.0,,43.706276,-79.394225,2017-03-12 16:22:22.744413
16670880,108985776,Entire home/apt,,Milliken (130),0,0.0,8,3.0,83.0,,43.815446,-79.284308,2017-03-12 16:22:22.742265
14537849,12514772,Entire home/apt,,Morningside (135),3,4.5,5,2.0,100.0,,43.788742,-79.217232,2017-03-12 16:22:22.735361
13092758,72687968,Entire home/apt,,Morningside (135),1,0.0,4,2.0,88.0,,43.789038,-79.214294,2017-03-12 16:22:22.732429
14315183,87485998,Entire home/apt,,Oakridge (121),25,4.5,6,3.0,96.0,,43.698589,-79.272334,2017-03-12 16:22:22.723994
17473580,23194639,Entire home/apt,,Bendale (127),0,0.0,2,1.0,98.0,,43.749864,-79.240183,2017-03-12 16:22:22.717857
6423177,33512785,Entire home/apt,,Agincourt South-Malvern West (128),36,5.0,6,3.0,85.0,,43.789519,-79.249786,2017-03-12 16:22:22.714808
4854530,22968865,Entire home/apt,,Bendale (127),6,5.0,5,1.0,83.0,,43.772702,-79.255525,2017-03-12 16:22:22.709044
8172374,36897204,Entire home/apt,,Dovercourt-Wallace Emerson-Junction (93),24,4.5,7,2.0,96.0,,43.665735,-79.44755,2017-03-12 16:22:19.877386
5631851,29188781,Entire home/apt,,Waterfront Communities-The Island (77),3,4.5,3,1.0,91.0,,43.640495,-79.383654,2017-03-12 16:22:19.874486
16792551,66811794,Entire home/apt,,Mimico (includes Humber Bay Shores) (17),3,4.5,3,1.0,92.0,,43.62142,-79.483916,2017-03-12 16:22:19.872278
13999221,50816345,Entire home/apt,,Kensington-Chinatown (78),3,4.5,3,1.0,100.0,,43.650353,-79.390489,2017-03-12 16:22:19.869556
10059703,51619190,Entire home/apt,,Mount Pleasant West (104),10,5.0,2,1.0,88.0,,43.705267,-79.397736,2017-03-12 16:22:19.866824
110592,568175,Entire home/apt,,Niagara (82),46,5.0,4,1.0,92.0,,43.639019,-79.415134,2017-03-12 16:22:19.861731
16050201,83380695,Entire home/apt,,Mount Pleasant West (104),1,0.0,2,1.0,88.0,,43.710608,-79.398109,2017-03-12 16:22:19.854355
7859284,41388159,Entire home/apt,,Waterfront Communities-The Island (77),25,4.5,2,1.0,83.0,,43.639219,-79.399052,2017-03-12 16:22:19.851046
16312210,80157338,Entire home/apt,,Bay Street Corridor (76),1,0.0,4,2.0,92.0,,43.665095,-79.387025,2017-03-12 16:22:19.848006
15356182,97986490,Entire home/apt,,Waterfront Communities-The Island (77),32,4.5,4,1.0,96.0,,43.646616,-79.376492,2017-03-12 16:22:19.845822
15404632,82134869,Entire home/apt,,Waterfront Communities-The Island (77),27,4.5,3,1.0,83.0,,43.641855,-79.383305,2017-03-12 16:22:19.842995
12962135,68396879,Entire home/apt,,Waterfront Communities-The Island (77),5,5.0,2,1.0,99.0,,43.643083,-79.379102,2017-03-12 16:22:19.839462
6140766,29038344,Entire home/apt,,Little Portugal (84),26,4.5,4,1.0,99.0,,43.6477,-79.424426,2017-03-12 16:22:17.643086
12517394,53992308,Entire home/apt,,Waterfront Communities-The Island (77),0,0.0,3,1.0,96.0,,43.64083,-79.398072,2017-03-12 16:22:17.640791
4709371,21245388,Entire home/apt,,Moss Park (73),81,5.0,6,2.0,96.0,,43.655146,-79.360027,2017-03-12 16:22:17.637685
11827143,62011001,Entire home/apt,,Niagara (82),46,5.0,4,1.0,103.0,,43.637535,-79.4158,2017-03-12 16:22:17.634641
15248662,86295816,Entire home/apt,,Waterfront Communities-The Island (77),18,4.5,2,1.0,91.0,,43.643217,-79.381402,2017-03-12 16:22:17.632033
16081584,104697538,Entire home/apt,,Yorkdale-Glen Park (31),0,0.0,2,1.0,103.0,,43.72301,-79.456715,2017-03-12 16:22:17.629820
16700143,31416731,Entire home/apt,,Waterfront Communities-The Island (77),0,0.0,2,1.0,96.0,,43.64141,-79.382513,2017-03-12 16:22:17.627163
4052028,21011931,Entire home/apt,,Lansing-Westgate (38),35,4.5,5,3.0,92.0,,43.766886,-79.418446,2017-03-12 16:22:17.624020
14503735,809517,Entire home/apt,,Niagara (82),7,5.0,2,1.0,103.0,,43.637205,-79.415848,2017-03-12 16:22:17.621167
13636066,27293592,Entire home/apt,,South Riverdale (70),15,5.0,2,1.0,103.0,,43.663154,-79.340128,2017-03-12 16:22:17.615187
8265924,43573524,Entire home/apt,,South Riverdale (70),23,5.0,2,1.0,92.0,,43.661786,-79.342067,2017-03-12 16:22:17.610281
1886850,9612740,Entire home/apt,,Roncesvalles (86),63,5.0,2,1.0,92.0,,43.640443,-79.446608,2017-03-12 16:22:17.606839
10633629,54893250,Entire home/apt,,Waterfront Communities-The Island (77),9,4.5,3,2.0,92.0,,43.649783,-79.388125,2017-03-12 16:22:17.600510
15903030,19461277,Entire home/apt,,Moss Park (73),56,4.5,8,2.0,99.0,,43.654535,-79.37352,2017-03-12 16:22:16.352015
15043169,43110188,Entire home/apt,,Waterfront Communities-The Island (77),4,5.0,4,1.0,90.0,,43.645474,-79.402288,2017-03-12 16:22:16.348072
4135036,2117081,Entire home/apt,,Church-Yonge Corridor (75),30,4.5,4,2.0,84.0,,43.666713,-79.382636,2017-03-12 16:22:16.344767
3961790,8897259,Entire home/apt,,Niagara (82),126,5.0,2,1.0,96.0,,43.639437,-79.417061,2017-03-12 16:22:16.341427
17499180,32191081,Entire home/apt,,Waterfront Communities-The Island (77),1,0.0,2,1.0,92.0,,43.641868,-79.400397,2017-03-12 16:22:16.337510
16875596,38612727,Entire home/apt,,Waterfront Communities-The Island (77),0,0.0,3,1.0,96.0,,43.649208,-79.391749,2017-03-12 16:22:16.335073
9172645,47735319,Entire home/apt,,Waterfront Communities-The Island (77),13,5.0,2,1.0,103.0,,43.645332,-79.398356,2017-03-12 16:22:16.332905
14833670,26596384,Entire home/apt,,Trinity-Bellwoods (81),51,5.0,6,3.0,99.0,,43.653764,-79.424384,2017-03-12 16:22:16.330282
9254288,20408425,Entire home/apt,,Kensington-Chinatown (78),46,4.5,4,2.0,103.0,,43.65531,-79.403803,2017-03-12 16:22:16.327100
6377437,13066292,Entire home/apt,,Little Portugal (84),91,4.5,4,2.0,96.0,,43.64853,-79.430409,2017-03-12 16:22:16.321052
7227069,32607998,Entire home/apt,,Annex (95),40,4.5,2,1.0,92.0,,43.6713,-79.394055,2017-03-12 16:22:16.318517
14950713,17340646,Entire home/apt,,Waterfront Communities-The Island (77),5,5.0,2,1.0,96.0,,43.643216,-79.389214,2017-03-12 16:22:16.312058
15998265,12010137,Entire home/apt,,Niagara (82),5,5.0,2,1.0,96.0,,43.640495,-79.413429,2017-03-12 16:22:16.306967
6918683,34600680,Entire home/apt,,Niagara (82),65,5.0,2,1.0,88.0,,43.640778,-79.415769,2017-03-12 16:22:14.876579
15799461,5078585,Entire home/apt,,Roncesvalles (86),0,0.0,4,2.0,99.0,,43.642518,-79.438871,2017-03-12 16:22:14.873919
15980121,49825717,Entire home/apt,,Moss Park (73),9,4.5,3,1.0,84.0,,43.653937,-79.366996,2017-03-12 16:22:14.871628
13565668,64154392,Entire home/apt,,Mimico (includes Humber Bay Shores) (17),23,4.5,2,1.0,100.0,,43.621914,-79.480514,2017-03-12 16:22:14.869345
9297579,12066449,Entire home/apt,,Waterfront Communities-The Island (77),53,5.0,4,1.0,91.0,,43.643102,-79.380696,2017-03-12 16:22:14.864697
8815220,3853763,Entire home/apt,,Kensington-Chinatown (78),5,5.0,3,1.0,96.0,,43.653137,-79.389293,2017-03-12 16:22:14.859674
15732193,8935977,Entire home/apt,,Church-Yonge Corridor (75),3,5.0,2,1.0,84.0,,43.658367,-79.381706,2017-03-12 16:22:14.857353
17571984,18839267,Entire home/apt,,Waterfront Communities-The Island (77),0,0.0,2,1.0,99.0,,43.641052,-79.381818,2017-03-12 16:22:14.855101
16032283,104302792,Entire home/apt,,Rosedale-Moore Park (98),19,4.5,4,2.0,103.0,,43.67242,-79.386158,2017-03-12 16:22:14.852789
17105427,110675875,Entire home/apt,,Junction Area (90),2,0.0,2,0.0,96.0,,43.665579,-79.461649,2017-03-12 16:22:14.850418
11068703,28880836,Entire home/apt,,Waterfront Communities-The Island (77),52,4.5,3,1.0,83.0,,43.642624,-79.38053,2017-03-12 16:22:14.848214
13224655,20790507,Entire home/apt,,Waterfront Communities-The Island (77),31,4.5,4,1.0,91.0,,43.642558,-79.381793,2017-03-12 16:22:14.841828
15774190,24045415,Entire home/apt,,Niagara (82),17,5.0,4,2.0,100.0,,43.637882,-79.405278,2017-03-12 16:22:14.839809
14227395,84584477,Entire home/apt,,The Beaches (63),12,4.5,3,2.0,91.0,,43.671962,-79.296039,2017-03-12 16:22:14.836712
6423897,2339757,Entire home/apt,,Kensington-Chinatown (78),3,5.0,3,1.0,96.0,,43.656075,-79.400056,2017-03-12 16:22:14.830937
9608331,45808241,Entire home/apt,,Waterfront Communities-The Island (77),74,5.0,2,1.0,92.0,,43.643343,-79.389742,2017-03-12 16:22:13.430637
1906242,147449,Entire home/apt,,Church-Yonge Corridor (75),65,5.0,2,1.0,96.0,,43.668598,-79.38265,2017-03-12 16:22:13.427753
4086038,21194775,Entire home/apt,,Church-Yonge Corridor (75),55,5.0,2,0.0,92.0,,43.654626,-79.377908,2017-03-12 16:22:13.425030
17637979,119965451,Entire home/apt,,Waterfront Communities-The Island (77),0,0.0,2,1.0,84.0,,43.641527,-79.38234,2017-03-12 16:22:13.422753
17233928,14564828,Entire home/apt,,Waterfront Communities-The Island (77),1,0.0,2,1.0,88.0,,43.647359,-79.395157,2017-03-12 16:22:13.420163
17669835,2984761,Entire home/apt,,Waterfront Communities-The Island (77),0,0.0,2,1.0,92.0,,43.643892,-79.398417,2017-03-12 16:22:13.417866
8276243,43349209,Entire home/apt,,Church-Yonge Corridor (75),18,5.0,3,1.0,85.0,,43.660722,-79.381135,2017-03-12 16:22:13.415044
16665771,6254744,Entire home/apt,,South Riverdale (70),4,5.0,6,3.0,96.0,,43.665641,-79.328709,2017-03-12 16:22:13.412852
16347366,5323254,Entire home/apt,,Waterfront Communities-The Island (77),1,0.0,2,1.0,100.0,,43.647239,-79.393768,2017-03-12 16:22:13.407009
15757531,1519707,Entire home/apt,,Waterfront Communities-The Island (77),6,4.5,4,1.0,98.0,,43.644087,-79.400641,2017-03-12 16:22:13.400006
15749438,101795023,Entire home/apt,,Weston (113),5,5.0,5,2.0,88.0,,43.708505,-79.533112,2017-03-12 16:22:13.397653
16686322,28055296,Entire home/apt,,Waterfront Communities-The Island (77),3,5.0,2,1.0,96.0,,43.643311,-79.390139,2017-03-12 16:22:13.394957
6577468,34407024,Entire home/apt,,Niagara (82),45,5.0,2,1.0,97.0,,43.640711,-79.410972,2017-03-12 16:22:12.029209
4490925,21339871,Entire home/apt,,Waterfront Communities-The Island (77),150,5.0,5,2.0,99.0,,43.641851,-79.383599,2017-03-12 16:22:12.024454
15218333,33149802,Entire home/apt,,Church-Yonge Corridor (75),4,5.0,2,1.0,100.0,,43.652626,-79.375208,2017-03-12 16:22:12.022183
14843208,92890345,Entire home/apt,,Waterfront Communities-The Island (77),14,5.0,2,1.0,92.0,,43.648388,-79.397523,2017-03-12 16:22:12.019915
13879429,881076,Entire home/apt,,Weston-Pellam Park (91),0,0.0,6,3.0,93.0,,43.669904,-79.460234,2017-03-12 16:22:12.015787
8674539,45563128,Entire home/apt,,Moss Park (73),36,5.0,2,1.0,91.0,,43.651359,-79.371495,2017-03-12 16:22:12.012485
17592028,58772726,Entire home/apt,,Mount Pleasant West (104),0,0.0,2,1.0,91.0,,43.712718,-79.39642,2017-03-12 16:22:12.010349
16407247,49288354,Entire home/apt,,Waterfront Communities-The Island (77),2,0.0,3,1.0,96.0,,43.643273,-79.39251,2017-03-12 16:22:12.006208
12629910,65295387,Entire home/apt,,North St.James Town (74),31,4.5,2,1.0,84.0,,43.670605,-79.378169,2017-03-12 16:22:11.995800
10808226,55952944,Entire home/apt,,Leaside-Bennington (56),26,5.0,5,2.0,98.0,,43.706374,-79.36546,2017-03-12 16:22:11.992583
9331921,48432866,Entire home/apt,,Bay Street Corridor (76),15,4.5,2,1.0,84.0,,43.654412,-79.385184,2017-03-12 16:22:11.990295
7126527,9433198,Entire home/apt,,South Riverdale (70),59,5.0,3,1.0,96.0,,43.663787,-79.338948,2017-03-12 16:22:11.987468
14935549,18839267,Entire home/apt,,Niagara (82),21,4.5,5,2.0,99.0,,43.635669,-79.407256,2017-03-12 16:22:11.985036
16405368,84766143,Entire home/apt,,Waterfront Communities-The Island (77),1,0.0,2,0.0,84.0,,43.641979,-79.382404,2017-03-12 16:22:10.598756
7512497,13066292,Entire home/apt,,Little Portugal (84),78,4.5,4,2.0,97.0,,43.649747,-79.430704,2017-03-12 16:22:10.588759
14059201,49288354,Entire home/apt,,Waterfront Communities-The Island (77),3,5.0,3,1.0,84.0,,43.643629,-79.390325,2017-03-12 16:22:10.585188
15357478,97334416,Entire home/apt,,Church-Yonge Corridor (75),53,5.0,3,0.0,84.0,,43.654918,-79.379518,2017-03-12 16:22:10.581334
6937961,1684087,Entire home/apt,,Willowdale East (51),10,5.0,2,1.0,96.0,,43.762569,-79.410061,2017-03-12 16:22:10.576935
12584857,21245388,Entire home/apt,,Niagara (82),6,5.0,4,2.0,99.0,,43.641826,-79.411363,2017-03-12 16:22:10.570942
15967672,70561183,Entire home/apt,,Waterfront Communities-The Island (77),3,4.5,5,2.0,92.0,,43.639537,-79.393849,2017-03-12 16:22:10.563390
11179329,5340132,Entire home/apt,,Waterfront Communities-The Island (77),15,5.0,3,1.0,96.0,,43.640145,-79.396443,2017-03-12 16:22:10.561134
5091882,25900143,Entire home/apt,,Niagara (82),9,5.0,2,1.0,92.0,,43.642305,-79.411166,2017-03-12 16:22:10.555730
9969830,21023651,Entire home/apt,,Niagara (82),99,5.0,3,0.0,89.0,,43.63591,-79.406709,2017-03-12 16:22:09.507984
6702085,8821150,Entire home/apt,,Church-Yonge Corridor (75),11,5.0,2,1.0,92.0,,43.661569,-79.378701,2017-03-12 16:22:09.504192
16900805,102148880,Entire home/apt,,Waterfront Communities-The Island (77),4,5.0,2,1.0,91.0,,43.640413,-79.383406,2017-03-12 16:22:09.502025
6885585,24817372,Entire home/apt,,Waterfront Communities-The Island (77),70,5.0,2,1.0,102.0,,43.640249,-79.382236,2017-03-12 16:22:09.499547
13924206,28799607,Entire home/apt,,Mimico (includes Humber Bay Shores) (17),9,4.5,2,1.0,100.0,,43.623333,-79.482657,2017-03-12 16:22:09.493190
9747934,50285336,Entire home/apt,,Church-Yonge Corridor (75),14,5.0,2,1.0,103.0,,43.667087,-79.381139,2017-03-12 16:22:09.486119
11400266,50396723,Entire home/apt,,Willowdale West (37),37,5.0,3,1.0,97.0,,43.768924,-79.413359,2017-03-12 16:22:09.482883
11083060,21024386,Entire home/apt,,Annex (95),23,5.0,3,1.0,100.0,,43.671675,-79.388924,2017-03-12 16:22:09.478336
17666002,3360556,Entire home/apt,,Niagara (82),0,0.0,2,1.0,96.0,,43.638797,-79.415148,2017-03-12 16:22:09.471878
9219823,47942377,Entire home/apt,,Niagara (82),23,4.5,3,1.0,103.0,,43.638507,-79.400942,2017-03-12 16:22:09.466292
14817934,1039434,Entire home/apt,,Waterfront Communities-The Island (77),6,5.0,3,1.0,99.0,,43.649445,-79.393112,2017-03-12 16:22:09.463000
2908087,7042370,Entire home/apt,,Palmerston-Little Italy (80),4,4.5,4,2.0,96.0,,43.653905,-79.426206,2017-03-12 16:22:09.458711
17570124,117998634,Entire home/apt,,High Park North (88),0,0.0,2,1.0,84.0,,43.655199,-79.462749,2017-03-12 16:22:07.629393
11676518,51370449,Entire home/apt,,Bay Street Corridor (76),62,4.0,5,2.0,84.0,,43.664918,-79.384713,2017-03-12 16:22:07.624436
10521800,1356441,Entire home/apt,,Trinity-Bellwoods (81),80,5.0,5,2.0,91.0,,43.645354,-79.421152,2017-03-12 16:22:07.619805
13208060,27736475,Entire home/apt,,Niagara (82),1,0.0,2,1.0,76.0,,43.639359,-79.411702,2017-03-12 15:49:28.256886
4351008,4544400,Entire home/apt,,Little Portugal (84),8,5.0,2,1.0,69.0,,43.641962,-79.423082,2017-03-12 15:49:09.068847
8409702,4142831,Entire home/apt,,Little Portugal (84),9,5.0,3,1.0,75.0,,43.642095,-79.424153,2017-03-12 15:49:09.064288
9148699,9950211,Entire home/apt,,South Parkdale (85),2,0.0,4,2.0,73.0,,43.640189,-79.434902,2017-03-12 15:49:09.058830
5996394,31131006,Entire home/apt,,South Parkdale (85),17,4.5,3,1.0,73.0,,43.640611,-79.433701,2017-03-12 15:49:09.055684
15883613,14078716,Entire home/apt,,Little Portugal (84),0,0.0,2,0.0,75.0,,43.652318,-79.433393,2017-03-12 15:49:07.694401
638500,3178928,Entire home/apt,,South Parkdale (85),10,4.0,5,3.0,73.0,,43.639119,-79.439461,2017-03-12 15:49:06.280020
10589934,54635873,Entire home/apt,,South Parkdale (85),7,4.5,1,1.0,76.0,,43.633815,-79.434298,2017-03-12 15:48:19.313199
15336120,20533317,Entire home/apt,,Waterfront Communities-The Island (77),1,0.0,2,1.0,65.0,,43.646068,-79.393954,2017-03-12 15:48:03.050095
17079094,23946931,Entire home/apt,,Waterfront Communities-The Island (77),0,0.0,4,1.0,75.0,,43.640128,-79.39378,2017-03-12 15:48:01.881302
3257102,10989200,Entire home/apt,,Waterfront Communities-The Island (77),0,0.0,2,1.0,75.0,,43.639078,-79.39355,2017-03-12 15:48:01.874685
15115702,64615527,Entire home/apt,,Niagara (82),9,5.0,2,0.0,76.0,,43.641554,-79.413344,2017-03-12 15:48:00.252114
1312137,687621,Entire home/apt,,Kensington-Chinatown (78),5,4.0,1,1.0,76.0,,43.653241,-79.400484,2017-03-12 15:45:46.974851
3293870,8702770,Entire home/apt,,Annex (95),0,0.0,3,1.0,65.0,,43.670056,-79.401333,2017-03-12 15:45:41.765814
13296250,58785382,Entire home/apt,,Waterfront Communities-The Island (77),1,0.0,4,1.0,67.0,,43.647965,-79.393281,2017-03-12 15:45:40.298880
16315089,6702738,Entire home/apt,,Yonge-St.Clair (97),0,0.0,3,1.0,69.0,,43.691902,-79.395658,2017-03-12 15:45:00.098266
16179712,105642272,Entire home/apt,,Casa Loma (96),0,0.0,2,1.0,69.0,,43.687296,-79.404615,2017-03-12 15:45:00.088747
13859664,842262,Entire home/apt,,Waterfront Communities-The Island (77),0,0.0,2,1.0,76.0,,43.644244,-79.391677,2017-03-12 15:43:59.773127
4855846,5428851,Entire home/apt,,Waterfront Communities-The Island (77),1,0.0,3,1.0,73.0,,43.641996,-79.392052,2017-03-12 15:43:59.770245
15002229,90435104,Entire home/apt,,Waterfront Communities-The Island (77),0,0.0,5,2.0,70.0,,43.639766,-79.393917,2017-03-12 15:43:59.765634
14429730,24550838,Entire home/apt,,Waterfront Communities-The Island (77),2,0.0,4,1.0,76.0,,43.640328,-79.394139,2017-03-12 15:43:58.433021
11592018,21719181,Entire home/apt,,Waterfront Communities-The Island (77),3,4.5,3,2.0,67.0,,43.645031,-79.393231,2017-03-12 15:43:58.427362
5336557,26331360,Entire home/apt,,Waterfront Communities-The Island (77),4,5.0,2,1.0,76.0,,43.642638,-79.392831,2017-03-12 15:43:58.416333
15143271,39942053,Entire home/apt,,Cabbagetown-South St.James Town (71),2,0.0,3,0.0,76.0,,43.664049,-79.374454,2017-03-12 15:42:39.341769
1401815,7567825,Entire home/apt,,Blake-Jones (69),4,4.0,4,2.0,73.0,,43.677525,-79.336694,2017-03-12 15:42:02.117788
11326879,43544823,Entire home/apt,,Bay Street Corridor (76),15,4.5,4,1.0,80.0,,43.663251,-79.387305,2017-03-12 15:41:59.558575
6875385,1597091,Entire home/apt,,Bay Street Corridor (76),2,0.0,2,1.0,76.0,,43.65717,-79.382372,2017-03-12 15:41:56.927121
7788779,9691044,Entire home/apt,,North Riverdale (68),1,0.0,3,1.0,76.0,,43.666911,-79.347538,2017-03-12 15:41:54.040282
5629942,809517,Entire home/apt,,Waterfront Communities-The Island (77),103,5.0,3,1.0,68.0,,43.639873,-79.398188,2017-03-12 15:40:37.522479
13495175,5819006,Entire home/apt,,Waterfront Communities-The Island (77),3,5.0,2,1.0,80.0,,43.64359,-79.400373,2017-03-12 15:40:01.270804
9237282,18318919,Entire home/apt,,Waterfront Communities-The Island (77),47,5.0,2,1.0,73.0,,43.643402,-79.400552,2017-03-12 15:40:01.267713
12954185,1294288,Entire home/apt,,Trinity-Bellwoods (81),6,4.0,2,1.0,65.0,,43.646536,-79.412935,2017-03-12 15:40:00.074186
13019979,71879132,Entire home/apt,,Niagara (82),3,4.5,2,0.0,69.0,,43.637405,-79.401178,2017-03-12 15:40:00.067018
2746383,2698973,Entire home/apt,,Niagara (82),5,5.0,3,1.0,76.0,,43.638486,-79.41406,2017-03-12 15:40:00.060117
14950155,69031177,Entire home/apt,,Waterfront Communities-The Island (77),1,0.0,2,1.0,73.0,,43.643402,-79.401271,2017-03-12 15:40:00.047433
13996854,83602391,Entire home/apt,,Niagara (82),9,5.0,2,0.0,68.0,,43.639418,-79.412536,2017-03-12 15:39:58.658600
2013973,10360224,Entire home/apt,,Niagara (82),3,5.0,4,1.0,81.0,,43.641007,-79.413635,2017-03-12 15:39:58.651704
14481945,1308180,Entire home/apt,,Niagara (82),3,4.5,2,1.0,73.0,,43.642385,-79.413915,2017-03-12 15:39:58.640575
6780287,35494196,Entire home/apt,,Niagara (82),30,5.0,3,2.0,76.0,,43.638066,-79.418549,2017-03-12 15:39:58.637851
5780055,29987494,Entire home/apt,,South Parkdale (85),0,0.0,1,1.0,73.0,,43.63932,-79.425061,2017-03-12 15:39:58.630068
14087949,59461838,Entire home/apt,,South Parkdale (85),5,4.5,4,1.0,75.0,,43.638075,-79.439348,2017-03-12 15:39:57.811368
14714324,91559329,Entire home/apt,,Niagara (82),1,0.0,2,1.0,75.0,,43.637395,-79.413857,2017-03-12 15:39:57.804180
6760583,32226211,Entire home/apt,,South Parkdale (85),0,0.0,2,1.0,76.0,,43.637045,-79.445132,2017-03-12 15:39:57.788993
9249177,48061579,Entire home/apt,,Trinity-Bellwoods (81),17,4.5,3,1.0,75.0,,43.645348,-79.419205,2017-03-12 15:39:57.782728
10252491,6719730,Entire home/apt,,Niagara (82),0,0.0,2,1.0,65.0,,43.63959,-79.41237,2017-03-12 15:39:57.774963
14788483,7477501,Entire home/apt,,South Parkdale (85),3,5.0,3,1.0,81.0,,43.637268,-79.439606,2017-03-12 15:39:56.715726
15869228,72029690,Entire home/apt,,Niagara (82),0,0.0,2,1.0,75.0,,43.639101,-79.41256,2017-03-12 15:39:56.707787
7108294,12665126,Entire home/apt,,Niagara (82),2,0.0,2,1.0,69.0,,43.637882,-79.415017,2017-03-12 15:39:55.451168
17048655,101725087,Entire home/apt,,Niagara (82),0,0.0,4,1.0,76.0,,43.638449,-79.420334,2017-03-12 15:39:55.440049
4589531,12326212,Entire home/apt,,South Parkdale (85),24,4.5,4,1.0,75.0,,43.637574,-79.420375,2017-03-12 15:39:53.145635
6909309,36207603,Entire home/apt,,Niagara (82),9,5.0,3,1.0,75.0,,43.639995,-79.415762,2017-03-12 15:39:52.541594
17046358,2085314,Entire home/apt,,South Parkdale (85),0,0.0,4,1.0,76.0,,43.636749,-79.429129,2017-03-12 15:39:52.532082
6274443,32609441,Entire home/apt,,Niagara (82),56,4.5,2,1.0,75.0,,43.636689,-79.418843,2017-03-12 15:39:51.364404
7921124,1864388,Entire home/apt,,High Park-Swansea (87),18,5.0,2,1.0,68.0,,43.641443,-79.448886,2017-03-12 15:39:51.361116
2578190,13203114,Entire home/apt,,South Parkdale (85),55,4.5,2,1.0,73.0,,43.637993,-79.421238,2017-03-12 15:39:50.125664
16071060,2276829,Entire home/apt,,Waterfront Communities-The Island (77),0,0.0,2,1.0,69.0,,43.639278,-79.399532,2017-03-12 15:39:37.588267
13421275,34269362,Entire home/apt,,Waterfront Communities-The Island (77),2,0.0,4,1.0,65.0,,43.64336,-79.392593,2017-03-12 15:39:37.581885
13492413,60229912,Entire home/apt,,Waterfront Communities-The Island (77),7,4.5,4,1.0,75.0,,43.636959,-79.397338,2017-03-12 15:39:35.374696
17219425,115938239,Entire home/apt,,Niagara (82),0,0.0,4,1.0,69.0,,43.637722,-79.400318,2017-03-12 15:39:34.217822
11971901,63962931,Entire home/apt,,Waterfront Communities-The Island (77),4,4.5,9,2.0,68.0,,43.641879,-79.383521,2017-03-12 15:39:23.506544
5281143,19984389,Entire home/apt,,Waterfront Communities-The Island (77),7,4.5,2,1.0,75.0,,43.641523,-79.395786,2017-03-12 15:39:13.002690
3859359,19505026,Entire home/apt,,Waterfront Communities-The Island (77),73,4.5,4,1.0,80.0,,43.638871,-79.397567,2017-03-12 15:39:13.000142
16971997,40193052,Entire home/apt,,Niagara (82),0,0.0,3,1.0,75.0,,43.637366,-79.404718,2017-03-12 15:39:12.994638
14669883,91164700,Entire home/apt,,Waterfront Communities-The Island (77),2,0.0,4,1.0,69.0,,43.638828,-79.399144,2017-03-12 15:39:12.988666
627946,3118283,Entire home/apt,,Niagara (82),27,5.0,2,1.0,69.0,,43.639856,-79.413307,2017-03-12 15:39:10.937107
12134046,3989386,Entire home/apt,,Waterfront Communities-The Island (77),0,0.0,3,1.0,65.0,,43.644338,-79.39484,2017-03-12 15:39:09.572654
5302819,18116259,Entire home/apt,,Niagara (82),0,0.0,2,1.0,73.0,,43.637191,-79.401381,2017-03-12 15:39:09.562274
6886904,36088397,Entire home/apt,,Niagara (82),2,0.0,3,0.0,65.0,,43.637371,-79.404277,2017-03-12 15:39:09.558334
12735489,18726670,Entire home/apt,,Niagara (82),19,5.0,2,0.0,69.0,,43.635869,-79.401367,2017-03-12 15:39:09.553904
7207275,37740551,Entire home/apt,,Niagara (82),28,4.5,2,1.0,76.0,,43.63991,-79.411713,2017-03-12 15:39:09.539566
16741865,25044627,Entire home/apt,,Waterfront Communities-The Island (77),1,0.0,4,2.0,76.0,,43.640639,-79.393339,2017-03-12 15:39:09.535148
7106884,26474403,Entire home/apt,,Niagara (82),0,0.0,2,1.0,76.0,,43.635779,-79.405679,2017-03-12 15:39:08.668456
6939229,35915285,Entire home/apt,,Niagara (82),33,4.5,2,1.0,75.0,,43.635875,-79.399068,2017-03-12 15:39:08.663039
4440786,6264339,Entire home/apt,,Niagara (82),1,0.0,2,1.0,69.0,,43.637298,-79.403922,2017-03-12 15:39:08.653690
14319823,10610345,Entire home/apt,,Waterfront Communities-The Island (77),5,4.5,2,1.0,76.0,,43.640784,-79.401096,2017-03-12 15:39:08.641672
10561284,47251238,Entire home/apt,,Waterfront Communities-The Island (77),1,0.0,2,1.0,69.0,,43.636982,-79.398938,2017-03-12 15:39:07.980505
16343861,21891096,Entire home/apt,,Niagara (82),0,0.0,2,1.0,76.0,,43.636742,-79.404287,2017-03-12 15:39:07.970007
7634094,40048838,Entire home/apt,,Niagara (82),1,0.0,2,1.0,75.0,,43.638037,-79.401984,2017-03-12 15:39:06.755146
16777607,25825228,Entire home/apt,,Waterfront Communities-The Island (77),1,0.0,4,2.0,75.0,,43.637779,-79.396631,2017-03-12 15:39:06.014833
14011478,28705795,Entire home/apt,,Niagara (82),4,4.0,2,1.0,65.0,,43.63837,-79.401312,2017-03-12 15:39:06.001799
17405970,13813405,Entire home/apt,,Waterfront Communities-The Island (77),1,0.0,4,1.0,75.0,,43.640041,-79.392353,2017-03-12 15:38:59.518758
16041763,103419416,Entire home/apt,,Niagara (82),3,5.0,4,1.0,75.0,,43.634629,-79.401709,2017-03-12 15:38:54.912309
3568180,10527434,Entire home/apt,,Palmerston-Little Italy (80),6,5.0,2,1.0,76.0,,43.66118,-79.426998,2017-03-12 15:38:50.335675
1243064,5621680,Entire home/apt,,South Parkdale (85),33,4.5,3,1.0,79.0,,43.638269,-79.430548,2017-03-12 15:38:50.327357
5918828,943648,Entire home/apt,,Dufferin Grove (83),8,5.0,4,2.0,69.0,,43.651154,-79.440145,2017-03-12 15:38:49.608738
13343007,946248,Entire home/apt,,Little Portugal (84),0,0.0,2,1.0,76.0,,43.642905,-79.423603,2017-03-12 15:38:49.604209
14618091,51860231,Entire home/apt,,Little Portugal (84),10,5.0,2,1.0,76.0,,43.641469,-79.423606,2017-03-12 15:38:49.588484
4558221,1858386,Entire home/apt,,South Parkdale (85),24,4.5,2,1.0,75.0,,43.638606,-79.444245,2017-03-12 15:38:48.625734
14609434,3940402,Entire home/apt,,South Parkdale (85),4,5.0,4,2.0,76.0,,43.639706,-79.431649,2017-03-12 15:38:48.623729
5519276,22863297,Entire home/apt,,South Parkdale (85),25,5.0,2,1.0,81.0,,43.638363,-79.431327,2017-03-12 15:38:48.608756
11928422,4993777,Entire home/apt,,Little Portugal (84),7,4.5,5,3.0,76.0,,43.647923,-79.436111,2017-03-12 15:38:48.606454
14058600,49262631,Entire home/apt,,Little Portugal (84),11,5.0,2,1.0,69.0,,43.641425,-79.423262,2017-03-12 15:38:46.492231
4574784,23713705,Entire home/apt,,Little Portugal (84),14,5.0,2,1.0,71.0,,43.642313,-79.424022,2017-03-12 15:38:46.489122
14166401,85714388,Entire home/apt,,Little Portugal (84),0,0.0,2,1.0,76.0,,43.641216,-79.425263,2017-03-12 15:38:46.483165
11692605,4517650,Entire home/apt,,Roncesvalles (86),6,4.0,5,2.0,73.0,,43.641264,-79.444553,2017-03-12 15:38:44.294745
11111095,9869825,Entire home/apt,,South Parkdale (85),18,5.0,2,0.0,69.0,,43.636284,-79.427022,2017-03-12 15:38:44.283668
3801965,17105581,Entire home/apt,,Roncesvalles (86),24,5.0,4,1.0,80.0,,43.64176,-79.435744,2017-03-12 15:38:42.834789
3769087,5643514,Entire home/apt,,Roncesvalles (86),4,4.5,2,1.0,73.0,,43.641193,-79.44018,2017-03-12 15:38:42.831445
3152405,15999017,Entire home/apt,,Roncesvalles (86),3,4.5,2,1.0,73.0,,43.63971,-79.444584,2017-03-12 15:38:42.800417
16391603,66030805,Entire home/apt,,South Parkdale (85),1,0.0,2,0.0,69.0,,43.638517,-79.443728,2017-03-12 15:38:37.294731
13781103,4924637,Entire home/apt,,South Parkdale (85),43,5.0,5,1.0,68.0,,43.637284,-79.440324,2017-03-12 15:38:37.287276
2666917,9961969,Entire home/apt,,Roncesvalles (86),5,5.0,2,1.0,65.0,,43.64076,-79.443176,2017-03-12 15:38:37.274286
15462682,99211545,Entire home/apt,,South Parkdale (85),10,4.5,6,3.0,69.0,,43.639404,-79.434608,2017-03-12 15:38:37.268539
17238989,30668599,Entire home/apt,,Roncesvalles (86),0,0.0,4,2.0,69.0,,43.642698,-79.435139,2017-03-12 15:38:36.631410
14556033,86598896,Entire home/apt,,Niagara (82),3,5.0,4,1.0,65.0,,43.637138,-79.404135,2017-03-12 15:38:33.003350
333680,748642,Entire home/apt,,South Parkdale (85),14,5.0,3,1.0,69.0,,43.640889,-79.429008,2017-03-12 15:38:32.985494
12245594,18755749,Entire home/apt,,Trinity-Bellwoods (81),6,5.0,2,1.0,79.0,,43.647273,-79.409057,2017-03-12 15:38:32.974437
6951577,20707696,Entire home/apt,,South Parkdale (85),22,4.5,3,1.0,69.0,,43.639332,-79.427009,2017-03-12 15:38:30.429796
11992046,62800496,Entire home/apt,,Little Portugal (84),0,0.0,3,1.0,78.0,,43.641042,-79.423287,2017-03-12 15:38:30.405919
15913015,50369948,Entire home/apt,,Niagara (82),21,5.0,3,1.0,68.0,,43.636685,-79.399883,2017-03-12 15:38:27.333693
1161888,1478241,Entire home/apt,,Niagara (82),67,4.5,3,1.0,75.0,,43.633011,-79.417414,2017-03-12 15:38:27.330842
9277187,6886492,Entire home/apt,,Niagara (82),0,0.0,2,1.0,73.0,,43.642804,-79.411618,2017-03-12 15:38:27.321961
16568578,57960464,Entire home/apt,,Niagara (82),3,4.5,2,0.0,65.0,,43.637735,-79.413772,2017-03-12 15:38:27.317308
8505739,1118411,Entire home/apt,,Little Portugal (84),1,0.0,2,2.0,80.0,,43.641635,-79.426694,2017-03-12 15:38:25.775679
5364482,23388596,Entire home/apt,,Waterfront Communities-The Island (77),53,5.0,2,0.0,68.0,,43.641374,-79.40062,2017-03-12 15:38:25.770571
16964914,48627103,Entire home/apt,,Little Portugal (84),1,0.0,3,1.0,65.0,,43.642092,-79.424287,2017-03-12 15:38:25.748589
12814075,20985835,Entire home/apt,,Roncesvalles (86),7,4.5,4,0.0,67.0,,43.641947,-79.430009,2017-03-12 15:38:21.340361
5116101,26436904,Entire home/apt,,Niagara (82),14,4.5,3,1.0,65.0,,43.64139,-79.413631,2017-03-12 15:38:21.331343
7085870,34835333,Entire home/apt,,Niagara (82),1,0.0,2,1.0,69.0,,43.639919,-79.412957,2017-03-12 15:38:20.276579
9634777,49827328,Entire home/apt,,Waterfront Communities-The Island (77),12,4.5,2,1.0,76.0,,43.640363,-79.397606,2017-03-12 15:38:20.269915
4565871,23667413,Entire home/apt,,South Parkdale (85),5,5.0,4,2.0,76.0,,43.635906,-79.43161,2017-03-12 15:38:20.265146
13658556,24356065,Entire home/apt,,Little Portugal (84),0,0.0,2,1.0,65.0,,43.641067,-79.423364,2017-03-12 15:38:20.261887
5333744,18413679,Entire home/apt,,Niagara (82),1,0.0,4,1.0,76.0,,43.638172,-79.417092,2017-03-12 15:38:18.689117
14388610,72029690,Entire home/apt,,Niagara (82),6,3.5,2,0.0,69.0,,43.64021,-79.41147,2017-03-12 15:38:18.669829
15943151,69660819,Entire home/apt,,Little Portugal (84),0,0.0,4,1.0,76.0,,43.64294,-79.422676,2017-03-12 15:38:18.665903
16685505,49881517,Entire home/apt,,South Parkdale (85),2,0.0,2,1.0,76.0,,43.633753,-79.430569,2017-03-12 15:38:17.518439
7894374,41536829,Entire home/apt,,Trinity-Bellwoods (81),37,4.5,4,1.0,69.0,,43.65032,-79.421654,2017-03-12 15:38:17.513068
11191816,15419271,Entire home/apt,,Niagara (82),24,4.5,4,1.0,76.0,,43.637323,-79.405762,2017-03-12 15:38:17.499097
16497327,91559329,Entire home/apt,,Niagara (82),0,0.0,2,1.0,79.0,,43.637954,-79.415337,2017-03-12 15:38:16.087313
11210215,52585600,Entire home/apt,,Niagara (82),3,4.5,2,0.0,76.0,,43.637484,-79.403557,2017-03-12 15:38:16.081108
10675602,3047241,Entire home/apt,,Waterfront Communities-The Island (77),5,4.0,2,1.0,64.0,,43.640148,-79.398866,2017-03-12 15:38:16.063055
12071567,1207930,Entire home/apt,,Niagara (82),6,5.0,2,1.0,69.0,,43.640534,-79.414819,2017-03-12 15:38:15.154404
17482611,34055256,Entire home/apt,,Niagara (82),0,0.0,2,1.0,82.0,,43.64213,-79.41501,2017-03-12 15:38:12.030504
8428255,14135,Entire home/apt,,Niagara (82),1,0.0,2,1.0,76.0,,43.642571,-79.415425,2017-03-12 15:38:10.347902
15297111,4530927,Entire home/apt,,Roncesvalles (86),0,0.0,4,1.0,69.0,,43.653179,-79.448681,2017-03-12 15:37:59.105031
16073399,103843653,Entire home/apt,,Dovercourt-Wallace Emerson-Junction (93),2,0.0,6,2.0,75.0,,43.660157,-79.43959,2017-03-12 15:37:58.529525
12807622,1248805,Entire home/apt,,Dovercourt-Wallace Emerson-Junction (93),1,0.0,2,1.0,69.0,,43.658384,-79.448733,2017-03-12 15:37:58.515408
14899293,66030805,Entire home/apt,,Junction Area (90),2,0.0,2,1.0,73.0,,43.664611,-79.457635,2017-03-12 15:37:55.603826
11415876,55915446,Entire home/apt,,Palmerston-Little Italy (80),1,0.0,3,1.0,65.0,,43.654793,-79.425289,2017-03-12 15:37:53.645153
14389141,88372894,Entire home/apt,,Palmerston-Little Italy (80),0,0.0,6,3.0,76.0,,43.657108,-79.42054,2017-03-12 15:37:50.979481
14767115,22592036,Entire home/apt,,Palmerston-Little Italy (80),1,0.0,4,1.0,65.0,,43.657283,-79.424825,2017-03-12 15:37:50.976155
16200430,45963648,Entire home/apt,,South Parkdale (85),1,0.0,6,2.0,76.0,,43.638753,-79.427636,2017-03-12 15:37:40.644337
3284124,16599206,Entire home/apt,,Little Portugal (84),15,4.5,4,1.0,69.0,,43.651115,-79.435443,2017-03-12 15:37:40.624301
11212093,55357443,Entire home/apt,,Little Portugal (84),3,5.0,2,1.0,75.0,,43.641673,-79.42553,2017-03-12 15:37:38.415641
4917474,25326615,Entire home/apt,,Little Portugal (84),2,0.0,2,1.0,73.0,,43.641623,-79.424075,2017-03-12 15:37:37.759083
14789641,8617301,Entire home/apt,,Niagara (82),4,4.5,2,1.0,80.0,,43.641358,-79.416464,2017-03-12 15:37:37.736958
16770351,1832589,Entire home/apt,,South Parkdale (85),5,5.0,2,1.0,75.0,,43.639996,-79.425073,2017-03-12 15:37:37.731239
12972630,71369879,Entire home/apt,,South Parkdale (85),34,5.0,3,1.0,73.0,,43.635241,-79.435735,2017-03-12 15:37:36.437644
7448578,39010649,Entire home/apt,,Niagara (82),19,4.5,2,1.0,69.0,,43.63717,-79.404841,2017-03-12 15:37:13.286638
5816055,29294920,Entire home/apt,,Waterfront Communities-The Island (77),9,4.5,5,1.0,69.0,,43.641009,-79.397911,2017-03-12 15:37:13.275886
15357663,2609175,Entire home/apt,,Niagara (82),13,5.0,4,1.0,80.0,,43.642902,-79.406626,2017-03-12 15:37:13.273159
6511930,34046362,Entire home/apt,,Niagara (82),0,0.0,1,0.0,76.0,,43.644043,-79.404408,2017-03-12 15:37:13.266835
4202456,4356799,Entire home/apt,,Waterfront Communities-The Island (77),30,4.5,4,1.0,75.0,,43.641338,-79.400879,2017-03-12 15:37:13.262411
8632698,43457557,Entire home/apt,,Waterfront Communities-The Island (77),1,0.0,3,1.0,80.0,,43.638377,-79.394779,2017-03-12 15:37:11.507062
8880177,8628252,Entire home/apt,,Waterfront Communities-The Island (77),12,5.0,2,1.0,76.0,,43.644011,-79.398057,2017-03-12 15:37:11.498908
9446557,38468084,Entire home/apt,,Waterfront Communities-The Island (77),65,4.0,4,1.0,65.0,,43.640894,-79.397788,2017-03-12 15:37:11.491706
3686003,18747271,Entire home/apt,,Waterfront Communities-The Island (77),0,0.0,2,1.0,73.0,,43.642484,-79.398248,2017-03-12 15:37:11.476946
12855310,7683692,Entire home/apt,,Niagara (82),4,4.5,3,1.0,76.0,,43.639527,-79.412087,2017-03-12 15:37:10.098115
13379536,35242129,Entire home/apt,,Waterfront Communities-The Island (77),1,0.0,4,1.0,73.0,,43.641173,-79.400765,2017-03-12 15:37:09.350432
11077650,18227903,Entire home/apt,,Waterfront Communities-The Island (77),0,0.0,2,1.0,76.0,,43.642905,-79.399579,2017-03-12 15:37:08.441535
3361842,16947213,Entire home/apt,,Kensington-Chinatown (78),53,4.5,4,1.0,80.0,,43.651698,-79.390367,2017-03-12 15:36:52.436460
5890741,16064305,Entire home/apt,,Church-Yonge Corridor (75),3,5.0,2,1.0,76.0,,43.65502,-79.380128,2017-03-12 15:36:52.422078
16337212,63968705,Entire home/apt,,Waterfront Communities-The Island (77),1,0.0,3,0.0,69.0,,43.640877,-79.382688,2017-03-12 15:36:52.408018
14713195,43182031,Entire home/apt,,Kensington-Chinatown (78),3,4.5,4,1.0,76.0,,43.652231,-79.388749,2017-03-12 15:36:50.137772
16284777,21732752,Entire home/apt,,Waterfront Communities-The Island (77),2,0.0,3,0.0,82.0,,43.64805,-79.387872,2017-03-12 15:36:50.127185
16422483,87321699,Entire home/apt,,Waterfront Communities-The Island (77),1,0.0,3,1.0,69.0,,43.641268,-79.390643,2017-03-12 15:36:50.119937
4724305,16947213,Entire home/apt,,Kensington-Chinatown (78),74,4.5,4,1.0,80.0,,43.655063,-79.389649,2017-03-12 15:36:32.387809
17304208,91985554,Entire home/apt,,Kensington-Chinatown (78),0,0.0,4,1.0,65.0,,43.655846,-79.396265,2017-03-12 15:36:30.419173
10675632,6456119,Entire home/apt,,Waterfront Communities-The Island (77),3,4.5,1,1.0,70.0,,43.641928,-79.401099,2017-03-12 15:35:31.857277
16025529,56234409,Entire home/apt,,Waterfront Communities-The Island (77),6,5.0,2,1.0,70.0,,43.638702,-79.398434,2017-03-12 15:35:30.261214
3599728,18136201,Entire home/apt,,Niagara (82),16,4.5,3,1.0,76.0,,43.641155,-79.415364,2017-03-12 15:35:30.256651
14388815,45816343,Entire home/apt,,Niagara (82),24,5.0,2,1.0,76.0,,43.638708,-79.416481,2017-03-12 15:35:28.151027
9129567,233763,Entire home/apt,,Niagara (82),28,5.0,2,0.0,70.0,,43.641883,-79.408605,2017-03-12 15:35:28.141639
13856379,81855394,Entire home/apt,,Waterfront Communities-The Island (77),1,0.0,2,0.0,69.0,,43.640734,-79.396885,2017-03-12 15:35:28.139393
17027782,114225236,Entire home/apt,,Niagara (82),0,0.0,4,1.0,80.0,,43.640676,-79.413864,2017-03-12 15:35:28.131758
16040685,103420587,Entire home/apt,,South Parkdale (85),12,5.0,6,2.0,76.0,,43.640285,-79.42751,2017-03-12 15:35:25.807781
16039676,103420587,Entire home/apt,,Niagara (82),14,5.0,4,1.0,69.0,,43.639205,-79.415419,2017-03-12 15:35:25.801942
6737968,26350373,Entire home/apt,,South Parkdale (85),75,5.0,4,2.0,73.0,,43.641783,-79.430473,2017-03-12 15:35:25.795626
15806233,34917506,Entire home/apt,,Niagara (82),12,5.0,4,1.0,64.0,,43.639051,-79.415317,2017-03-12 15:35:25.793192
8698925,22838553,Entire home/apt,,Little Portugal (84),53,4.5,4,1.0,82.0,,43.642145,-79.423438,2017-03-12 15:35:25.779596
17497830,57777842,Entire home/apt,,Niagara (82),0,0.0,2,0.0,72.0,,43.638778,-79.415299,2017-03-12 15:35:24.455599
10571426,1948752,Entire home/apt,,Niagara (82),49,4.5,5,2.0,73.0,,43.639307,-79.413511,2017-03-12 15:35:24.453258
16187532,59920016,Entire home/apt,,South Parkdale (85),7,5.0,4,2.0,65.0,,43.634055,-79.435396,2017-03-12 15:35:23.169994
5344193,4356799,Entire home/apt,,Little Portugal (84),31,4.5,4,2.0,75.0,,43.642551,-79.424217,2017-03-12 15:35:23.165323
11443075,4709200,Entire home/apt,,South Parkdale (85),21,5.0,4,1.0,73.0,,43.634272,-79.429758,2017-03-12 15:35:23.143412
9148666,43770978,Entire home/apt,,Niagara (82),5,5.0,3,1.0,76.0,,43.641787,-79.403712,2017-03-12 15:35:21.972122
15935927,103420587,Entire home/apt,,Little Portugal (84),6,5.0,4,1.0,73.0,,43.641864,-79.426025,2017-03-12 15:35:21.968917
12919114,18422075,Entire home/apt,,Niagara (82),20,5.0,5,0.0,68.0,,43.637395,-79.406421,2017-03-12 15:35:19.047297
15603206,100569271,Entire home/apt,,Niagara (82),8,5.0,4,1.0,80.0,,43.637531,-79.40615,2017-03-12 15:35:17.736609
13045766,8154049,Entire home/apt,,Niagara (82),8,5.0,4,1.0,76.0,,43.641402,-79.415225,2017-03-12 15:35:17.139997
4510872,963354,Entire home/apt,,Niagara (82),91,4.5,3,1.0,68.0,,43.637929,-79.405303,2017-03-12 15:35:17.133881
6590002,34471326,Entire home/apt,,Niagara (82),46,4.5,3,1.0,69.0,,43.636115,-79.406546,2017-03-12 15:35:17.124751
6150513,5416789,Entire home/apt,,Little Portugal (84),76,4.5,2,1.0,69.0,,43.641179,-79.424242,2017-03-12 15:35:14.636388
7324823,4269048,Entire home/apt,,South Parkdale (85),77,5.0,2,1.0,76.0,,43.639791,-79.43787,2017-03-12 15:35:14.628052
13492431,19509784,Entire home/apt,,Niagara (82),24,4.5,6,3.0,76.0,,43.637173,-79.405584,2017-03-12 15:35:09.493105
794506,4186011,Entire home/apt,,Waterfront Communities-The Island (77),10,4.5,2,1.0,73.0,,43.639888,-79.390352,2017-03-12 15:35:08.575607
16019561,65944724,Entire home/apt,,Waterfront Communities-The Island (77),3,4.5,2,1.0,77.0,,43.644872,-79.376878,2017-03-12 15:35:07.557251
7239188,37686099,Entire home/apt,,Waterfront Communities-The Island (77),0,0.0,4,1.0,81.0,,43.643724,-79.379917,2017-03-12 15:35:07.554211
6291683,9446515,Entire home/apt,,Waterfront Communities-The Island (77),0,0.0,3,1.0,75.0,,43.637172,-79.389543,2017-03-12 15:35:07.549907
15885499,65874088,Entire home/apt,,Waterfront Communities-The Island (77),0,0.0,2,1.0,69.0,,43.641079,-79.383995,2017-03-12 15:35:07.547413
12006207,4032576,Entire home/apt,,Waterfront Communities-The Island (77),1,0.0,2,1.0,75.0,,43.641211,-79.381714,2017-03-12 15:35:07.536010
1689243,8927260,Entire home/apt,,Waterfront Communities-The Island (77),4,5.0,3,1.0,76.0,,43.642504,-79.37543,2017-03-12 15:35:07.533005
5375383,27385502,Entire home/apt,,Waterfront Communities-The Island (77),7,4.5,15,5.0,75.0,,43.634096,-79.374256,2017-03-12 15:35:07.528200
3137598,11955932,Entire home/apt,,Waterfront Communities-The Island (77),0,0.0,3,1.0,69.0,,43.640924,-79.391366,2017-03-12 15:35:07.524646
16267092,10468498,Entire home/apt,,Waterfront Communities-The Island (77),1,0.0,4,1.0,68.0,,43.642816,-79.382658,2017-03-12 15:35:07.512677
11060544,43214769,Entire home/apt,,Waterfront Communities-The Island (77),1,0.0,2,1.0,76.0,,43.640148,-79.390107,2017-03-12 15:35:05.838865
5122953,4356799,Entire home/apt,,Waterfront Communities-The Island (77),1,0.0,4,1.0,75.0,,43.64264,-79.382233,2017-03-12 15:34:56.966203
11564054,58064419,Entire home/apt,,Waterfront Communities-The Island (77),2,0.0,2,1.0,76.0,,43.641135,-79.382137,2017-03-12 15:34:56.956090
8611943,45031587,Entire home/apt,,Waterfront Communities-The Island (77),18,5.0,2,1.0,72.0,,43.641619,-79.382142,2017-03-12 15:34:55.753196
16398585,7570631,Entire home/apt,,Waterfront Communities-The Island (77),0,0.0,3,1.0,82.0,,43.641174,-79.390353,2017-03-12 15:34:55.750023
14724697,40705876,Entire home/apt,,Waterfront Communities-The Island (77),4,4.5,2,1.0,72.0,,43.642505,-79.38304,2017-03-12 15:34:54.244144
13927310,82729895,Entire home/apt,,Waterfront Communities-The Island (77),0,0.0,2,2.0,76.0,,43.639048,-79.391625,2017-03-12 15:34:54.241454
6472797,33814745,Entire home/apt,,Waterfront Communities-The Island (77),50,4.5,2,1.0,80.0,,43.638764,-79.391504,2017-03-12 15:34:54.237258
10804047,55906756,Entire home/apt,,Waterfront Communities-The Island (77),3,5.0,2,0.0,65.0,,43.646052,-79.392179,2017-03-12 15:34:54.223702
9444999,48947566,Entire home/apt,,Waterfront Communities-The Island (77),0,0.0,2,1.0,75.0,,43.638788,-79.381738,2017-03-12 15:34:52.858348
564210,2774394,Entire home/apt,,Long Branch (19),84,4.5,4,2.0,76.0,,43.590893,-79.524325,2017-03-12 16:21:36.842789
2847861,8142107,Entire home/apt,,New Toronto (18),13,5.0,8,3.0,76.0,,43.6015,-79.499275,2017-03-12 16:21:36.835230
7501441,39295671,Entire home/apt,,Alderwood (20),1,0.0,2,1.0,67.0,,43.605163,-79.530673,2017-03-12 16:21:35.773589
13699080,58100203,Entire home/apt,,Mimico (includes Humber Bay Shores) (17),4,5.0,3,1.0,67.0,,43.603896,-79.497334,2017-03-12 16:21:34.505106
9812612,10278871,Entire home/apt,,Islington-City Centre West (14),0,0.0,3,1.0,75.0,,43.642963,-79.52974,2017-03-12 16:21:16.840609
15534802,73048608,Entire home/apt,,Stonegate-Queensway (16),8,5.0,3,1.0,65.0,,43.64414,-79.52211,2017-03-12 16:21:16.831226
1608497,1445514,Entire home/apt,,Trinity-Bellwoods (81),1,0.0,2,1.0,73.0,,43.644715,-79.420144,2017-03-12 16:20:29.226952
1486931,174616,Entire home/apt,,South Parkdale (85),52,5.0,3,1.0,69.0,,43.63823,-79.420903,2017-03-12 16:20:29.209614
15178374,85349256,Entire home/apt,,Long Branch (19),9,4.5,4,2.0,75.0,,43.595973,-79.526219,2017-03-12 16:17:35.948007
9952501,51144781,Entire home/apt,,Mimico (includes Humber Bay Shores) (17),5,2.5,4,1.0,69.0,,43.625779,-79.479119,2017-03-12 16:17:25.316882
4463636,23158909,Entire home/apt,,Niagara (82),9,4.5,2,1.0,75.0,,43.63862,-79.416568,2017-03-12 16:17:09.135662
2217230,2748348,Entire home/apt,,Trinity-Bellwoods (81),2,0.0,2,1.0,81.0,,43.64629,-79.419864,2017-03-12 16:14:52.278419
3378016,17041514,Entire home/apt,,Waterfront Communities-The Island (77),1,0.0,2,1.0,76.0,,43.636864,-79.399767,2017-03-12 16:13:22.257012
8801112,34875593,Entire home/apt,,Waterfront Communities-The Island (77),14,4.5,2,1.0,69.0,,43.641518,-79.400175,2017-03-12 16:13:21.190927
13977633,37720285,Entire home/apt,,Waterfront Communities-The Island (77),4,4.5,2,1.0,76.0,,43.641443,-79.393909,2017-03-12 16:13:19.081677
3377125,6440835,Entire home/apt,,Niagara (82),15,5.0,2,1.0,75.0,,43.6401,-79.414971,2017-03-12 16:13:19.061898
14025230,49192797,Entire home/apt,,Niagara (82),4,5.0,5,1.0,76.0,,43.636517,-79.400811,2017-03-12 16:13:19.055402
5353556,7636509,Entire home/apt,,Roncesvalles (86),1,0.0,4,1.0,73.0,,43.653776,-79.449554,2017-03-12 16:11:28.129016
11479853,60389751,Entire home/apt,,Islington-City Centre West (14),5,4.5,2,1.0,75.0,,43.639389,-79.55184,2017-03-12 16:06:01.311937
14688657,26636057,Entire home/apt,,Eringate-Centennial-West Deane (11),3,5.0,7,3.0,76.0,,43.648084,-79.588567,2017-03-12 16:06:00.642516
8051460,42520292,Entire home/apt,,Etobicoke West Mall (13),59,4.5,8,2.0,68.0,,43.640526,-79.562174,2017-03-12 16:06:00.635025
15083022,95438637,Entire home/apt,,Eringate-Centennial-West Deane (11),1,0.0,3,1.0,76.0,,43.665881,-79.576948,2017-03-12 16:06:00.621733
11295693,41044860,Entire home/apt,,Etobicoke West Mall (13),21,4.5,4,2.0,75.0,,43.647567,-79.567533,2017-03-12 16:06:00.618891
13067139,57898869,Entire home/apt,,Stonegate-Queensway (16),5,4.0,5,2.0,73.0,,43.626584,-79.502373,2017-03-12 16:05:59.887414
2611744,13375294,Entire home/apt,,Islington-City Centre West (14),2,0.0,5,2.0,81.0,,43.637238,-79.536299,2017-03-12 16:05:59.875252
15420614,43278684,Entire home/apt,,Mimico (includes Humber Bay Shores) (17),0,0.0,6,3.0,69.0,,43.615954,-79.502115,2017-03-12 16:05:58.719814
15816886,21484823,Entire home/apt,,Islington-City Centre West (14),1,0.0,3,1.0,75.0,,43.645177,-79.528431,2017-03-12 16:05:58.715295
2035292,10445922,Entire home/apt,,Mimico (includes Humber Bay Shores) (17),0,0.0,2,2.0,76.0,,43.630392,-79.473503,2017-03-12 16:05:57.523328
4120199,20491327,Entire home/apt,,Mimico (includes Humber Bay Shores) (17),3,4.5,2,1.0,72.0,,43.6236,-79.483893,2017-03-12 16:05:57.516939
1348611,1015926,Entire home/apt,,Stonegate-Queensway (16),7,5.0,4,1.0,73.0,,43.64115,-79.506912,2017-03-12 16:05:57.513943
4067498,16966618,Entire home/apt,,Stonegate-Queensway (16),0,0.0,2,1.0,73.0,,43.633268,-79.496257,2017-03-12 16:05:57.509079
13249281,74499791,Entire home/apt,,Mimico (includes Humber Bay Shores) (17),9,5.0,4,2.0,69.0,,43.621855,-79.499389,2017-03-12 16:05:57.506119
12851291,27816364,Entire home/apt,,Islington-City Centre West (14),8,5.0,6,1.0,64.0,,43.643286,-79.528569,2017-03-12 16:05:57.495798
14568086,11868110,Entire home/apt,,Islington-City Centre West (14),0,0.0,3,1.0,69.0,,43.639078,-79.536853,2017-03-12 16:05:57.490771
14446537,624712,Entire home/apt,,Islington-City Centre West (14),6,5.0,3,1.0,78.0,,43.621005,-79.520321,2017-03-12 16:05:57.486106
6421408,33496245,Entire home/apt,,Lambton Baby Point (114),2,0.0,2,0.0,65.0,,43.653428,-79.48623,2017-03-12 16:05:56.126861
15940955,22508445,Entire home/apt,,Islington-City Centre West (14),0,0.0,6,2.0,72.0,,43.623505,-79.524684,2017-03-12 16:05:54.762216
5478456,28410080,Entire home/apt,,Islington-City Centre West (14),1,0.0,2,1.0,76.0,,43.638902,-79.538214,2017-03-12 16:05:54.750437
16945479,4124418,Entire home/apt,,Mimico (includes Humber Bay Shores) (17),0,0.0,4,1.0,75.0,,43.625393,-79.480802,2017-03-12 16:05:53.917594
16942796,4124418,Entire home/apt,,Mimico (includes Humber Bay Shores) (17),3,3.0,4,1.0,75.0,,43.624764,-79.480894,2017-03-12 16:05:53.913798
7239136,4356799,Entire home/apt,,Mimico (includes Humber Bay Shores) (17),13,4.5,4,1.0,73.0,,43.614548,-79.488994,2017-03-12 16:05:53.896719
9450894,21850152,Entire home/apt,,Mimico (includes Humber Bay Shores) (17),21,4.5,3,1.0,65.0,,43.610155,-79.492245,2017-03-12 16:05:53.893692
7359839,1186040,Entire home/apt,,High Park-Swansea (87),2,0.0,3,2.0,75.0,,43.635986,-79.469363,2017-03-12 16:05:53.890537
15097136,95582268,Entire home/apt,,High Park-Swansea (87),0,0.0,2,2.0,73.0,,43.637598,-79.466269,2017-03-12 16:05:53.885911
15374631,98086976,Entire home/apt,,Mimico (includes Humber Bay Shores) (17),2,0.0,4,1.0,75.0,,43.621961,-79.482864,2017-03-12 16:05:52.460591
9435245,48901865,Entire home/apt,,Mimico (includes Humber Bay Shores) (17),0,0.0,6,1.0,65.0,,43.62551,-79.488812,2017-03-12 16:05:52.458340
14907609,93623445,Entire home/apt,,Mimico (includes Humber Bay Shores) (17),8,5.0,3,1.0,68.0,,43.62383,-79.484143,2017-03-12 16:05:52.454501
14781102,25840981,Entire home/apt,,Mimico (includes Humber Bay Shores) (17),5,4.5,2,1.0,73.0,,43.625187,-79.488652,2017-03-12 16:05:52.452289
14843677,89894085,Entire home/apt,,Mimico (includes Humber Bay Shores) (17),0,0.0,2,1.0,76.0,,43.62398,-79.478714,2017-03-12 16:05:52.448786
13058638,67641911,Entire home/apt,,Mimico (includes Humber Bay Shores) (17),2,0.0,2,1.0,69.0,,43.622414,-79.481217,2017-03-12 16:05:52.442083
9609957,45009602,Entire home/apt,,Mimico (includes Humber Bay Shores) (17),15,5.0,2,1.0,75.0,,43.620166,-79.483541,2017-03-12 16:05:52.435125
13606376,12320273,Entire home/apt,,Mimico (includes Humber Bay Shores) (17),4,5.0,2,1.0,69.0,,43.624805,-79.48872,2017-03-12 16:05:52.430664
13527531,37784668,Entire home/apt,,Mimico (includes Humber Bay Shores) (17),3,3.5,4,1.0,75.0,,43.622315,-79.481119,2017-03-12 16:05:51.696496
17531847,86188763,Entire home/apt,,Mimico (includes Humber Bay Shores) (17),0,0.0,5,3.0,74.0,,43.618211,-79.489665,2017-03-12 16:05:51.676510
17580452,32993460,Entire home/apt,,Mimico (includes Humber Bay Shores) (17),0,0.0,4,1.0,76.0,,43.623221,-79.483103,2017-03-12 16:05:51.668271
930157,143460,Entire home/apt,,Niagara (82),16,4.5,3,1.0,69.0,,43.637593,-79.414046,2017-03-12 16:05:49.360332
5918834,30609954,Entire home/apt,,Niagara (82),29,4.5,4,2.0,76.0,,43.643586,-79.413291,2017-03-12 16:05:49.352525
14386232,37232586,Entire home/apt,,Stonegate-Queensway (16),4,2.5,2,1.0,65.0,,43.639657,-79.486714,2017-03-12 16:05:33.578054
16087415,5804475,Entire home/apt,,High Park-Swansea (87),0,0.0,3,1.0,67.0,,43.647189,-79.455475,2017-03-12 16:05:33.046869
5396058,27972080,Entire home/apt,,Junction Area (90),5,4.0,4,2.0,81.0,,43.666245,-79.464793,2017-03-12 16:05:33.043369
9287896,3645159,Entire home/apt,,Rockcliffe-Smythe (111),12,4.5,5,2.0,63.0,,43.674164,-79.494056,2017-03-12 16:05:33.034166
17224913,115999604,Entire home/apt,,High Park-Swansea (87),0,0.0,2,1.0,76.0,,43.647294,-79.480874,2017-03-12 16:05:33.032020
7981614,64553,Entire home/apt,,Trinity-Bellwoods (81),8,5.0,2,0.0,69.0,,43.651446,-79.425443,2017-03-12 16:05:28.861852
12054162,64367799,Entire home/apt,,Corso Italia-Davenport (92),0,0.0,4,2.0,82.0,,43.67712,-79.442098,2017-03-12 16:04:53.416334
6006017,19400280,Entire home/apt,,High Park-Swansea (87),4,5.0,4,2.0,69.0,,43.641266,-79.472437,2017-03-12 16:04:10.180177
16943600,4124418,Entire home/apt,,Mimico (includes Humber Bay Shores) (17),1,0.0,4,1.0,75.0,,43.624667,-79.481124,2017-03-12 16:04:09.386994
16688686,106807930,Entire home/apt,,Mimico (includes Humber Bay Shores) (17),0,0.0,2,1.0,76.0,,43.623659,-79.4814,2017-03-12 16:04:08.005764
11700702,7821474,Entire home/apt,,Mimico (includes Humber Bay Shores) (17),1,0.0,2,2.0,76.0,,43.626813,-79.479684,2017-03-12 16:04:07.999209
16266197,8280084,Entire home/apt,,High Park North (88),0,0.0,8,3.0,69.0,,43.659159,-79.478295,2017-03-12 16:03:55.019461
13026268,54723594,Entire home/apt,,Edenbridge-Humber Valley (9),6,5.0,3,2.0,80.0,,43.660981,-79.51704,2017-03-12 16:03:55.010242
16999704,74827605,Entire home/apt,,Runnymede-Bloor West Village (89),0,0.0,4,2.0,68.0,,43.659869,-79.493703,2017-03-12 16:03:54.998029
4302809,22334700,Entire home/apt,,Edenbridge-Humber Valley (9),3,5.0,3,1.0,64.0,,43.659738,-79.515988,2017-03-12 16:03:53.870691
15309090,23406170,Entire home/apt,,Kingsway South (15),8,4.5,2,1.0,65.0,,43.655326,-79.522071,2017-03-12 16:03:53.857735
5181544,14130077,Entire home/apt,,Lambton Baby Point (114),0,0.0,4,1.0,68.0,,43.655274,-79.487547,2017-03-12 16:03:52.603776
192860,533496,Entire home/apt,,Junction Area (90),80,5.0,3,2.0,73.0,,43.665966,-79.473879,2017-03-12 16:03:52.064446
7318222,38338960,Entire home/apt,,Junction Area (90),2,0.0,4,2.0,73.0,,43.665882,-79.468481,2017-03-12 16:03:52.058662
3166202,3028191,Entire home/apt,,Dovercourt-Wallace Emerson-Junction (93),0,0.0,5,1.0,73.0,,43.665556,-79.447012,2017-03-12 16:03:52.050520
14881952,2538759,Entire home/apt,,Junction Area (90),0,0.0,3,1.0,69.0,,43.6635,-79.465627,2017-03-12 16:03:51.067191
15949557,35965162,Entire home/apt,,Keelesdale-Eglinton West (110),2,0.0,4,1.0,65.0,,43.680364,-79.473928,2017-03-12 16:03:50.163634
12125813,35965162,Entire home/apt,,Rockcliffe-Smythe (111),27,4.5,8,3.0,76.0,,43.679383,-79.475857,2017-03-12 16:03:50.157835
15092007,35965162,Entire home/apt,,Junction Area (90),3,2.5,3,1.0,73.0,,43.678802,-79.47564,2017-03-12 16:03:47.626747
15850292,4966978,Entire home/apt,,Rockcliffe-Smythe (111),0,0.0,1,2.0,69.0,,43.668416,-79.497852,2017-03-12 16:03:36.529016
13955657,46486237,Entire home/apt,,Mimico (includes Humber Bay Shores) (17),11,5.0,4,2.0,76.0,,43.622402,-79.483771,2017-03-12 16:03:36.522801
15546081,43826388,Entire home/apt,,Mimico (includes Humber Bay Shores) (17),1,0.0,3,1.0,75.0,,43.62293,-79.482108,2017-03-12 16:03:36.518623
6940374,32535355,Entire home/apt,,High Park North (88),1,0.0,2,1.0,76.0,,43.653785,-79.465101,2017-03-12 16:03:33.908118
3504745,11872640,Entire home/apt,,Junction Area (90),6,5.0,4,1.0,68.0,,43.671111,-79.46545,2017-03-12 16:03:33.894036
13636473,65652916,Entire home/apt,,Islington-City Centre West (14),8,5.0,4,1.0,75.0,,43.638385,-79.537316,2017-03-12 16:03:32.708198
15764720,8048367,Entire home/apt,,Lambton Baby Point (114),2,0.0,2,0.0,65.0,,43.65271,-79.486612,2017-03-12 16:03:32.681930
13925578,82704886,Entire home/apt,,Mimico (includes Humber Bay Shores) (17),9,4.5,3,1.0,75.0,,43.622105,-79.482972,2017-03-12 16:03:31.310844
17361283,43435962,Entire home/apt,,Mimico (includes Humber Bay Shores) (17),0,0.0,2,2.0,73.0,,43.624491,-79.477977,2017-03-12 16:03:29.929986
15044231,21484823,Entire home/apt,,Mimico (includes Humber Bay Shores) (17),2,0.0,2,1.0,81.0,,43.624546,-79.478535,2017-03-12 16:03:29.921250
6834725,30226320,Entire home/apt,,Runnymede-Bloor West Village (89),30,5.0,3,1.0,68.0,,43.664165,-79.489058,2017-03-12 16:03:29.915462
16533020,108760072,Entire home/apt,,Willowridge-Martingrove-Richview (7),2,0.0,4,2.0,68.0,,43.68365,-79.536306,2017-03-12 16:03:28.798525
7973102,41652787,Entire home/apt,,High Park North (88),0,0.0,2,1.0,75.0,,43.653637,-79.464992,2017-03-12 16:03:28.788092
16466502,105474986,Entire home/apt,,Stonegate-Queensway (16),1,0.0,3,2.0,65.0,,43.63579,-79.487922,2017-03-12 16:03:25.732861
4750234,6707054,Entire home/apt,,Runnymede-Bloor West Village (89),2,0.0,4,2.0,76.0,,43.665109,-79.493767,2017-03-12 16:03:23.801969
12540041,58785382,Entire home/apt,,Waterfront Communities-The Island (77),0,0.0,3,1.0,67.0,,43.643583,-79.388428,2017-03-12 15:34:52.845545
14186443,39972701,Entire home/apt,,Kensington-Chinatown (78),1,0.0,3,3.0,69.0,,43.650972,-79.394171,2017-03-12 15:34:51.630410
14098907,32461348,Entire home/apt,,Waterfront Communities-The Island (77),0,0.0,6,2.0,76.0,,43.640005,-79.395267,2017-03-12 15:34:51.626938
10551223,54114040,Entire home/apt,,Church-Yonge Corridor (75),1,0.0,2,0.0,68.0,,43.648974,-79.377703,2017-03-12 15:34:51.608607
3922925,8383984,Entire home/apt,,Waterfront Communities-The Island (77),2,0.0,2,1.0,64.0,,43.640212,-79.393025,2017-03-12 15:34:51.602392
13943138,55717075,Entire home/apt,,Waterfront Communities-The Island (77),18,4.5,2,1.0,76.0,,43.642087,-79.381352,2017-03-12 15:34:49.102976
16790177,18011922,Entire home/apt,,Waterfront Communities-The Island (77),1,0.0,2,1.0,68.0,,43.647589,-79.391781,2017-03-12 15:34:46.943465
4616714,16290105,Entire home/apt,,Waterfront Communities-The Island (77),23,4.5,3,1.0,68.0,,43.642726,-79.391846,2017-03-12 15:34:46.937836
7564933,39662916,Entire home/apt,,Waterfront Communities-The Island (77),9,3.5,2,1.0,75.0,,43.63897,-79.394528,2017-03-12 15:34:46.927251
3684349,17608271,Entire home/apt,,Waterfront Communities-The Island (77),40,4.5,5,2.0,82.0,,43.641575,-79.395509,2017-03-12 15:34:46.922990
11972192,63962931,Entire home/apt,,Waterfront Communities-The Island (77),21,4.0,10,2.0,75.0,,43.643811,-79.380256,2017-03-12 15:34:46.916561
7963508,24303195,Entire home/apt,,Waterfront Communities-The Island (77),8,4.5,2,1.0,75.0,,43.640987,-79.394444,2017-03-12 15:34:46.908085
16507558,20468657,Entire home/apt,,Waterfront Communities-The Island (77),3,5.0,3,1.0,69.0,,43.641078,-79.393271,2017-03-12 15:34:46.160271
2045208,4356799,Entire home/apt,,Waterfront Communities-The Island (77),41,4.5,3,1.0,75.0,,43.639889,-79.393274,2017-03-12 15:34:46.151206
15180339,96352919,Entire home/apt,,Waterfront Communities-The Island (77),1,0.0,3,0.0,65.0,,43.641324,-79.394785,2017-03-12 15:34:46.146348
7329944,38399816,Entire home/apt,,Waterfront Communities-The Island (77),40,4.5,2,1.0,76.0,,43.640305,-79.394894,2017-03-12 15:34:46.139551
4065652,4356799,Entire home/apt,,Waterfront Communities-The Island (77),50,4.5,3,1.0,75.0,,43.643282,-79.392885,2017-03-12 15:34:46.134421
16828053,106413151,Entire home/apt,,Waterfront Communities-The Island (77),0,0.0,3,1.0,69.0,,43.639981,-79.391907,2017-03-12 15:34:44.902840
16264716,10468498,Entire home/apt,,Waterfront Communities-The Island (77),0,0.0,4,1.0,68.0,,43.641545,-79.382856,2017-03-12 15:34:44.054357
11212114,49288354,Entire home/apt,,Waterfront Communities-The Island (77),41,4.5,3,1.0,68.0,,43.643082,-79.383107,2017-03-12 15:34:44.026379
10732501,42520292,Entire home/apt,,Waterfront Communities-The Island (77),9,5.0,4,1.0,68.0,,43.64115,-79.382553,2017-03-12 15:34:41.422014
9447810,18041348,Entire home/apt,,Kensington-Chinatown (78),1,0.0,4,1.0,71.0,,43.653316,-79.390492,2017-03-12 15:34:28.839872
16230082,56638236,Entire home/apt,,Kensington-Chinatown (78),3,4.5,4,1.0,81.0,,43.653529,-79.388376,2017-03-12 15:34:28.836068
165360,744412,Entire home/apt,,Church-Yonge Corridor (75),44,5.0,2,1.0,71.0,,43.653939,-79.378664,2017-03-12 15:34:28.244785
7146175,5159370,Entire home/apt,,Kensington-Chinatown (78),15,5.0,2,1.0,75.0,,43.652876,-79.394154,2017-03-12 15:34:25.583056
5152786,17603113,Entire home/apt,,Bay Street Corridor (76),8,5.0,2,0.0,65.0,,43.666152,-79.386009,2017-03-12 15:34:19.571741
977495,5348675,Entire home/apt,,Playter Estates-Danforth (67),7,4.5,3,1.0,75.0,,43.679853,-79.360583,2017-03-12 15:34:12.588922
9587579,41577110,Entire home/apt,,Danforth (66),9,5.0,2,1.0,65.0,,43.68276,-79.340272,2017-03-12 15:34:11.589079
7920341,24637726,Entire home/apt,,Waterfront Communities-The Island (77),4,4.0,2,0.0,80.0,,43.642086,-79.383101,2017-03-12 15:34:05.381041
6001793,24407116,Entire home/apt,,Waterfront Communities-The Island (77),10,4.5,2,1.0,75.0,,43.642431,-79.374744,2017-03-12 15:34:04.316921
8748176,4120390,Entire home/apt,,Bay Street Corridor (76),0,0.0,4,1.0,75.0,,43.657925,-79.385874,2017-03-12 15:34:04.296161
8386278,38196544,Entire home/apt,,Waterfront Communities-The Island (77),6,5.0,6,2.0,69.0,,43.642262,-79.379812,2017-03-12 15:34:03.477514
14130561,85247925,Entire home/apt,,Waterfront Communities-The Island (77),53,4.0,4,1.0,67.0,,43.639955,-79.382418,2017-03-12 15:34:02.054598
15634988,86957929,Entire home/apt,,Waterfront Communities-The Island (77),1,0.0,4,1.0,81.0,,43.643062,-79.381131,2017-03-12 15:34:00.762692
4828239,4356799,Entire home/apt,,Waterfront Communities-The Island (77),46,4.5,4,1.0,75.0,,43.643355,-79.389857,2017-03-12 15:33:57.687876
17124206,12066449,Entire home/apt,,Waterfront Communities-The Island (77),1,0.0,4,1.0,75.0,,43.641998,-79.381429,2017-03-12 15:33:57.680102
6473777,10993848,Entire home/apt,,South Riverdale (70),0,0.0,2,1.0,69.0,,43.663032,-79.344714,2017-03-12 15:33:46.321070
8867518,30658709,Entire home/apt,,South Riverdale (70),1,0.0,2,1.0,65.0,,43.663293,-79.341224,2017-03-12 15:33:45.739644
15453225,49288354,Entire home/apt,,Waterfront Communities-The Island (77),1,0.0,3,1.0,76.0,,43.642219,-79.382624,2017-03-12 15:33:42.555676
4814367,13702471,Entire home/apt,,Waterfront Communities-The Island (77),2,0.0,2,1.0,69.0,,43.642393,-79.379906,2017-03-12 15:33:42.542081
7882027,41549731,Entire home/apt,,Moss Park (73),0,0.0,2,1.0,69.0,,43.653079,-79.372302,2017-03-12 15:33:40.712189
15702485,12066449,Entire home/apt,,Waterfront Communities-The Island (77),0,0.0,4,1.0,75.0,,43.642654,-79.380823,2017-03-12 15:33:40.204689
16872823,42439558,Entire home/apt,,Waterfront Communities-The Island (77),4,4.5,3,1.0,69.0,,43.640675,-79.382157,2017-03-12 15:33:40.201165
15702764,12066449,Entire home/apt,,Waterfront Communities-The Island (77),0,0.0,4,1.0,75.0,,43.641323,-79.381446,2017-03-12 15:33:40.188067
17123639,12066449,Entire home/apt,,Waterfront Communities-The Island (77),0,0.0,4,1.0,75.0,,43.641393,-79.381441,2017-03-12 15:33:40.184179
11327415,10468498,Entire home/apt,,Waterfront Communities-The Island (77),35,4.5,6,2.0,75.0,,43.642701,-79.382225,2017-03-12 15:33:38.035738
8454490,42520292,Entire home/apt,,Waterfront Communities-The Island (77),28,4.5,8,1.0,68.0,,43.641107,-79.381933,2017-03-12 15:33:36.599555
17124058,12066449,Entire home/apt,,Waterfront Communities-The Island (77),1,0.0,4,1.0,75.0,,43.640898,-79.382553,2017-03-12 15:33:36.590746
16813704,86957929,Entire home/apt,,Waterfront Communities-The Island (77),0,0.0,4,1.0,80.0,,43.64191,-79.381747,2017-03-12 15:33:36.581680
13750925,26631575,Entire home/apt,,Waterfront Communities-The Island (77),0,0.0,2,0.0,75.0,,43.639933,-79.381276,2017-03-12 15:33:35.310311
15671359,10468498,Entire home/apt,,Waterfront Communities-The Island (77),3,4.5,3,1.0,75.0,,43.642015,-79.381218,2017-03-12 15:33:35.289590
9665304,29765330,Entire home/apt,,Waterfront Communities-The Island (77),0,0.0,2,1.0,65.0,,43.640792,-79.383185,2017-03-12 15:33:34.027368
14265792,6676406,Entire home/apt,,Waterfront Communities-The Island (77),2,0.0,4,2.0,75.0,,43.63897,-79.383848,2017-03-12 15:33:34.022610
15648903,86957929,Entire home/apt,,Waterfront Communities-The Island (77),0,0.0,4,1.0,80.0,,43.642322,-79.380666,2017-03-12 15:33:34.020530
14711952,39413671,Entire home/apt,,Waterfront Communities-The Island (77),2,0.0,3,1.0,76.0,,43.641086,-79.382285,2017-03-12 15:33:34.016898
8742216,1478360,Entire home/apt,,Waterfront Communities-The Island (77),7,4.5,3,1.0,75.0,,43.649992,-79.360669,2017-03-12 15:33:32.859776
7063016,37034762,Entire home/apt,,Waterfront Communities-The Island (77),8,5.0,2,1.0,73.0,,43.642774,-79.383104,2017-03-12 15:33:32.853418
8145932,42520292,Entire home/apt,,Waterfront Communities-The Island (77),39,4.5,6,1.0,68.0,,43.64274,-79.38233,2017-03-12 15:33:32.844916
13558466,78100905,Entire home/apt,,Waterfront Communities-The Island (77),3,4.5,3,1.0,76.0,,43.641354,-79.382251,2017-03-12 15:33:32.070507
4978472,25663957,Entire home/apt,,Waterfront Communities-The Island (77),52,4.5,3,0.0,76.0,,43.640227,-79.380464,2017-03-12 15:33:31.006417
14193061,58704554,Entire home/apt,,Waterfront Communities-The Island (77),17,5.0,3,1.0,76.0,,43.642387,-79.383351,2017-03-12 15:33:30.994734
1901371,9872693,Entire home/apt,,Moss Park (73),2,0.0,2,1.0,67.0,,43.652524,-79.369712,2017-03-12 15:33:30.420472
1912628,9922227,Entire home/apt,,Waterfront Communities-The Island (77),9,5.0,4,1.0,76.0,,43.640344,-79.382556,2017-03-12 15:33:30.418293
17122332,61327790,Entire home/apt,,South Riverdale (70),1,0.0,4,2.0,81.0,,43.65995,-79.342377,2017-03-12 15:33:25.665223
1915724,9935509,Entire home/apt,,Little Portugal (84),2,0.0,4,2.0,82.0,,43.64712,-79.434321,2017-03-12 15:33:20.702492
12309629,2599250,Entire home/apt,,Roncesvalles (86),1,0.0,2,1.0,76.0,,43.64665,-79.441464,2017-03-12 15:33:20.699335
5795758,28453351,Entire home/apt,,Little Portugal (84),14,4.5,6,2.0,76.0,,43.649881,-79.434837,2017-03-12 15:33:20.693808
4806283,3082565,Entire home/apt,,Dufferin Grove (83),3,5.0,2,1.0,65.0,,43.659713,-79.430212,2017-03-12 15:33:20.688399
6558900,7260922,Entire home/apt,,High Park-Swansea (87),1,0.0,2,1.0,65.0,,43.645587,-79.455337,2017-03-12 15:33:20.672815
11943666,54243952,Entire home/apt,,High Park North (88),3,5.0,2,1.0,65.0,,43.656385,-79.455834,2017-03-12 15:33:19.658387
6627482,1001081,Entire home/apt,,Dufferin Grove (83),0,0.0,6,3.0,65.0,,43.653349,-79.438048,2017-03-12 15:33:19.647039
523277,2572592,Entire home/apt,,Dovercourt-Wallace Emerson-Junction (93),5,5.0,2,1.0,73.0,,43.661906,-79.448706,2017-03-12 15:33:19.641979
8988016,109091,Entire home/apt,,Little Portugal (84),22,4.5,4,1.0,69.0,,43.646399,-79.43287,2017-03-12 15:33:19.635183
3087458,15708086,Entire home/apt,,Roncesvalles (86),7,4.5,4,2.0,67.0,,43.643551,-79.442547,2017-03-12 15:33:18.771749
3924634,2754129,Entire home/apt,,Little Portugal (84),3,4.5,2,1.0,67.0,,43.645755,-79.434835,2017-03-12 15:33:18.765582
13541878,2230130,Entire home/apt,,Dovercourt-Wallace Emerson-Junction (93),14,4.5,4,1.0,67.0,,43.666114,-79.453786,2017-03-12 15:33:17.589864
9824830,50602724,Entire home/apt,,High Park-Swansea (87),16,5.0,2,1.0,67.0,,43.646851,-79.451956,2017-03-12 15:33:17.580243
2823607,14444847,Entire home/apt,,High Park North (88),16,4.5,2,1.0,73.0,,43.657402,-79.45529,2017-03-12 15:33:17.573036
11694745,25411348,Entire home/apt,,Roncesvalles (86),0,0.0,4,2.0,76.0,,43.64643,-79.438577,2017-03-12 15:33:17.567900
17105911,15462848,Entire home/apt,,Trinity-Bellwoods (81),1,0.0,2,1.0,76.0,,43.652175,-79.423457,2017-03-12 15:33:17.563970
11241791,2402168,Entire home/apt,,High Park North (88),1,0.0,4,1.0,65.0,,43.661732,-79.456654,2017-03-12 15:33:16.717931
8816811,3545730,Entire home/apt,,Little Portugal (84),0,0.0,4,2.0,74.0,,43.647858,-79.437396,2017-03-12 15:33:16.711891
6957784,5269649,Entire home/apt,,Little Portugal (84),99,5.0,2,0.0,68.0,,43.647799,-79.426621,2017-03-12 15:33:16.706905
5977148,31029991,Entire home/apt,,Little Portugal (84),2,0.0,5,3.0,76.0,,43.651484,-79.434606,2017-03-12 15:33:16.694318
11188956,20872589,Entire home/apt,,Little Portugal (84),1,0.0,5,1.0,67.0,,43.64362,-79.428743,2017-03-12 15:33:15.329531
864006,3491443,Entire home/apt,,Little Portugal (84),75,4.5,4,2.0,70.0,,43.651883,-79.432401,2017-03-12 15:33:15.323201
1115379,6048680,Entire home/apt,,Little Portugal (84),14,4.5,3,2.0,80.0,,43.650657,-79.433458,2017-03-12 15:33:15.320659
3766264,4042171,Entire home/apt,,Roncesvalles (86),23,4.5,2,0.0,76.0,,43.64728,-79.44255,2017-03-12 15:33:15.316228
13412256,60677334,Entire home/apt,,Dovercourt-Wallace Emerson-Junction (93),56,4.5,4,1.0,65.0,,43.671399,-79.439476,2017-03-12 15:33:14.007366
6771009,7895355,Entire home/apt,,Little Portugal (84),24,4.5,2,0.0,75.0,,43.65031,-79.428761,2017-03-12 15:33:12.654173
12431577,5862138,Entire home/apt,,Dufferin Grove (83),8,5.0,3,1.0,76.0,,43.657248,-79.445938,2017-03-12 15:33:11.213608
8932811,174787,Entire home/apt,,Little Portugal (84),3,5.0,4,1.0,75.0,,43.650504,-79.443379,2017-03-12 15:33:11.210930
9230956,8220144,Entire home/apt,,Roncesvalles (86),15,5.0,2,1.0,67.0,,43.646249,-79.443899,2017-03-12 15:33:11.199723
4549074,11661457,Entire home/apt,,Little Portugal (84),60,5.0,2,1.0,69.0,,43.646811,-79.434494,2017-03-12 15:33:10.429610
1934275,2440089,Entire home/apt,,Dovercourt-Wallace Emerson-Junction (93),112,4.5,4,1.0,69.0,,43.661743,-79.436073,2017-03-12 15:33:10.418991
4462213,23152162,Entire home/apt,,Dufferin Grove (83),46,5.0,3,1.0,75.0,,43.653089,-79.439813,2017-03-12 15:33:09.792376
12805667,67985663,Entire home/apt,,Waterfront Communities-The Island (77),2,0.0,2,1.0,76.0,,43.646294,-79.396624,2017-03-12 15:33:07.088909
8781344,41964614,Entire home/apt,,Little Portugal (84),11,4.5,4,1.0,75.0,,43.643426,-79.428337,2017-03-12 15:33:07.080609
16025662,91819527,Entire home/apt,,Waterfront Communities-The Island (77),1,0.0,3,1.0,76.0,,43.646875,-79.39945,2017-03-12 15:33:07.070921
14963578,32365274,Entire home/apt,,Waterfront Communities-The Island (77),11,5.0,2,1.0,69.0,,43.643919,-79.398011,2017-03-12 15:33:05.723670
1782243,958406,Entire home/apt,,Palmerston-Little Italy (80),0,0.0,4,2.0,65.0,,43.655442,-79.414472,2017-03-12 15:33:05.720517
14915180,31814201,Entire home/apt,,Trinity-Bellwoods (81),2,0.0,6,4.0,67.0,,43.650576,-79.41149,2017-03-12 15:33:05.718227
12989880,30421799,Entire home/apt,,Niagara (82),14,5.0,4,1.0,76.0,,43.644122,-79.40622,2017-03-12 15:33:05.703207
9031330,47141440,Entire home/apt,,Niagara (82),0,0.0,3,1.0,82.0,,43.643986,-79.403172,2017-03-12 15:33:05.691313
7868307,39044952,Entire home/apt,,Trinity-Bellwoods (81),12,4.0,2,1.0,68.0,,43.647123,-79.409285,2017-03-12 15:33:05.686408
16555477,47291261,Entire home/apt,,Kensington-Chinatown (78),0,0.0,3,1.0,76.0,,43.656908,-79.401777,2017-03-12 15:33:04.167760
403439,369473,Entire home/apt,,University (79),2,0.0,4,2.0,73.0,,43.662549,-79.403177,2017-03-12 15:33:04.165162
13911715,82520072,Entire home/apt,,Palmerston-Little Italy (80),4,5.0,1,1.0,82.0,,43.66239,-79.41725,2017-03-12 15:33:04.159264
6682752,32026372,Entire home/apt,,Trinity-Bellwoods (81),1,0.0,2,1.0,76.0,,43.654052,-79.411408,2017-03-12 15:33:04.146578
16614514,12945816,Entire home/apt,,Waterfront Communities-The Island (77),0,0.0,3,1.0,75.0,,43.644452,-79.400047,2017-03-12 15:33:04.139663
5746685,1699308,Entire home/apt,,Little Portugal (84),13,5.0,2,1.0,77.0,,43.64499,-79.424786,2017-03-12 15:33:04.135141
4085677,1903833,Entire home/apt,,Palmerston-Little Italy (80),6,4.5,3,1.0,69.0,,43.659429,-79.410676,2017-03-12 15:33:04.126069
14357378,19915943,Entire home/apt,,Dovercourt-Wallace Emerson-Junction (93),4,5.0,4,1.0,69.0,,43.669258,-79.428676,2017-03-12 15:33:02.587140
6515384,1105735,Entire home/apt,,Kensington-Chinatown (78),34,4.5,7,2.0,80.0,,43.653159,-79.39604,2017-03-12 15:33:02.583065
17524983,14373085,Entire home/apt,,Niagara (82),0,0.0,3,1.0,73.0,,43.645851,-79.410342,2017-03-12 15:33:02.575885
1645074,866082,Entire home/apt,,Dufferin Grove (83),1,0.0,2,1.0,73.0,,43.653511,-79.429997,2017-03-12 15:33:02.573220
7938675,41864967,Entire home/apt,,Dovercourt-Wallace Emerson-Junction (93),3,4.5,2,1.0,76.0,,43.666429,-79.430485,2017-03-12 15:33:02.570659
14167794,4217297,Entire home/apt,,Niagara (82),7,5.0,2,0.0,65.0,,43.644235,-79.411193,2017-03-12 15:33:02.567999
14204859,80979299,Entire home/apt,,Waterfront Communities-The Island (77),10,4.5,3,1.0,76.0,,43.644825,-79.400356,2017-03-12 15:33:02.564080
9131652,8353463,Entire home/apt,,Niagara (82),1,0.0,2,1.0,75.0,,43.645929,-79.409457,2017-03-12 15:33:02.559838
13651690,39020745,Entire home/apt,,Waterfront Communities-The Island (77),1,0.0,2,1.0,69.0,,43.644779,-79.399916,2017-03-12 15:33:00.732910
8081014,41964614,Entire home/apt,,Little Portugal (84),7,4.5,4,1.0,75.0,,43.644019,-79.426762,2017-03-12 15:33:00.717972
8341090,20449638,Entire home/apt,,Trinity-Bellwoods (81),0,0.0,2,1.0,68.0,,43.650538,-79.416518,2017-03-12 15:33:00.706122
1678802,7746554,Entire home/apt,,Trinity-Bellwoods (81),2,0.0,2,1.0,69.0,,43.647211,-79.412847,2017-03-12 15:32:59.493729
9050644,41964614,Entire home/apt,,Little Portugal (84),13,4.5,4,1.0,75.0,,43.643498,-79.428163,2017-03-12 15:32:59.478092
11813090,19986004,Entire home/apt,,Waterfront Communities-The Island (77),7,5.0,2,1.0,65.0,,43.644378,-79.398918,2017-03-12 15:32:58.345823
8656407,10219897,Entire home/apt,,Little Portugal (84),22,4.5,3,1.0,76.0,,43.643608,-79.428704,2017-03-12 15:32:58.336175
13273250,5516501,Entire home/apt,,Little Portugal (84),0,0.0,4,2.0,72.0,,43.6512,-79.426335,2017-03-12 15:32:58.331156
6356133,33112806,Entire home/apt,,Little Portugal (84),23,5.0,2,0.0,76.0,,43.650612,-79.425343,2017-03-12 15:32:58.326309
15940743,5304971,Entire home/apt,,Waterfront Communities-The Island (77),1,0.0,2,1.0,76.0,,43.644289,-79.40181,2017-03-12 15:32:58.320869
10040701,1393242,Entire home/apt,,Little Portugal (84),4,5.0,4,1.0,75.0,,43.644082,-79.423594,2017-03-12 15:32:58.318331
2046104,8833203,Entire home/apt,,Palmerston-Little Italy (80),36,4.5,2,0.0,76.0,,43.65605,-79.423995,2017-03-12 15:32:54.495785
5585677,13245431,Entire home/apt,,Dufferin Grove (83),1,0.0,2,1.0,69.0,,43.659397,-79.429698,2017-03-12 15:32:54.487670
4709021,9990,Entire home/apt,,Trinity-Bellwoods (81),0,0.0,4,2.0,73.0,,43.650233,-79.410932,2017-03-12 15:32:54.477707
16560226,109061568,Entire home/apt,,Little Portugal (84),5,5.0,6,2.0,73.0,,43.646762,-79.424032,2017-03-12 15:32:53.555823
9270435,13537832,Entire home/apt,,Waterfront Communities-The Island (77),8,5.0,2,1.0,69.0,,43.647643,-79.401379,2017-03-12 15:32:53.551864
4375731,17172895,Entire home/apt,,Little Portugal (84),21,5.0,2,1.0,69.0,,43.64347,-79.426133,2017-03-12 15:32:53.533871
17473391,117987133,Entire home/apt,,Little Portugal (84),0,0.0,4,1.0,71.0,,43.643884,-79.428168,2017-03-12 15:32:52.397573
8227523,18599151,Entire home/apt,,Little Portugal (84),47,5.0,3,2.0,79.0,,43.643621,-79.42691,2017-03-12 15:32:52.389988
16108539,104915502,Entire home/apt,,Little Portugal (84),1,0.0,4,2.0,74.0,,43.652991,-79.426381,2017-03-12 15:32:52.383034
9233101,39619269,Entire home/apt,,Little Portugal (84),17,5.0,2,0.0,75.0,,43.647671,-79.424433,2017-03-12 15:32:52.367061
13307078,17963529,Entire home/apt,,Dufferin Grove (83),2,0.0,3,1.0,69.0,,43.659521,-79.430248,2017-03-12 15:32:51.594753
12410493,22051498,Entire home/apt,,Dufferin Grove (83),4,4.5,2,1.0,63.0,,43.658582,-79.428471,2017-03-12 15:32:51.592054
7094605,37186013,Entire home/apt,,Trinity-Bellwoods (81),1,0.0,2,1.0,76.0,,43.648304,-79.422351,2017-03-12 15:32:51.582229
11911489,63548913,Entire home/apt,,Trinity-Bellwoods (81),16,4.5,4,1.0,75.0,,43.646669,-79.422807,2017-03-12 15:32:50.054812
14758494,91997078,Entire home/apt,,Trinity-Bellwoods (81),3,1.0,1,0.0,76.0,,43.649122,-79.422274,2017-03-12 15:32:50.045160
8371607,44123280,Entire home/apt,,Little Portugal (84),12,5.0,2,1.0,73.0,,43.6477,-79.424689,2017-03-12 15:32:47.522510
7390728,29704605,Entire home/apt,,Trinity-Bellwoods (81),94,5.0,2,1.0,65.0,,43.644561,-79.419505,2017-03-12 15:32:47.513535
15058542,13204413,Entire home/apt,,Little Portugal (84),20,5.0,2,1.0,76.0,,43.643634,-79.425165,2017-03-12 15:32:47.493387
14456942,1409210,Entire home/apt,,Dovercourt-Wallace Emerson-Junction (93),1,0.0,2,1.0,76.0,,43.664565,-79.451484,2017-03-12 15:32:21.982561
3652853,4491473,Entire home/apt,,Dufferin Grove (83),18,4.5,4,1.0,73.0,,43.658764,-79.428571,2017-03-12 15:32:21.976871
6828182,9066885,Entire home/apt,,Dufferin Grove (83),11,5.0,2,1.0,64.0,,43.654685,-79.436825,2017-03-12 15:32:20.607781
16085321,4654077,Entire home/apt,,Little Portugal (84),0,0.0,3,1.0,74.0,,43.651796,-79.426691,2017-03-12 15:32:20.604162
8465799,44582998,Entire home/apt,,Little Portugal (84),6,5.0,3,2.0,64.0,,43.652062,-79.427346,2017-03-12 15:32:20.601196
8310120,22822817,Entire home/apt,,Corso Italia-Davenport (92),8,4.5,3,1.0,72.0,,43.676668,-79.442281,2017-03-12 15:32:20.598822
15339084,10662796,Entire home/apt,,Dufferin Grove (83),1,0.0,2,1.0,65.0,,43.653391,-79.437421,2017-03-12 15:32:20.593006
16343583,93144159,Entire home/apt,,High Park-Swansea (87),0,0.0,2,1.0,65.0,,43.654491,-79.452773,2017-03-12 15:32:20.586759
12243222,47582177,Entire home/apt,,High Park-Swansea (87),22,5.0,2,1.0,65.0,,43.648891,-79.453892,2017-03-12 15:32:20.584440
9370518,9145357,Entire home/apt,,Dufferin Grove (83),0,0.0,2,1.0,69.0,,43.656637,-79.442852,2017-03-12 15:32:20.582089
14286759,85825104,Entire home/apt,,Trinity-Bellwoods (81),6,5.0,4,0.0,76.0,,43.648989,-79.404981,2017-03-12 15:32:19.353323
17572119,103843653,Entire home/apt,,Dufferin Grove (83),0,0.0,6,2.0,75.0,,43.656813,-79.446709,2017-03-12 15:32:19.348309
13876988,48175199,Entire home/apt,,Dufferin Grove (83),18,5.0,2,1.0,65.0,,43.65683,-79.446075,2017-03-12 15:32:19.335980
11532931,34288862,Entire home/apt,,Dovercourt-Wallace Emerson-Junction (93),1,0.0,3,2.0,76.0,,43.663191,-79.432161,2017-03-12 15:32:19.326906
14747257,5211865,Entire home/apt,,Palmerston-Little Italy (80),18,5.0,4,1.0,80.0,,43.664633,-79.412972,2017-03-12 15:32:19.322371
14585957,3239287,Entire home/apt,,Dovercourt-Wallace Emerson-Junction (93),1,0.0,4,2.0,71.0,,43.665063,-79.435697,2017-03-12 15:32:19.319839
15256494,97035885,Entire home/apt,,Little Portugal (84),3,5.0,2,0.0,65.0,,43.649898,-79.430049,2017-03-12 15:32:17.694730
8625918,124338,Entire home/apt,,Dovercourt-Wallace Emerson-Junction (93),0,0.0,3,1.0,63.0,,43.659132,-79.440362,2017-03-12 15:32:17.690063
5792357,8349056,Entire home/apt,,Little Portugal (84),5,4.5,5,2.0,65.0,,43.649259,-79.43584,2017-03-12 15:32:17.687246
9804619,13062779,Entire home/apt,,Dovercourt-Wallace Emerson-Junction (93),0,0.0,4,1.0,76.0,,43.668064,-79.432403,2017-03-12 15:32:17.679261
16813862,22654626,Entire home/apt,,Dufferin Grove (83),0,0.0,4,3.0,68.0,,43.6526,-79.434827,2017-03-12 15:32:17.673500
13696148,1828866,Entire home/apt,,Dovercourt-Wallace Emerson-Junction (93),8,4.5,4,1.0,65.0,,43.661533,-79.436438,2017-03-12 15:32:16.499783
13896931,82282556,Entire home/apt,,Little Portugal (84),8,4.5,2,1.0,67.0,,43.653374,-79.426901,2017-03-12 15:32:16.496846
17257936,13097248,Entire home/apt,,Dovercourt-Wallace Emerson-Junction (93),0,0.0,4,2.0,76.0,,43.664368,-79.427874,2017-03-12 15:32:16.494342
15360512,8924666,Entire home/apt,,Dufferin Grove (83),5,4.5,2,0.0,69.0,,43.654566,-79.430689,2017-03-12 15:32:16.492016
15451219,8262756,Entire home/apt,,Palmerston-Little Italy (80),2,0.0,2,1.0,68.0,,43.660606,-79.428665,2017-03-12 15:32:16.489812
17044360,56538204,Entire home/apt,,Trinity-Bellwoods (81),0,0.0,2,1.0,81.0,,43.653953,-79.424353,2017-03-12 15:32:16.479555
10862350,34077626,Entire home/apt,,Dufferin Grove (83),19,4.5,4,2.0,76.0,,43.653831,-79.435969,2017-03-12 15:32:16.470517
14006469,2970270,Entire home/apt,,Palmerston-Little Italy (80),2,0.0,2,1.0,76.0,,43.662698,-79.421165,2017-03-12 15:32:14.783231
701230,3587917,Entire home/apt,,High Park North (88),8,5.0,2,1.0,76.0,,43.658483,-79.454081,2017-03-12 15:32:14.772748
3410967,199067,Entire home/apt,,Dovercourt-Wallace Emerson-Junction (93),0,0.0,2,1.0,70.0,,43.669254,-79.429821,2017-03-12 15:32:14.766617
1477940,1200367,Entire home/apt,,Dovercourt-Wallace Emerson-Junction (93),15,5.0,3,1.0,68.0,,43.666209,-79.452483,2017-03-12 15:32:14.762129
10826974,55887700,Entire home/apt,,Dovercourt-Wallace Emerson-Junction (93),4,5.0,4,2.0,76.0,,43.671005,-79.44778,2017-03-12 15:32:13.128081
5892846,8269681,Entire home/apt,,Dufferin Grove (83),35,5.0,4,2.0,70.0,,43.650369,-79.43647,2017-03-12 15:32:13.121196
14510316,69350366,Entire home/apt,,Dovercourt-Wallace Emerson-Junction (93),24,5.0,4,2.0,69.0,,43.660836,-79.44231,2017-03-12 15:32:13.112187
5580395,2401233,Entire home/apt,,Dufferin Grove (83),34,4.5,6,3.0,79.0,,43.650678,-79.436271,2017-03-12 15:32:13.109474
5706579,3674772,Entire home/apt,,Little Portugal (84),0,0.0,2,1.0,76.0,,43.652249,-79.431956,2017-03-12 15:32:13.098035
11099484,52935437,Entire home/apt,,Roncesvalles (86),21,5.0,2,1.0,75.0,,43.654331,-79.447784,2017-03-12 15:32:13.092744
6461706,27186126,Entire home/apt,,Corso Italia-Davenport (92),0,0.0,3,2.0,75.0,,43.676998,-79.443687,2017-03-12 15:32:12.113162
10485802,20408425,Entire home/apt,,Little Portugal (84),7,4.5,2,1.0,75.0,,43.65098,-79.425802,2017-03-12 15:32:11.346072
2320778,1215574,Entire home/apt,,Palmerston-Little Italy (80),15,5.0,2,1.0,74.0,,43.658803,-79.424364,2017-03-12 15:32:10.668116
15984974,103862612,Entire home/apt,,Kensington-Chinatown (78),3,5.0,2,1.0,76.0,,43.6545,-79.406504,2017-03-12 15:32:10.666047
8902286,8349056,Entire home/apt,,Little Portugal (84),7,5.0,2,1.0,65.0,,43.649943,-79.42938,2017-03-12 15:32:10.663498
9234677,13066292,Entire home/apt,,Little Portugal (84),53,4.5,4,2.0,76.0,,43.649654,-79.431481,2017-03-12 15:32:10.657457
14669455,7475466,Entire home/apt,,Dufferin Grove (83),36,4.5,6,3.0,66.0,,43.6518,-79.438372,2017-03-12 15:32:09.861762
11743123,14720783,Entire home/apt,,Wychwood (94),9,5.0,3,0.0,65.0,,43.674471,-79.42021,2017-03-12 15:32:09.856148
16053617,92424876,Entire home/apt,,Dovercourt-Wallace Emerson-Junction (93),8,5.0,6,3.0,76.0,,43.670315,-79.447622,2017-03-12 15:32:09.852187
14841718,91311482,Entire home/apt,,Palmerston-Little Italy (80),27,4.5,5,2.0,68.0,,43.661548,-79.423566,2017-03-12 15:32:09.848760
7362212,4826065,Entire home/apt,,Little Portugal (84),63,5.0,2,1.0,81.0,,43.648845,-79.425516,2017-03-12 15:32:09.831674
13864741,8349056,Entire home/apt,,Little Portugal (84),6,5.0,2,1.0,65.0,,43.649705,-79.431113,2017-03-12 15:32:09.825419
3987871,6657591,Entire home/apt,,Dovercourt-Wallace Emerson-Junction (93),21,4.5,4,0.0,70.0,,43.669288,-79.42824,2017-03-12 15:32:08.863972
15845514,55430413,Entire home/apt,,Dovercourt-Wallace Emerson-Junction (93),17,5.0,4,1.0,76.0,,43.661426,-79.450734,2017-03-12 15:32:08.861505
10489621,54063544,Entire home/apt,,Palmerston-Little Italy (80),10,5.0,3,1.0,69.0,,43.658314,-79.421211,2017-03-12 15:32:08.844436
2785238,12162418,Entire home/apt,,Palmerston-Little Italy (80),59,4.5,4,1.0,63.0,,43.655223,-79.423484,2017-03-12 15:32:08.053971
16441722,25752825,Entire home/apt,,Dovercourt-Wallace Emerson-Junction (93),1,0.0,2,1.0,73.0,,43.666397,-79.426597,2017-03-12 15:32:08.047455
16403591,70227429,Entire home/apt,,Palmerston-Little Italy (80),2,0.0,2,1.0,69.0,,43.660273,-79.425085,2017-03-12 15:32:08.044803
8273486,8538472,Entire home/apt,,Wychwood (94),52,5.0,4,1.0,69.0,,43.672699,-79.425043,2017-03-12 15:32:05.897685
10084192,43180254,Entire home/apt,,Waterfront Communities-The Island (77),4,3.5,3,1.0,77.0,,43.648538,-79.391765,2017-03-12 15:32:03.441689
8406023,3771107,Entire home/apt,,Trinity-Bellwoods (81),3,5.0,2,1.0,82.0,,43.64967,-79.407939,2017-03-12 15:32:03.423282
6195276,27107986,Entire home/apt,,Niagara (82),24,4.5,2,0.0,76.0,,43.645176,-79.407991,2017-03-12 15:32:01.762667
6763562,5683874,Entire home/apt,,Kensington-Chinatown (78),7,4.5,4,1.0,69.0,,43.657447,-79.396702,2017-03-12 15:32:01.753246
13480203,37739181,Entire home/apt,,Trinity-Bellwoods (81),3,5.0,2,1.0,76.0,,43.648689,-79.40933,2017-03-12 15:32:01.750751
12938131,15941836,Entire home/apt,,Niagara (82),45,4.5,2,1.0,65.0,,43.644153,-79.410862,2017-03-12 15:32:01.745714
9874276,50810320,Entire home/apt,,Waterfront Communities-The Island (77),37,4.5,3,1.0,75.0,,43.644594,-79.395669,2017-03-12 15:32:01.006482
14472715,48332278,Entire home/apt,,Waterfront Communities-The Island (77),1,0.0,2,1.0,74.0,,43.647353,-79.399056,2017-03-12 15:32:00.995617
11825186,44451139,Entire home/apt,,University (79),0,0.0,3,1.0,68.0,,43.666196,-79.405722,2017-03-12 15:32:00.990738
7128636,7342347,Entire home/apt,,Kensington-Chinatown (78),0,0.0,2,1.0,69.0,,43.657127,-79.401121,2017-03-12 15:32:00.986700
15246845,4079168,Entire home/apt,,Roncesvalles (86),0,0.0,3,2.0,69.0,,43.654105,-79.447812,2017-03-12 15:37:36.413132
17125290,4356799,Entire home/apt,,Little Portugal (84),1,0.0,5,1.0,75.0,,43.642372,-79.42442,2017-03-12 15:37:36.408671
15872296,102899262,Entire home/apt,,South Parkdale (85),9,5.0,4,2.0,65.0,,43.639674,-79.42515,2017-03-12 15:37:34.372102
15512181,9666005,Entire home/apt,,Trinity-Bellwoods (81),0,0.0,3,2.0,75.0,,43.646633,-79.421806,2017-03-12 15:37:32.746560
11106367,49288354,Entire home/apt,,Little Portugal (84),25,4.5,3,1.0,75.0,,43.643269,-79.424047,2017-03-12 15:37:31.065673
15602540,71369879,Entire home/apt,,South Parkdale (85),7,5.0,2,1.0,65.0,,43.636291,-79.436972,2017-03-12 15:37:31.057189
8428487,44387408,Entire home/apt,,Niagara (82),4,4.5,3,1.0,75.0,,43.639957,-79.414524,2017-03-12 15:37:29.354917
15921745,36383587,Entire home/apt,,Roncesvalles (86),3,4.5,4,1.0,73.0,,43.640871,-79.442407,2017-03-12 15:37:29.349869
13392341,5879359,Entire home/apt,,Roncesvalles (86),7,5.0,2,1.0,69.0,,43.641903,-79.43354,2017-03-12 15:37:27.876491
4058460,21048810,Entire home/apt,,South Parkdale (85),120,5.0,2,1.0,73.0,,43.640183,-79.421765,2017-03-12 15:37:27.871101
12556483,4356799,Entire home/apt,,Little Portugal (84),4,4.5,4,2.0,75.0,,43.641226,-79.422727,2017-03-12 15:37:27.868186
16374420,5375629,Entire home/apt,,Roncesvalles (86),9,5.0,6,2.0,75.0,,43.64107,-79.441679,2017-03-12 15:37:26.580026
15866999,22838553,Entire home/apt,,Niagara (82),4,4.5,4,1.0,68.0,,43.638398,-79.414666,2017-03-12 15:37:26.557919
4032618,4752716,Entire home/apt,,South Parkdale (85),66,4.5,3,1.0,74.0,,43.637554,-79.442162,2017-03-12 15:37:25.048606
9496400,42378735,Entire home/apt,,Niagara (82),11,5.0,2,1.0,76.0,,43.640825,-79.414865,2017-03-12 15:37:19.758763
9343059,25911885,Entire home/apt,,Waterfront Communities-The Island (77),7,4.5,3,1.0,75.0,,43.641032,-79.397829,2017-03-12 15:37:19.754446
14996191,18417002,Entire home/apt,,Waterfront Communities-The Island (77),2,0.0,2,1.0,68.0,,43.637562,-79.398307,2017-03-12 15:37:19.750612
8888805,2327191,Entire home/apt,,Niagara (82),0,0.0,2,1.0,73.0,,43.640627,-79.405009,2017-03-12 15:37:19.731065
15806544,51861101,Entire home/apt,,Waterfront Communities-The Island (77),0,0.0,4,1.0,73.0,,43.63817,-79.399822,2017-03-12 15:37:19.726661
1374003,5394203,Entire home/apt,,Niagara (82),12,4.5,2,1.0,76.0,,43.637478,-79.405752,2017-03-12 15:37:15.643191
12986065,70945388,Entire home/apt,,Niagara (82),32,4.0,2,0.0,65.0,,43.645313,-79.410263,2017-03-12 15:37:15.629535
4424464,19933348,Entire home/apt,,Niagara (82),20,4.5,2,1.0,69.0,,43.64391,-79.408355,2017-03-12 15:37:14.604099
6672329,34921814,Entire home/apt,,Waterfront Communities-The Island (77),3,4.5,4,1.0,76.0,,43.639804,-79.398518,2017-03-12 15:37:14.050691
13683941,2192256,Entire home/apt,,Niagara (82),0,0.0,5,2.0,81.0,,43.643092,-79.403962,2017-03-12 15:37:14.034503
4249285,4356799,Entire home/apt,,Waterfront Communities-The Island (77),33,4.5,6,2.0,75.0,,43.641543,-79.400994,2017-03-12 15:37:14.028563
14693925,13305403,Entire home/apt,,Waterfront Communities-The Island (77),21,4.5,3,1.0,65.0,,43.640769,-79.398697,2017-03-12 15:37:14.020164
8151577,43036232,Entire home/apt,,Waterfront Communities-The Island (77),8,4.0,4,2.0,76.0,,43.638956,-79.398293,2017-03-12 15:37:13.302019
4589191,4869069,Entire home/apt,,Waterfront Communities-The Island (77),0,0.0,3,2.0,76.0,,43.647084,-79.398212,2017-03-12 15:37:13.299252
2210700,11277421,Entire home/apt,,Waterfront Communities-The Island (77),38,4.5,2,1.0,69.0,,43.642318,-79.401707,2017-03-12 15:37:13.294880
5616419,29111592,Entire home/apt,,Niagara (82),26,4.5,2,1.0,65.0,,43.643872,-79.404769,2017-03-12 15:32:00.982198
9450656,164481,Entire home/apt,,Annex (95),58,4.0,6,1.0,68.0,,43.666999,-79.406516,2017-03-12 15:32:00.979396
17608826,6676247,Entire home/apt,,Waterfront Communities-The Island (77),0,0.0,2,0.0,80.0,,43.648368,-79.391524,2017-03-12 15:32:00.977235
15744119,3471241,Entire home/apt,,Annex (95),3,5.0,4,1.0,69.0,,43.675254,-79.395788,2017-03-12 15:32:00.972827
14499198,89523198,Entire home/apt,,Trinity-Bellwoods (81),6,5.0,3,1.0,80.0,,43.648753,-79.404792,2017-03-12 15:31:59.796341
1965562,5591756,Entire home/apt,,Trinity-Bellwoods (81),22,5.0,3,1.0,67.0,,43.65298,-79.416996,2017-03-12 15:31:59.783308
11548014,10812180,Entire home/apt,,Waterfront Communities-The Island (77),2,0.0,3,1.0,69.0,,43.645721,-79.402933,2017-03-12 15:31:59.780563
16983915,92636365,Entire home/apt,,Waterfront Communities-The Island (77),0,0.0,4,1.0,76.0,,43.647726,-79.391552,2017-03-12 15:31:58.211376
12272576,15890615,Entire home/apt,,Waterfront Communities-The Island (77),25,4.5,2,1.0,78.0,,43.647843,-79.391753,2017-03-12 15:31:58.207781
14672809,9629391,Entire home/apt,,Waterfront Communities-The Island (77),6,5.0,2,1.0,69.0,,43.647901,-79.393475,2017-03-12 15:31:58.201937
4135718,5726071,Entire home/apt,,Waterfront Communities-The Island (77),19,5.0,2,1.0,65.0,,43.64661,-79.399259,2017-03-12 15:31:58.199287
9385028,16290105,Entire home/apt,,Waterfront Communities-The Island (77),13,4.5,5,2.0,75.0,,43.644913,-79.388514,2017-03-12 15:31:58.196671
2993831,14761152,Entire home/apt,,Palmerston-Little Italy (80),29,5.0,6,3.0,70.0,,43.658669,-79.409569,2017-03-12 15:31:58.187422
6707216,32026372,Entire home/apt,,University (79),7,4.0,2,0.0,73.0,,43.659311,-79.40809,2017-03-12 15:31:57.101905
11770020,33062401,Entire home/apt,,Waterfront Communities-The Island (77),6,4.5,2,1.0,75.0,,43.645766,-79.394018,2017-03-12 15:31:56.113490
13900107,35005808,Entire home/apt,,Waterfront Communities-The Island (77),1,0.0,2,0.0,68.0,,43.646302,-79.395937,2017-03-12 15:31:56.104951
15690154,101293415,Entire home/apt,,Kensington-Chinatown (78),4,5.0,4,0.0,75.0,,43.651218,-79.398762,2017-03-12 15:31:56.096712
6359277,26005756,Entire home/apt,,Niagara (82),0,0.0,2,0.0,65.0,,43.644371,-79.410387,2017-03-12 15:31:56.092365
9342514,3406595,Entire home/apt,,Trinity-Bellwoods (81),17,5.0,2,1.0,65.0,,43.648038,-79.417567,2017-03-12 15:31:56.087014
7807833,41048739,Entire home/apt,,Kensington-Chinatown (78),1,0.0,2,1.0,69.0,,43.657088,-79.399643,2017-03-12 15:31:54.346234
12133645,2266230,Entire home/apt,,Trinity-Bellwoods (81),2,0.0,3,1.0,76.0,,43.647195,-79.407352,2017-03-12 15:31:54.342179
8083114,38407080,Entire home/apt,,Niagara (82),0,0.0,2,1.0,63.0,,43.644879,-79.407056,2017-03-12 15:31:54.338428
7733989,12032759,Entire home/apt,,Trinity-Bellwoods (81),3,5.0,2,1.0,69.0,,43.649905,-79.412455,2017-03-12 15:31:54.336383
13913810,9558617,Entire home/apt,,Trinity-Bellwoods (81),11,4.5,2,1.0,67.0,,43.648696,-79.406728,2017-03-12 15:31:54.333660
17459608,112372880,Entire home/apt,,Niagara (82),0,0.0,2,1.0,69.0,,43.64535,-79.412407,2017-03-12 15:31:54.330304
7491397,39234777,Entire home/apt,,Kensington-Chinatown (78),9,4.5,2,1.0,76.0,,43.653623,-79.401145,2017-03-12 15:31:54.322933
13895862,11149428,Entire home/apt,,Waterfront Communities-The Island (77),9,5.0,2,1.0,76.0,,43.645726,-79.402435,2017-03-12 15:31:54.320282
8106708,42803867,Entire home/apt,,Trinity-Bellwoods (81),26,5.0,2,0.0,68.0,,43.647534,-79.404951,2017-03-12 15:31:54.311247
3001761,14761152,Entire home/apt,,Palmerston-Little Italy (80),9,4.5,2,1.0,73.0,,43.660866,-79.416079,2017-03-12 15:31:52.682895
9130529,8659891,Entire home/apt,,Waterfront Communities-The Island (77),2,0.0,2,1.0,76.0,,43.645367,-79.391191,2017-03-12 15:31:52.663768
6092042,22049576,Entire home/apt,,Waterfront Communities-The Island (77),65,4.5,4,1.0,81.0,,43.64598,-79.391242,2017-03-12 15:31:52.656353
7615889,1430894,Entire home/apt,,Palmerston-Little Italy (80),0,0.0,2,2.0,76.0,,43.657961,-79.411108,2017-03-12 15:31:52.651704
3406050,17178062,Entire home/apt,,Niagara (82),3,4.5,2,0.0,75.0,,43.643607,-79.40511,2017-03-12 15:31:51.633661
7893539,40494868,Entire home/apt,,Waterfront Communities-The Island (77),56,4.5,2,1.0,68.0,,43.645141,-79.393308,2017-03-12 15:31:51.623115
15301321,24550838,Entire home/apt,,Waterfront Communities-The Island (77),20,4.5,5,2.0,76.0,,43.64378,-79.391436,2017-03-12 15:31:51.617690
13298933,69825515,Entire home/apt,,Niagara (82),36,5.0,2,1.0,67.0,,43.645668,-79.411426,2017-03-12 15:31:51.615219
13885568,8702985,Entire home/apt,,Trinity-Bellwoods (81),22,5.0,2,1.0,82.0,,43.653727,-79.41549,2017-03-12 15:31:51.610678
4881531,22490810,Entire home/apt,,Waterfront Communities-The Island (77),60,5.0,5,1.0,75.0,,43.646072,-79.389444,2017-03-12 15:31:51.606126
15874657,102924519,Entire home/apt,,Palmerston-Little Italy (80),13,5.0,2,1.0,69.0,,43.655554,-79.417661,2017-03-12 15:31:51.599244
3139688,15941836,Entire home/apt,,Niagara (82),116,4.5,2,0.0,63.0,,43.643461,-79.411687,2017-03-12 15:31:50.733525
11374978,44033702,Entire home/apt,,Waterfront Communities-The Island (77),32,5.0,2,1.0,76.0,,43.645993,-79.402458,2017-03-12 15:31:50.722411
16873302,111848783,Entire home/apt,,Trinity-Bellwoods (81),2,0.0,2,1.0,70.0,,43.646447,-79.408729,2017-03-12 15:31:50.719863
17936,69169,Entire home/apt,,Kensington-Chinatown (78),97,4.5,4,1.0,70.0,,43.6564,-79.403295,2017-03-12 15:31:49.925236
13250777,74521738,Entire home/apt,,Waterfront Communities-The Island (77),46,5.0,3,0.0,71.0,,43.64654,-79.403302,2017-03-12 15:31:49.922642
1325403,1279668,Entire home/apt,,Kensington-Chinatown (78),125,5.0,4,1.0,75.0,,43.655219,-79.392057,2017-03-12 15:31:49.901657
7533924,8541438,Entire home/apt,,Trinity-Bellwoods (81),44,4.5,4,2.0,75.0,,43.648913,-79.410874,2017-03-12 15:31:48.891370
4006634,6407213,Entire home/apt,,Waterfront Communities-The Island (77),0,0.0,2,1.0,76.0,,43.650396,-79.367702,2017-03-12 15:31:43.503023
14329815,65082735,Entire home/apt,,Church-Yonge Corridor (75),0,0.0,2,1.0,69.0,,43.650716,-79.373416,2017-03-12 15:31:43.490776
3861658,19928385,Entire home/apt,,Waterfront Communities-The Island (77),47,4.5,3,1.0,63.0,,43.649098,-79.364647,2017-03-12 15:31:42.302733
11261755,58785382,Entire home/apt,,Waterfront Communities-The Island (77),2,0.0,3,1.0,75.0,,43.643893,-79.389241,2017-03-12 15:31:42.300572
6842675,26181633,Entire home/apt,,Bay Street Corridor (76),27,5.0,3,1.0,81.0,,43.653987,-79.385967,2017-03-12 15:31:42.297800
17117409,63968705,Entire home/apt,,Bay Street Corridor (76),1,0.0,4,2.0,80.0,,43.660959,-79.385334,2017-03-12 15:31:41.455220
15822344,101777068,Entire home/apt,,Bay Street Corridor (76),6,5.0,3,1.0,69.0,,43.661308,-79.383119,2017-03-12 15:31:41.450255
4384793,12764178,Entire home/apt,,Bay Street Corridor (76),52,4.0,4,1.0,80.0,,43.661034,-79.387022,2017-03-12 15:31:40.472581
17158060,115399056,Entire home/apt,,Bay Street Corridor (76),0,0.0,2,1.0,82.0,,43.658941,-79.386425,2017-03-12 15:31:40.468545
16083618,49786939,Entire home/apt,,Moss Park (73),0,0.0,2,1.0,75.0,,43.653821,-79.362996,2017-03-12 15:31:40.462470
12408801,5186173,Entire home/apt,,Moss Park (73),1,0.0,3,1.0,80.0,,43.653167,-79.369381,2017-03-12 15:31:40.456781
6703686,5434721,Entire home/apt,,Church-Yonge Corridor (75),34,5.0,4,1.0,75.0,,43.649644,-79.374059,2017-03-12 15:31:40.446211
12207883,9854754,Entire home/apt,,Bay Street Corridor (76),5,4.5,3,1.0,68.0,,43.662891,-79.38619,2017-03-12 15:31:40.442373
12208748,52271881,Entire home/apt,,Waterfront Communities-The Island (77),0,0.0,4,1.0,75.0,,43.643478,-79.381824,2017-03-12 15:31:40.439725
13417226,51943705,Entire home/apt,,Bay Street Corridor (76),1,0.0,3,1.0,76.0,,43.652229,-79.38272,2017-03-12 15:31:39.372614
12537334,16290105,Entire home/apt,,Waterfront Communities-The Island (77),0,0.0,3,1.0,67.0,,43.645083,-79.388261,2017-03-12 15:31:39.369628
15181887,44281398,Entire home/apt,,Bay Street Corridor (76),2,0.0,3,1.0,73.0,,43.647581,-79.38537,2017-03-12 15:31:39.367367
2494099,12764178,Entire home/apt,,Bay Street Corridor (76),57,4.0,4,1.0,80.0,,43.649295,-79.381437,2017-03-12 15:31:39.364659
6347260,2765838,Entire home/apt,,Waterfront Communities-The Island (77),1,0.0,2,1.0,73.0,,43.645717,-79.376022,2017-03-12 15:31:39.359131
10722107,4356799,Entire home/apt,,Waterfront Communities-The Island (77),3,4.5,6,2.0,75.0,,43.645116,-79.390051,2017-03-12 15:31:39.356314
17142592,51943705,Entire home/apt,,Waterfront Communities-The Island (77),0,0.0,3,1.0,76.0,,43.645529,-79.389153,2017-03-12 15:31:39.351308
8257186,43544823,Entire home/apt,,Bay Street Corridor (76),34,4.5,4,1.0,75.0,,43.654188,-79.387959,2017-03-12 15:31:39.349142
10926633,56641718,Entire home/apt,,Kensington-Chinatown (78),2,0.0,4,1.0,76.0,,43.651212,-79.38902,2017-03-12 15:31:39.346919
15058193,66631663,Entire home/apt,,Waterfront Communities-The Island (77),6,5.0,2,1.0,79.0,,43.653518,-79.355562,2017-03-12 15:31:38.085331
3378361,7427150,Entire home/apt,,Waterfront Communities-The Island (77),12,4.5,1,0.0,69.0,,43.650234,-79.368171,2017-03-12 15:31:38.081670
16516333,72286148,Entire home/apt,,Bay Street Corridor (76),0,0.0,3,1.0,76.0,,43.660229,-79.38517,2017-03-12 15:31:38.079526
16560284,80912184,Entire home/apt,,Waterfront Communities-The Island (77),10,5.0,4,1.0,80.0,,43.644175,-79.389521,2017-03-12 15:31:38.073994
7970039,42056065,Entire home/apt,,Cabbagetown-South St.James Town (71),12,4.5,2,1.0,69.0,,43.664114,-79.358851,2017-03-12 15:31:38.070812
3394095,17123111,Entire home/apt,,Moss Park (73),10,4.5,1,0.0,75.0,,43.654593,-79.371086,2017-03-12 15:31:38.066216
14272804,10468498,Entire home/apt,,Waterfront Communities-The Island (77),7,4.0,3,1.0,73.0,,43.644827,-79.39059,2017-03-12 15:31:38.063786
7949911,41759278,Entire home/apt,,Waterfront Communities-The Island (77),3,5.0,3,0.0,76.0,,43.646404,-79.39102,2017-03-12 15:31:38.058500
16855269,48282233,Entire home/apt,,Waterfront Communities-The Island (77),6,4.5,3,1.0,76.0,,43.648485,-79.389215,2017-03-12 15:31:38.054877
6925159,36299134,Entire home/apt,,Moss Park (73),3,5.0,3,0.0,76.0,,43.654531,-79.366191,2017-03-12 15:31:38.052416
13330625,29221167,Entire home/apt,,Kensington-Chinatown (78),23,4.5,3,0.0,69.0,,43.652737,-79.390726,2017-03-12 15:31:36.760959
13829071,277403,Entire home/apt,,Regent Park (72),0,0.0,4,1.0,76.0,,43.658735,-79.359936,2017-03-12 15:31:36.754673
12002073,62255973,Entire home/apt,,Waterfront Communities-The Island (77),13,4.5,4,1.0,75.0,,43.644211,-79.390087,2017-03-12 15:31:36.746295
9564968,6050789,Entire home/apt,,Moss Park (73),13,5.0,4,1.0,68.0,,43.653146,-79.367436,2017-03-12 15:31:36.737425
4719568,6391984,Entire home/apt,,Church-Yonge Corridor (75),1,0.0,1,1.0,76.0,,43.653965,-79.374804,2017-03-12 15:31:35.593639
17592721,119514503,Entire home/apt,,Waterfront Communities-The Island (77),0,0.0,4,1.0,69.0,,43.643878,-79.382885,2017-03-12 15:31:35.565968
17208512,115727741,Entire home/apt,,Bay Street Corridor (76),0,0.0,4,1.0,76.0,,43.653142,-79.380186,2017-03-12 15:31:34.244781
5958371,9946512,Entire home/apt,,Waterfront Communities-The Island (77),84,5.0,3,1.0,69.0,,43.643773,-79.381006,2017-03-12 15:31:34.237914
13153154,69183201,Entire home/apt,,Waterfront Communities-The Island (77),2,0.0,3,1.0,76.0,,43.644838,-79.37734,2017-03-12 15:31:34.227732
17098175,56903524,Entire home/apt,,Bay Street Corridor (76),1,0.0,4,1.0,75.0,,43.651079,-79.381856,2017-03-12 15:31:33.416193
6063858,4356799,Entire home/apt,,Waterfront Communities-The Island (77),32,4.5,4,1.0,75.0,,43.645324,-79.390495,2017-03-12 15:31:33.405041
6063085,31470230,Entire home/apt,,Waterfront Communities-The Island (77),40,4.5,3,1.0,75.0,,43.645658,-79.373757,2017-03-12 15:31:33.398145
13769399,48766118,Entire home/apt,,Waterfront Communities-The Island (77),2,0.0,4,1.0,76.0,,43.650525,-79.358264,2017-03-12 15:31:32.252944
1648906,8747700,Entire home/apt,,Moss Park (73),19,4.5,2,1.0,69.0,,43.652884,-79.3678,2017-03-12 15:31:32.233844
14421638,53719356,Entire home/apt,,Waterfront Communities-The Island (77),63,5.0,4,1.0,75.0,,43.644028,-79.381894,2017-03-12 15:31:31.601023
16596945,48429377,Entire home/apt,,Waterfront Communities-The Island (77),7,4.5,2,1.0,65.0,,43.643472,-79.381001,2017-03-12 15:31:31.572445
17122048,17125708,Entire home/apt,,Moss Park (73),1,0.0,2,1.0,75.0,,43.650278,-79.370694,2017-03-12 15:31:30.283755
12151689,16053882,Entire home/apt,,Bay Street Corridor (76),26,5.0,2,1.0,77.0,,43.661292,-79.387574,2017-03-12 15:31:28.314278
5915217,12314572,Entire home/apt,,Regent Park (72),61,4.5,8,2.0,75.0,,43.658981,-79.365368,2017-03-12 15:31:27.306623
16258018,104551258,Entire home/apt,,Bay Street Corridor (76),8,5.0,2,0.0,73.0,,43.651216,-79.381882,2017-03-12 15:31:27.298230
9227850,45294446,Entire home/apt,,Annex (95),2,0.0,5,3.0,76.0,,43.668988,-79.414068,2017-03-12 15:31:22.519528
3434451,1700487,Entire home/apt,,Annex (95),0,0.0,2,1.0,76.0,,43.674037,-79.40205,2017-03-12 15:31:22.507681
14694318,5449465,Entire home/apt,,Annex (95),0,0.0,2,1.0,69.0,,43.674648,-79.408022,2017-03-12 15:31:21.254227
11375081,58714781,Entire home/apt,,Annex (95),0,0.0,4,2.0,75.0,,43.672761,-79.388285,2017-03-12 15:31:21.235211
6973346,1412925,Entire home/apt,,Annex (95),4,4.5,2,1.0,76.0,,43.670072,-79.401871,2017-03-12 15:31:19.834673
11688985,31397373,Entire home/apt,,Annex (95),0,0.0,4,1.0,69.0,,43.667405,-79.406206,2017-03-12 15:31:19.826682
13696593,8540894,Entire home/apt,,Annex (95),22,5.0,4,2.0,67.0,,43.668187,-79.40603,2017-03-12 15:31:18.468078
11552795,11801417,Entire home/apt,,Annex (95),0,0.0,2,1.0,76.0,,43.674441,-79.404889,2017-03-12 15:31:17.281657
8390151,44208908,Entire home/apt,,Casa Loma (96),0,0.0,4,1.0,73.0,,43.679829,-79.400168,2017-03-12 15:31:17.266304
4574002,23700725,Entire home/apt,,Annex (95),20,4.5,4,1.0,68.0,,43.671855,-79.403953,2017-03-12 15:31:17.258788
16171368,809517,Entire home/apt,,Annex (95),3,5.0,4,1.0,68.0,,43.671289,-79.393671,2017-03-12 15:31:16.239037
6957266,6229540,Entire home/apt,,Annex (95),15,4.5,2,1.0,82.0,,43.674935,-79.408102,2017-03-12 15:31:15.389787
6086741,12742095,Entire home/apt,,Bay Street Corridor (76),23,5.0,3,1.0,73.0,,43.668587,-79.389908,2017-03-12 15:31:13.485526
154743,744412,Entire home/apt,,Church-Yonge Corridor (75),60,5.0,2,1.0,71.0,,43.670395,-79.385783,2017-03-12 15:31:13.468779
3595645,18115567,Entire home/apt,,North St.James Town (74),45,5.0,3,1.0,75.0,,43.669066,-79.375101,2017-03-12 15:31:13.465430
3760871,19258183,Entire home/apt,,Annex (95),4,4.5,2,1.0,75.0,,43.670422,-79.390642,2017-03-12 15:31:12.831248
5593310,7975148,Entire home/apt,,Bay Street Corridor (76),60,4.5,2,0.0,67.0,,43.666958,-79.385905,2017-03-12 15:31:12.827084
13355749,17681894,Entire home/apt,,Church-Yonge Corridor (75),0,0.0,3,1.0,68.0,,43.668981,-79.381756,2017-03-12 15:31:12.822065
12898033,4152900,Entire home/apt,,Bay Street Corridor (76),17,4.0,2,0.0,72.0,,43.667073,-79.389239,2017-03-12 15:31:11.560163
12763777,69440572,Entire home/apt,,Broadview North (57),9,4.5,2,1.0,71.0,,43.68377,-79.356531,2017-03-12 15:31:10.984698
14343073,2233663,Entire home/apt,,Bay Street Corridor (76),5,4.5,2,1.0,73.0,,43.661147,-79.386103,2017-03-12 15:31:08.559581
16614946,29534770,Entire home/apt,,Bay Street Corridor (76),0,0.0,2,1.0,69.0,,43.658324,-79.385219,2017-03-12 15:31:08.553848
17098052,56903524,Entire home/apt,,Bay Street Corridor (76),0,0.0,4,1.0,75.0,,43.650053,-79.382729,2017-03-12 15:31:08.547527
6656879,2207464,Entire home/apt,,Annex (95),0,0.0,2,1.0,73.0,,43.668523,-79.399361,2017-03-12 15:31:08.535472
13873109,82055347,Entire home/apt,,Kensington-Chinatown (78),3,5.0,2,1.0,65.0,,43.652208,-79.388821,2017-03-12 15:31:07.707714
9417165,48828158,Entire home/apt,,Kensington-Chinatown (78),0,0.0,2,1.0,69.0,,43.654619,-79.390579,2017-03-12 15:31:07.703229
13417156,51943705,Entire home/apt,,Church-Yonge Corridor (75),12,4.5,2,1.0,76.0,,43.655861,-79.37429,2017-03-12 15:31:07.695274
17365601,5475120,Entire home/apt,,Moss Park (73),0,0.0,2,0.0,80.0,,43.652896,-79.36313,2017-03-12 15:31:07.685632
13514450,3148607,Entire home/apt,,Moss Park (73),0,0.0,4,2.0,76.0,,43.653497,-79.372393,2017-03-12 15:31:07.682578
382423,1916855,Entire home/apt,,Kensington-Chinatown (78),125,4.5,2,1.0,70.0,,43.654317,-79.398471,2017-03-12 15:31:07.677956
17255907,91985554,Entire home/apt,,Kensington-Chinatown (78),2,0.0,3,1.0,68.0,,43.65525,-79.397477,2017-03-12 15:31:07.673700
3200784,818144,Entire home/apt,,Waterfront Communities-The Island (77),8,5.0,2,0.0,70.0,,43.648212,-79.370715,2017-03-12 15:31:07.669710
7024331,4869966,Entire home/apt,,Kensington-Chinatown (78),1,0.0,2,1.0,81.0,,43.654728,-79.391498,2017-03-12 15:31:05.218198
150281,724179,Entire home/apt,,Kensington-Chinatown (78),16,5.0,4,2.0,69.0,,43.648643,-79.404147,2017-03-12 15:31:05.215253
14694166,12310660,Entire home/apt,,University (79),0,0.0,3,1.0,64.0,,43.666066,-79.402291,2017-03-12 15:31:05.212901
14465955,89133971,Entire home/apt,,Kensington-Chinatown (78),12,4.5,2,0.0,69.0,,43.650458,-79.391427,2017-03-12 15:31:05.202214
6076508,31541036,Entire home/apt,,Bay Street Corridor (76),0,0.0,2,0.0,75.0,,43.666941,-79.389519,2017-03-12 15:31:05.196983
9392169,9779648,Entire home/apt,,Bay Street Corridor (76),2,0.0,2,0.0,65.0,,43.665569,-79.386346,2017-03-12 15:31:05.193835
17121885,68840541,Entire home/apt,,Waterfront Communities-The Island (77),2,0.0,2,1.0,65.0,,43.648433,-79.3924,2017-03-12 15:31:05.182521
13820961,34075107,Entire home/apt,,Annex (95),19,5.0,5,2.0,76.0,,43.67059,-79.399989,2017-03-12 15:31:05.178998
12079150,10328907,Entire home/apt,,Kensington-Chinatown (78),2,0.0,3,1.0,71.0,,43.652824,-79.388594,2017-03-12 15:31:03.580592
4814536,6312545,Entire home/apt,,North St.James Town (74),11,5.0,2,0.0,69.0,,43.666945,-79.374952,2017-03-12 15:31:03.572648
12007579,55136561,Entire home/apt,,Bay Street Corridor (76),26,4.5,4,2.0,76.0,,43.669011,-79.387858,2017-03-12 15:31:03.565238
16242303,93556568,Entire home/apt,,Annex (95),4,5.0,2,1.0,76.0,,43.669263,-79.400888,2017-03-12 15:31:03.551452
9838503,17115903,Entire home/apt,,Kensington-Chinatown (78),2,0.0,2,1.0,72.0,,43.653058,-79.402718,2017-03-12 15:31:02.283734
13398338,23264941,Entire home/apt,,Kensington-Chinatown (78),8,4.5,2,1.0,65.0,,43.656736,-79.398123,2017-03-12 15:31:02.278159
2645028,9932867,Entire home/apt,,Bay Street Corridor (76),2,0.0,2,1.0,70.0,,43.661443,-79.385519,2017-03-12 15:31:02.267680
2472414,12644167,Entire home/apt,,Annex (95),41,5.0,2,1.0,80.0,,43.673078,-79.404836,2017-03-12 15:31:02.260033
8020409,42351144,Entire home/apt,,Bay Street Corridor (76),4,3.5,3,1.0,80.0,,43.653328,-79.387402,2017-03-12 15:30:59.562422
16295485,6755608,Entire home/apt,,Yonge-St.Clair (97),0,0.0,4,2.0,76.0,,43.682964,-79.392046,2017-03-12 15:30:59.540818
17141204,9472354,Entire home/apt,,University (79),4,5.0,4,2.0,76.0,,43.6628,-79.406077,2017-03-12 15:30:19.409365
17386354,117526685,Entire home/apt,,Corso Italia-Davenport (92),1,0.0,3,1.0,73.0,,43.672361,-79.444417,2017-03-12 15:30:19.402086
11007558,27998605,Entire home/apt,,University (79),38,5.0,4,2.0,71.0,,43.660796,-79.406648,2017-03-12 15:30:19.399501
17379677,117453942,Entire home/apt,,Annex (95),1,0.0,6,2.0,73.0,,43.673316,-79.396579,2017-03-12 15:30:19.392017
3991582,576221,Entire home/apt,,Palmerston-Little Italy (80),8,5.0,2,1.0,69.0,,43.655265,-79.424552,2017-03-12 15:30:19.388094
6170154,30654608,Entire home/apt,,Dufferin Grove (83),123,5.0,4,1.0,69.0,,43.658978,-79.435423,2017-03-12 15:30:18.122419
13496260,77387662,Entire home/apt,,Palmerston-Little Italy (80),41,4.5,3,1.0,73.0,,43.660475,-79.411455,2017-03-12 15:30:18.119984
16244251,14950495,Entire home/apt,,Annex (95),0,0.0,4,1.0,80.0,,43.673933,-79.403317,2017-03-12 15:30:18.113093
14051724,44602799,Entire home/apt,,Annex (95),8,5.0,2,0.0,65.0,,43.673861,-79.40218,2017-03-12 15:30:18.100715
6777955,11814686,Entire home/apt,,University (79),75,4.5,2,0.0,69.0,,43.663,-79.404629,2017-03-12 15:30:18.095210
10859818,1171437,Entire home/apt,,Annex (95),17,5.0,4,1.0,72.0,,43.671091,-79.407672,2017-03-12 15:30:16.727762
4005092,6137198,Entire home/apt,,Palmerston-Little Italy (80),34,5.0,2,1.0,69.0,,43.657214,-79.420861,2017-03-12 15:30:16.718871
15272252,3225688,Entire home/apt,,Dufferin Grove (83),5,5.0,2,0.0,76.0,,43.658576,-79.441349,2017-03-12 15:30:16.716399
16354881,107094279,Entire home/apt,,University (79),10,5.0,4,2.0,69.0,,43.658496,-79.401331,2017-03-12 15:30:16.714039
9974010,51231401,Entire home/apt,,Annex (95),16,5.0,3,1.0,76.0,,43.666214,-79.410645,2017-03-12 15:30:16.711518
8886604,36790272,Entire home/apt,,Annex (95),57,4.5,2,1.0,76.0,,43.670997,-79.394174,2017-03-12 15:30:16.708694
17460024,29741691,Entire home/apt,,Annex (95),1,0.0,2,1.0,69.0,,43.668171,-79.409455,2017-03-12 15:30:16.704396
11276418,8594812,Entire home/apt,,Wychwood (94),1,0.0,2,2.0,69.0,,43.681538,-79.419419,2017-03-12 15:30:16.695301
14730697,91725106,Entire home/apt,,Annex (95),32,5.0,6,2.0,75.0,,43.671528,-79.388978,2017-03-12 15:30:15.021444
2807413,3882347,Entire home/apt,,Annex (95),8,5.0,3,1.0,75.0,,43.679424,-79.394697,2017-03-12 15:30:14.996845
14400303,2007298,Entire home/apt,,Wychwood (94),7,5.0,2,1.0,73.0,,43.673056,-79.432643,2017-03-12 15:30:14.993632
3740524,19106871,Entire home/apt,,Dovercourt-Wallace Emerson-Junction (93),110,5.0,2,1.0,76.0,,43.661078,-79.431274,2017-03-12 15:30:13.432771
9879912,20408425,Entire home/apt,,Annex (95),6,5.0,2,1.0,79.0,,43.672418,-79.41614,2017-03-12 15:30:13.418995
14717510,8435335,Entire home/apt,,Dovercourt-Wallace Emerson-Junction (93),10,5.0,2,1.0,76.0,,43.662854,-79.422963,2017-03-12 15:30:13.411289
14202999,1911043,Entire home/apt,,Annex (95),16,5.0,2,1.0,68.0,,43.675323,-79.406202,2017-03-12 15:30:13.404490
14819229,92635593,Entire home/apt,,Annex (95),18,4.5,2,1.0,80.0,,43.672686,-79.40198,2017-03-12 15:30:11.912668
15356608,45849061,Entire home/apt,,Wychwood (94),20,5.0,3,1.0,68.0,,43.677651,-79.425248,2017-03-12 15:30:11.908088
10406485,53585883,Entire home/apt,,Casa Loma (96),13,5.0,2,1.0,71.0,,43.676336,-79.41407,2017-03-12 15:30:11.895877
14521769,48684084,Entire home/apt,,Palmerston-Little Italy (80),24,5.0,2,0.0,76.0,,43.65696,-79.413574,2017-03-12 15:30:11.890436
14856049,92424876,Entire home/apt,,Dovercourt-Wallace Emerson-Junction (93),11,4.5,4,1.0,65.0,,43.666156,-79.447038,2017-03-12 15:30:10.525917
13081577,36568706,Entire home/apt,,Oakwood Village (107),33,4.5,4,1.0,75.0,,43.688921,-79.440209,2017-03-12 15:30:09.674041
14591137,32329863,Entire home/apt,,Wychwood (94),1,0.0,3,1.0,65.0,,43.682881,-79.420136,2017-03-12 15:30:09.654311
5286926,3260313,Entire home/apt,,Annex (95),43,4.5,6,2.0,80.0,,43.672778,-79.41761,2017-03-12 15:30:09.638159
14095093,70972776,Entire home/apt,,Casa Loma (96),16,5.0,4,2.0,72.0,,43.676611,-79.41551,2017-03-12 15:30:05.222277
12542568,67961809,Entire home/apt,,Wychwood (94),0,0.0,2,1.0,69.0,,43.679354,-79.435288,2017-03-12 15:30:05.216199
15698833,2739668,Entire home/apt,,Dovercourt-Wallace Emerson-Junction (93),12,5.0,4,1.0,69.0,,43.669492,-79.425825,2017-03-12 15:30:05.207510
14282725,87156447,Entire home/apt,,Oakwood Village (107),21,5.0,4,2.0,75.0,,43.681936,-79.438658,2017-03-12 15:30:04.025510
15129415,93562515,Entire home/apt,,Humewood-Cedarvale (106),15,5.0,4,2.0,77.0,,43.684027,-79.424864,2017-03-12 15:30:03.994331
13035778,29120625,Entire home/apt,,Church-Yonge Corridor (75),0,0.0,4,2.0,72.0,,43.668464,-79.384975,2017-03-12 15:30:02.792744
5005970,946529,Entire home/apt,,Regent Park (72),16,5.0,4,0.0,68.0,,43.658552,-79.363533,2017-03-12 15:30:02.781849
1177149,946529,Entire home/apt,,Regent Park (72),20,5.0,2,1.0,68.0,,43.660166,-79.363955,2017-03-12 15:30:02.777089
3026346,12764178,Entire home/apt,,Bay Street Corridor (76),34,4.0,2,0.0,80.0,,43.655855,-79.38313,2017-03-12 15:30:02.203925
3685423,1745338,Entire home/apt,,Bay Street Corridor (76),15,4.0,5,1.0,67.0,,43.665875,-79.385015,2017-03-12 15:30:02.200798
14963906,16529722,Entire home/apt,,Church-Yonge Corridor (75),1,0.0,4,1.0,76.0,,43.668556,-79.384793,2017-03-12 15:30:02.196320
288341,1368256,Entire home/apt,,North St.James Town (74),9,4.5,6,2.0,76.0,,43.670931,-79.37298,2017-03-12 15:30:02.193914
4863088,15652715,Entire home/apt,,Church-Yonge Corridor (75),0,0.0,2,1.0,82.0,,43.670869,-79.38364,2017-03-12 15:30:02.191309
12203584,2972043,Entire home/apt,,Church-Yonge Corridor (75),0,0.0,2,0.0,76.0,,43.668558,-79.384277,2017-03-12 15:30:02.185617
3146726,15975229,Entire home/apt,,Church-Yonge Corridor (75),23,5.0,2,1.0,72.0,,43.655823,-79.375535,2017-03-12 15:30:00.800148
13042120,58183603,Entire home/apt,,Bay Street Corridor (76),0,0.0,2,1.0,72.0,,43.659783,-79.383198,2017-03-12 15:30:00.795266
9804643,23411075,Entire home/apt,,North St.James Town (74),0,0.0,2,1.0,65.0,,43.669183,-79.379484,2017-03-12 15:30:00.790694
7322036,38357448,Entire home/apt,,Moss Park (73),5,2.5,4,1.0,69.0,,43.657123,-79.368947,2017-03-12 15:30:00.787649
5111289,2577706,Entire home/apt,,Church-Yonge Corridor (75),2,0.0,4,1.0,75.0,,43.666684,-79.382883,2017-03-12 15:30:00.782839
8609332,4622991,Entire home/apt,,Church-Yonge Corridor (75),0,0.0,2,1.0,72.0,,43.670626,-79.381431,2017-03-12 15:30:00.780002
1530809,3268493,Entire home/apt,,Cabbagetown-South St.James Town (71),7,4.0,3,1.0,66.0,,43.664529,-79.368311,2017-03-12 15:30:00.775168
16646940,110017880,Entire home/apt,,Rosedale-Moore Park (98),0,0.0,2,1.0,68.0,,43.672211,-79.378092,2017-03-12 15:30:00.772852
6729959,35243488,Entire home/apt,,Cabbagetown-South St.James Town (71),1,0.0,4,2.0,76.0,,43.66451,-79.377556,2017-03-12 15:30:00.769998
13684926,1367540,Entire home/apt,,Moss Park (73),6,4.5,4,1.0,68.0,,43.657196,-79.371787,2017-03-12 15:30:00.759148
4846849,24938790,Entire home/apt,,Moss Park (73),8,5.0,3,1.0,78.0,,43.656064,-79.358491,2017-03-12 15:29:59.351599
15148899,22059903,Entire home/apt,,North St.James Town (74),10,4.5,3,0.0,68.0,,43.670032,-79.379266,2017-03-12 15:29:59.344040
15115383,59404538,Entire home/apt,,Church-Yonge Corridor (75),3,4.5,3,1.0,69.0,,43.666027,-79.382921,2017-03-12 15:29:59.341824
4975190,5802520,Entire home/apt,,Bay Street Corridor (76),3,3.0,2,1.0,65.0,,43.655861,-79.383942,2017-03-12 15:29:59.337325
16254784,23105937,Entire home/apt,,Church-Yonge Corridor (75),0,0.0,6,1.0,64.0,,43.666468,-79.37938,2017-03-12 15:29:59.333634
6467138,33781690,Entire home/apt,,South Riverdale (70),1,0.0,2,1.0,69.0,,43.658374,-79.349972,2017-03-12 15:29:59.327946
5879571,30532210,Entire home/apt,,Blake-Jones (69),3,5.0,2,1.0,65.0,,43.677651,-79.34371,2017-03-12 15:29:59.324845
11545886,9737179,Entire home/apt,,Church-Yonge Corridor (75),0,0.0,2,0.0,76.0,,43.668338,-79.384117,2017-03-12 15:29:59.314153
7109128,37242111,Entire home/apt,,Church-Yonge Corridor (75),29,4.5,5,2.0,76.0,,43.659087,-79.381321,2017-03-12 15:29:58.628910
16288969,60070256,Entire home/apt,,Moss Park (73),0,0.0,4,2.0,73.0,,43.660536,-79.373709,2017-03-12 15:29:58.623235
14980025,4951854,Entire home/apt,,Little Portugal (84),33,5.0,4,1.0,75.0,,43.647692,-79.424083,2017-03-12 15:32:44.678960
9239375,8328759,Entire home/apt,,Trinity-Bellwoods (81),1,0.0,2,1.0,76.0,,43.652788,-79.408645,2017-03-12 15:32:43.266196
6167534,10718839,Entire home/apt,,Trinity-Bellwoods (81),61,5.0,2,1.0,69.0,,43.652169,-79.424888,2017-03-12 15:32:41.872743
11166615,37499908,Entire home/apt,,Trinity-Bellwoods (81),98,5.0,2,1.0,67.0,,43.647226,-79.421893,2017-03-12 15:32:40.921358
6582744,34434259,Entire home/apt,,Humewood-Cedarvale (106),3,5.0,2,1.0,68.0,,43.690127,-79.433499,2017-03-12 15:32:39.629068
4652803,24085234,Entire home/apt,,Caledonia-Fairbank (109),15,4.5,3,2.0,76.0,,43.688385,-79.458757,2017-03-12 15:32:38.361253
2656116,4955655,Entire home/apt,,Weston-Pellam Park (91),78,5.0,2,1.0,73.0,,43.669739,-79.455807,2017-03-12 15:32:38.353442
15903359,103164738,Entire home/apt,,Caledonia-Fairbank (109),11,5.0,4,1.0,73.0,,43.686809,-79.455434,2017-03-12 15:32:38.346654
17349422,115092177,Entire home/apt,,Corso Italia-Davenport (92),3,5.0,8,4.0,73.0,,43.680015,-79.455873,2017-03-12 15:32:36.909240
3922058,8875957,Entire home/apt,,Dovercourt-Wallace Emerson-Junction (93),0,0.0,2,1.0,65.0,,43.667896,-79.425407,2017-03-12 15:32:35.612527
10886694,46513697,Entire home/apt,,Dovercourt-Wallace Emerson-Junction (93),7,4.5,4,1.0,73.0,,43.667227,-79.427995,2017-03-12 15:32:34.475997
6910413,33660931,Entire home/apt,,Humewood-Cedarvale (106),0,0.0,2,1.0,73.0,,43.687213,-79.421227,2017-03-12 15:32:34.455101
4291835,5068035,Entire home/apt,,Dovercourt-Wallace Emerson-Junction (93),33,4.5,4,1.0,65.0,,43.667853,-79.424012,2017-03-12 15:32:33.145710
13864055,6959869,Entire home/apt,,Dovercourt-Wallace Emerson-Junction (93),4,5.0,2,1.0,69.0,,43.669606,-79.42691,2017-03-12 15:32:33.139448
16931864,24005943,Entire home/apt,,Wychwood (94),2,0.0,3,1.0,64.0,,43.679365,-79.423785,2017-03-12 15:32:31.926287
6926225,14720783,Entire home/apt,,Wychwood (94),9,5.0,3,0.0,73.0,,43.67534,-79.421996,2017-03-12 15:32:31.072454
1135660,324379,Entire home/apt,,Dufferin Grove (83),2,0.0,3,2.0,76.0,,43.659944,-79.430457,2017-03-12 15:32:29.115881
1235207,6734493,Entire home/apt,,Roncesvalles (86),0,0.0,2,1.0,65.0,,43.650947,-79.445008,2017-03-12 15:32:29.105681
14896047,1190291,Entire home/apt,,Dovercourt-Wallace Emerson-Junction (93),1,0.0,3,0.0,82.0,,43.65937,-79.445092,2017-03-12 15:32:29.094814
1020521,2834321,Entire home/apt,,Dovercourt-Wallace Emerson-Junction (93),13,4.5,2,1.0,76.0,,43.662944,-79.421749,2017-03-12 15:32:27.734938
8129572,10195541,Entire home/apt,,Dovercourt-Wallace Emerson-Junction (93),0,0.0,4,1.0,75.0,,43.664731,-79.423209,2017-03-12 15:32:27.732043
16192654,1899108,Entire home/apt,,Roncesvalles (86),0,0.0,3,1.0,64.0,,43.651174,-79.446024,2017-03-12 15:32:27.726133
4362748,3388423,Entire home/apt,,Palmerston-Little Italy (80),3,4.5,2,1.0,80.0,,43.661071,-79.411704,2017-03-12 15:32:27.723290
4457046,22839941,Entire home/apt,,Kensington-Chinatown (78),10,4.5,2,0.0,75.0,,43.654346,-79.401717,2017-03-12 15:32:27.717340
2583079,9055559,Entire home/apt,,Little Portugal (84),4,4.5,3,1.0,78.0,,43.649107,-79.428083,2017-03-12 15:32:27.709755
14967374,92542798,Entire home/apt,,Palmerston-Little Italy (80),0,0.0,2,1.0,73.0,,43.655071,-79.426734,2017-03-12 15:32:27.707227
6848426,7261269,Entire home/apt,,Little Portugal (84),26,4.5,4,0.0,69.0,,43.649941,-79.436693,2017-03-12 15:32:26.280844
7031701,36863969,Entire home/apt,,High Park-Swansea (87),0,0.0,6,4.0,73.0,,43.648622,-79.451522,2017-03-12 15:32:26.276683
16448099,8855148,Entire home/apt,,Kensington-Chinatown (78),0,0.0,3,1.0,76.0,,43.649106,-79.403332,2017-03-12 15:32:26.274359
7342139,760253,Entire home/apt,,Roncesvalles (86),0,0.0,4,2.0,74.0,,43.653107,-79.451268,2017-03-12 15:32:26.269509
11057644,51327082,Entire home/apt,,Kensington-Chinatown (78),9,4.5,2,1.0,75.0,,43.652879,-79.402979,2017-03-12 15:32:26.264983
1843242,8995143,Entire home/apt,,Dufferin Grove (83),28,4.5,4,2.0,69.0,,43.650137,-79.438387,2017-03-12 15:32:26.260248
5248294,12613716,Entire home/apt,,Palmerston-Little Italy (80),0,0.0,4,2.0,76.0,,43.662996,-79.419342,2017-03-12 15:32:24.867656
6574313,34382687,Entire home/apt,,Roncesvalles (86),2,0.0,2,2.0,65.0,,43.649116,-79.448489,2017-03-12 15:32:24.864676
6897604,30494783,Entire home/apt,,University (79),7,4.5,4,2.0,69.0,,43.663184,-79.403214,2017-03-12 15:32:24.860976
547777,2692759,Entire home/apt,,Palmerston-Little Italy (80),2,0.0,6,2.0,69.0,,43.661005,-79.426947,2017-03-12 15:32:24.854070
401823,304551,Entire home/apt,,Palmerston-Little Italy (80),6,5.0,2,1.0,69.0,,43.662382,-79.410342,2017-03-12 15:32:24.851623
16534644,7895355,Entire home/apt,,Little Portugal (84),0,0.0,2,0.0,75.0,,43.648536,-79.429538,2017-03-12 15:32:24.845531
5607187,22654626,Entire home/apt,,Dufferin Grove (83),2,0.0,4,3.0,75.0,,43.65347,-79.432618,2017-03-12 15:32:23.693003
16704727,7135549,Entire home/apt,,Kensington-Chinatown (78),0,0.0,3,1.0,68.0,,43.656251,-79.403268,2017-03-12 15:32:23.686592
9060491,47264041,Entire home/apt,,Kensington-Chinatown (78),4,5.0,2,1.0,65.0,,43.655575,-79.403253,2017-03-12 15:32:23.680252
6527639,19784342,Entire home/apt,,Trinity-Bellwoods (81),0,0.0,2,2.0,76.0,,43.650618,-79.410656,2017-03-12 15:32:23.675374
1534574,3816235,Entire home/apt,,Dovercourt-Wallace Emerson-Junction (93),1,0.0,4,2.0,76.0,,43.658272,-79.446113,2017-03-12 15:32:23.665515
1500138,1839486,Entire home/apt,,Trinity-Bellwoods (81),4,5.0,2,1.0,68.0,,43.653711,-79.420428,2017-03-12 15:32:23.658260
16154992,57894744,Entire home/apt,,Kensington-Chinatown (78),1,0.0,2,1.0,76.0,,43.654436,-79.400919,2017-03-12 15:32:22.015638
14181589,13793308,Entire home/apt,,Palmerston-Little Italy (80),11,5.0,3,1.0,75.0,,43.655386,-79.417088,2017-03-12 15:32:22.012620
1223097,6671740,Entire home/apt,,Annex (95),77,4.5,4,1.0,79.0,,43.670835,-79.405644,2017-03-12 15:32:22.007795
14197304,32039014,Entire home/apt,,High Park-Swansea (87),8,4.5,3,0.0,67.0,,43.648349,-79.452132,2017-03-12 15:32:22.000945
11077707,13935414,Entire home/apt,,Dovercourt-Wallace Emerson-Junction (93),15,4.5,4,1.0,71.0,,43.660364,-79.4402,2017-03-12 15:32:21.996707
2988248,14761152,Entire home/apt,,Palmerston-Little Italy (80),20,4.5,6,3.0,65.0,,43.660768,-79.417773,2017-03-12 15:32:21.989068
15939203,5854692,Entire home/apt,,Church-Yonge Corridor (75),2,0.0,4,1.0,71.0,,43.655688,-79.379796,2017-03-12 15:29:58.620676
2494588,12764178,Entire home/apt,,Bay Street Corridor (76),30,4.5,2,0.0,73.0,,43.657432,-79.383017,2017-03-12 15:29:58.612399
3849815,4129654,Entire home/apt,,Church-Yonge Corridor (75),6,3.5,3,1.0,69.0,,43.667473,-79.37994,2017-03-12 15:29:58.601693
5532445,26864951,Entire home/apt,,Church-Yonge Corridor (75),0,0.0,3,0.0,75.0,,43.667979,-79.383521,2017-03-12 15:29:58.595472
16336911,56453138,Entire home/apt,,Cabbagetown-South St.James Town (71),0,0.0,4,1.0,73.0,,43.665383,-79.376305,2017-03-12 15:29:58.590159
7439237,6847218,Entire home/apt,,Bay Street Corridor (76),0,0.0,2,1.0,65.0,,43.662174,-79.38491,2017-03-12 15:29:58.587001
1825630,6845507,Entire home/apt,,South Riverdale (70),10,5.0,3,1.0,67.0,,43.657888,-79.353659,2017-03-12 15:29:58.583046
4279390,20014430,Entire home/apt,,Moss Park (73),50,5.0,3,0.0,81.0,,43.660457,-79.37492,2017-03-12 15:29:56.917465
11380025,47132235,Entire home/apt,,Cabbagetown-South St.James Town (71),25,4.5,4,1.0,75.0,,43.663565,-79.373649,2017-03-12 15:29:56.915394
17211783,115855633,Entire home/apt,,North Riverdale (68),0,0.0,3,2.0,76.0,,43.667658,-79.353845,2017-03-12 15:29:56.913302
5423903,5854692,Entire home/apt,,Church-Yonge Corridor (75),73,5.0,4,0.0,69.0,,43.655619,-79.379648,2017-03-12 15:29:56.909864
6390673,7892998,Entire home/apt,,Bay Street Corridor (76),1,0.0,2,0.0,68.0,,43.665514,-79.38491,2017-03-12 15:29:56.905724
13514358,70416105,Entire home/apt,,North St.James Town (74),5,5.0,2,1.0,76.0,,43.668691,-79.376595,2017-03-12 15:29:56.902851
9955069,30664606,Entire home/apt,,South Riverdale (70),4,4.0,3,1.0,75.0,,43.657264,-79.350221,2017-03-12 15:29:56.899846
2413073,4455921,Entire home/apt,,North Riverdale (68),4,4.5,4,2.0,76.0,,43.671458,-79.348005,2017-03-12 15:29:56.897129
13877736,25578969,Entire home/apt,,North Riverdale (68),1,0.0,4,1.0,70.0,,43.675381,-79.35785,2017-03-12 15:29:56.893473
16643451,109984745,Entire home/apt,,Church-Yonge Corridor (75),0,0.0,2,0.0,69.0,,43.665759,-79.384563,2017-03-12 15:29:56.891459
14329781,16113751,Entire home/apt,,Church-Yonge Corridor (75),2,0.0,3,1.0,75.0,,43.66678,-79.381547,2017-03-12 15:29:56.881942
17009682,41095609,Entire home/apt,,Church-Yonge Corridor (75),0,0.0,2,0.0,76.0,,43.655546,-79.379794,2017-03-12 15:29:55.455291
4178740,3554109,Entire home/apt,,Church-Yonge Corridor (75),28,5.0,2,0.0,68.0,,43.66182,-79.382931,2017-03-12 15:29:55.452709
8271489,43573700,Entire home/apt,,Church-Yonge Corridor (75),20,5.0,3,0.0,65.0,,43.655619,-79.378501,2017-03-12 15:29:55.450102
12493767,65464580,Entire home/apt,,North St.James Town (74),8,5.0,4,1.0,76.0,,43.668656,-79.378141,2017-03-12 15:29:55.445849
2488711,12736968,Entire home/apt,,Regent Park (72),0,0.0,1,1.0,75.0,,43.658904,-79.363242,2017-03-12 15:29:55.442876
6661292,34866282,Entire home/apt,,North Riverdale (68),2,0.0,2,0.0,75.0,,43.667264,-79.351239,2017-03-12 15:29:55.440765
12242167,65887473,Entire home/apt,,Church-Yonge Corridor (75),1,0.0,2,1.0,67.0,,43.662794,-79.382519,2017-03-12 15:29:55.436438
9997841,47214079,Entire home/apt,,Church-Yonge Corridor (75),1,0.0,2,0.0,64.0,,43.662276,-79.382479,2017-03-12 15:29:55.430847
5604956,12162493,Entire home/apt,,Moss Park (73),0,0.0,2,0.0,76.0,,43.655982,-79.357234,2017-03-12 15:29:55.427774
16347745,107041978,Entire home/apt,,Cabbagetown-South St.James Town (71),2,0.0,4,1.0,65.0,,43.662997,-79.375368,2017-03-12 15:29:55.425324
8423441,619288,Entire home/apt,,South Riverdale (70),0,0.0,2,1.0,73.0,,43.659744,-79.351476,2017-03-12 15:29:55.422382
6515259,33569883,Entire home/apt,,Church-Yonge Corridor (75),0,0.0,3,1.0,80.0,,43.669528,-79.379736,2017-03-12 15:29:55.419575
14651604,75254610,Entire home/apt,,Church-Yonge Corridor (75),2,0.0,3,1.0,76.0,,43.65646,-79.374784,2017-03-12 15:29:55.415013
10720871,5519919,Entire home/apt,,Church-Yonge Corridor (75),13,4.5,3,0.0,67.0,,43.658883,-79.379289,2017-03-12 15:29:54.677023
12847443,18109023,Entire home/apt,,North St.James Town (74),3,5.0,2,0.0,73.0,,43.669009,-79.37848,2017-03-12 15:29:54.668251
6052541,23418384,Entire home/apt,,Moss Park (73),2,0.0,2,1.0,76.0,,43.659922,-79.368434,2017-03-12 15:29:54.663650
6886345,16633943,Entire home/apt,,South Riverdale (70),0,0.0,2,1.0,80.0,,43.662723,-79.351208,2017-03-12 15:29:54.658786
14372453,18839267,Entire home/apt,,Moss Park (73),7,4.0,2,0.0,68.0,,43.655175,-79.35555,2017-03-12 15:29:54.656416
4258573,22101539,Entire home/apt,,South Riverdale (70),4,4.5,3,1.0,76.0,,43.661466,-79.341008,2017-03-12 15:29:54.653990
3099046,1007425,Entire home/apt,,Moss Park (73),12,5.0,3,2.0,75.0,,43.656749,-79.367689,2017-03-12 15:29:54.646106
16032114,6540973,Entire home/apt,,North Riverdale (68),0,0.0,4,1.0,76.0,,43.672911,-79.346809,2017-03-12 15:29:54.641273
6416780,5854692,Entire home/apt,,Church-Yonge Corridor (75),23,4.5,5,1.0,77.0,,43.655461,-79.379465,2017-03-12 15:29:53.279308
14426351,88779088,Entire home/apt,,Regent Park (72),3,4.5,3,1.0,80.0,,43.66079,-79.364623,2017-03-12 15:29:53.273002
10106378,18422075,Entire home/apt,,Church-Yonge Corridor (75),36,5.0,5,0.0,68.0,,43.655276,-79.378426,2017-03-12 15:29:53.262733
13750615,73875236,Entire home/apt,,North St.James Town (74),3,5.0,4,1.0,65.0,,43.669774,-79.37611,2017-03-12 15:29:53.256269
6836446,35821309,Entire home/apt,,Church-Yonge Corridor (75),2,0.0,2,0.0,74.0,,43.667925,-79.379957,2017-03-12 15:29:53.252048
16674490,110323989,Entire home/apt,,Regent Park (72),2,0.0,3,1.0,73.0,,43.658745,-79.361812,2017-03-12 15:29:53.238631
15226198,16529722,Entire home/apt,,Church-Yonge Corridor (75),2,0.0,2,1.0,76.0,,43.670109,-79.383614,2017-03-12 15:29:52.016012
3315154,698055,Entire home/apt,,Cabbagetown-South St.James Town (71),97,4.5,2,0.0,74.0,,43.66557,-79.367213,2017-03-12 15:29:52.008733
16807035,101143632,Entire home/apt,,North St.James Town (74),1,0.0,3,1.0,64.0,,43.667982,-79.377637,2017-03-12 15:29:52.004552
6862863,4375451,Entire home/apt,,Church-Yonge Corridor (75),24,5.0,2,1.0,68.0,,43.669309,-79.383888,2017-03-12 15:29:52.001500
14616098,89952818,Entire home/apt,,Church-Yonge Corridor (75),7,5.0,2,1.0,75.0,,43.667921,-79.380478,2017-03-12 15:29:51.997862
5520205,7139135,Entire home/apt,,North St.James Town (74),0,0.0,4,2.0,69.0,,43.670133,-79.379793,2017-03-12 15:29:51.992693
12980244,71461795,Entire home/apt,,Church-Yonge Corridor (75),15,4.5,4,1.0,76.0,,43.661185,-79.382123,2017-03-12 15:29:51.990474
11565136,36694378,Entire home/apt,,Moss Park (73),4,5.0,4,2.0,76.0,,43.663023,-79.368404,2017-03-12 15:29:51.987777
8721291,12314572,Entire home/apt,,Regent Park (72),17,4.5,8,2.0,68.0,,43.66024,-79.364766,2017-03-12 15:29:49.138037
10011934,38504281,Entire home/apt,,South Riverdale (70),13,5.0,2,1.0,69.0,,43.658766,-79.346134,2017-03-12 15:29:49.124347
13200089,26357909,Entire home/apt,,Cabbagetown-South St.James Town (71),4,4.5,2,0.0,64.0,,43.663662,-79.37508,2017-03-12 15:29:49.120072
5423864,5854692,Entire home/apt,,Church-Yonge Corridor (75),75,5.0,5,1.0,73.0,,43.655744,-79.380226,2017-03-12 15:29:49.113650
11121115,954151,Entire home/apt,,South Riverdale (70),1,0.0,5,2.0,77.0,,43.663651,-79.3541,2017-03-12 15:29:47.737290
17641157,32305436,Entire home/apt,,North St.James Town (74),0,0.0,3,1.0,73.0,,43.670423,-79.375044,2017-03-12 15:29:47.732080
1006928,1108838,Entire home/apt,,Cabbagetown-South St.James Town (71),223,5.0,5,2.0,65.0,,43.664148,-79.375804,2017-03-12 15:29:47.727427
13540758,77875370,Entire home/apt,,North St.James Town (74),23,5.0,4,1.0,73.0,,43.669433,-79.373201,2017-03-12 15:29:47.724448
927129,4988876,Entire home/apt,,Blake-Jones (69),29,5.0,2,1.0,69.0,,43.670579,-79.340929,2017-03-12 15:29:47.718391
5431981,10857298,Entire home/apt,,Moss Park (73),9,5.0,4,2.0,65.0,,43.661147,-79.372922,2017-03-12 15:29:47.711685
6715133,35157768,Entire home/apt,,South Riverdale (70),0,0.0,2,1.0,76.0,,43.665395,-79.340045,2017-03-12 15:29:46.541517
1163664,5942147,Entire home/apt,,North Riverdale (68),4,4.5,2,1.0,76.0,,43.676348,-79.355154,2017-03-12 15:29:46.537404
1270535,6744529,Entire home/apt,,Playter Estates-Danforth (67),6,5.0,4,1.0,69.0,,43.678029,-79.361186,2017-03-12 15:29:46.518796
9365779,5656111,Entire home/apt,,North Riverdale (68),1,0.0,2,1.0,69.0,,43.672975,-79.357124,2017-03-12 15:29:45.132370
4871819,25061522,Entire home/apt,,Playter Estates-Danforth (67),24,5.0,2,1.0,68.0,,43.682289,-79.348078,2017-03-12 15:29:45.108795
15399260,39058398,Entire home/apt,,North Riverdale (68),0,0.0,2,1.0,65.0,,43.667933,-79.345574,2017-03-12 15:29:45.083978
6712535,35142187,Entire home/apt,,South Riverdale (70),55,5.0,4,0.0,68.0,,43.661672,-79.352486,2017-03-12 15:29:44.283831
9589698,49635338,Entire home/apt,,North Riverdale (68),0,0.0,2,1.0,73.0,,43.678291,-79.345673,2017-03-12 15:29:44.274986
1305242,5422715,Entire home/apt,,The Beaches (63),78,5.0,2,1.0,75.0,,43.66329,-79.319533,2017-03-12 15:29:43.022226
6102674,10994944,Entire home/apt,,Danforth East York (59),0,0.0,2,1.0,76.0,,43.683189,-79.346419,2017-03-12 15:29:41.828511
13780717,103128024,Entire home/apt,,Waterfront Communities-The Island (77),15,5.0,3,0.0,76.0,,43.64583,-79.391597,2017-03-12 15:29:36.106290
15590063,21023651,Entire home/apt,,Niagara (82),34,5.0,3,1.0,67.0,,43.637527,-79.406748,2017-03-12 15:29:36.104207
17098212,56903524,Entire home/apt,,Bay Street Corridor (76),1,0.0,4,1.0,75.0,,43.649805,-79.381212,2017-03-12 15:29:36.101814
16391394,82516644,Entire home/apt,,Wychwood (94),25,5.0,2,1.0,69.0,,43.675522,-79.431766,2017-03-12 15:29:36.099756
6947407,14131714,Entire home/apt,,Palmerston-Little Italy (80),37,5.0,3,1.0,73.0,,43.661811,-79.421304,2017-03-12 15:29:36.096032
9625109,49730820,Entire home/apt,,Moss Park (73),23,4.5,3,1.0,76.0,,43.657462,-79.367198,2017-03-12 15:29:36.093289
6182716,1288588,Entire home/apt,,Annex (95),72,5.0,3,1.0,73.0,,43.665335,-79.417154,2017-03-12 15:29:36.088867
15791458,5838892,Entire home/apt,,Waterfront Communities-The Island (77),14,5.0,6,1.0,81.0,,43.64307,-79.382334,2017-03-12 15:29:36.082150
9270485,13614445,Entire home/apt,,Cabbagetown-South St.James Town (71),13,5.0,2,1.0,75.0,,43.664772,-79.366826,2017-03-12 15:29:33.582448
14194770,86081542,Entire home/apt,,Kensington-Chinatown (78),37,5.0,3,0.0,69.0,,43.655046,-79.40362,2017-03-12 15:29:33.579863
17608085,80589818,Entire home/apt,,Niagara (82),0,0.0,2,1.0,73.0,,43.64314,-79.408123,2017-03-12 15:29:33.574865
9057415,47251238,Entire home/apt,,Waterfront Communities-The Island (77),29,5.0,2,1.0,69.0,,43.637064,-79.399063,2017-03-12 15:29:33.572018
14195622,846505,Entire home/apt,,Cabbagetown-South St.James Town (71),11,5.0,4,2.0,69.0,,43.663997,-79.361728,2017-03-12 15:29:33.569411
14989354,21048810,Entire home/apt,,South Parkdale (85),20,5.0,2,1.0,73.0,,43.641045,-79.427951,2017-03-12 15:29:33.564772
2832297,2984761,Entire home/apt,,Waterfront Communities-The Island (77),127,5.0,3,2.0,80.0,,43.639317,-79.396372,2017-03-12 15:29:33.560517
15660985,87592554,Entire home/apt,,Niagara (82),9,5.0,4,1.0,76.0,,43.642441,-79.403202,2017-03-12 15:29:33.555201
9294851,48257111,Entire home/apt,,Moss Park (73),7,5.0,3,1.0,63.0,,43.652588,-79.368368,2017-03-12 15:29:30.062320
4616263,23914463,Entire home/apt,,Waterfront Communities-The Island (77),60,5.0,3,1.0,69.0,,43.641252,-79.397644,2017-03-12 15:29:30.056982
929546,2168816,Entire home/apt,,Moss Park (73),123,5.0,2,1.0,73.0,,43.652834,-79.372176,2017-03-12 15:29:30.042107
6377657,23705522,Entire home/apt,,Waterfront Communities-The Island (77),14,5.0,2,0.0,75.0,,43.641426,-79.395113,2017-03-12 15:29:28.672406
13129929,73114469,Entire home/apt,,Church-Yonge Corridor (75),10,5.0,2,0.0,65.0,,43.668998,-79.380386,2017-03-12 15:29:28.670153
12419248,67069853,Entire home/apt,,Church-Yonge Corridor (75),1,0.0,3,1.0,75.0,,43.666417,-79.378908,2017-03-12 15:29:28.661470
1080121,672978,Entire home/apt,,Waterfront Communities-The Island (77),278,4.5,4,1.0,70.0,,43.641562,-79.380244,2017-03-12 15:29:27.269687
16263262,43110188,Entire home/apt,,Waterfront Communities-The Island (77),6,5.0,4,1.0,75.0,,43.646399,-79.39688,2017-03-12 15:29:27.255356
16392995,18356997,Entire home/apt,,Waterfront Communities-The Island (77),9,5.0,2,1.0,68.0,,43.643122,-79.400598,2017-03-12 15:29:27.247765
16438675,31397994,Entire home/apt,,Bay Street Corridor (76),2,0.0,3,1.0,67.0,,43.662266,-79.384531,2017-03-12 15:29:26.632633
7227367,34373033,Entire home/apt,,Annex (95),47,4.5,2,1.0,68.0,,43.671593,-79.392551,2017-03-12 15:29:26.619562
14234745,49410148,Entire home/apt,,Waterfront Communities-The Island (77),20,5.0,2,1.0,70.0,,43.642598,-79.389992,2017-03-12 15:29:26.617373
14210476,7720181,Entire home/apt,,Waterfront Communities-The Island (77),12,5.0,2,1.0,75.0,,43.641346,-79.378314,2017-03-12 15:29:25.945818
3911896,13403557,Entire home/apt,,Annex (95),94,5.0,4,2.0,76.0,,43.666439,-79.411721,2017-03-12 15:29:25.926166
7602517,38177590,Entire home/apt,,Little Portugal (84),96,4.5,6,2.0,73.0,,43.642677,-79.426064,2017-03-12 15:29:25.923429
13752940,66631663,Entire home/apt,,Waterfront Communities-The Island (77),41,5.0,4,1.0,75.0,,43.648715,-79.387079,2017-03-12 15:29:24.578013
14710048,35591929,Entire home/apt,,Annex (95),7,5.0,2,1.0,76.0,,43.666156,-79.410953,2017-03-12 15:29:24.567550
14870267,10352387,Entire home/apt,,Bay Street Corridor (76),7,5.0,5,2.0,76.0,,43.659441,-79.384866,2017-03-12 15:29:24.556150
14954222,10352387,Entire home/apt,,Bay Street Corridor (76),29,5.0,4,1.0,75.0,,43.657866,-79.383537,2017-03-12 15:29:24.553741
8757777,2676158,Entire home/apt,,Bay Street Corridor (76),3,5.0,2,1.0,75.0,,43.665175,-79.385227,2017-03-12 15:29:23.199244
9283041,48204283,Entire home/apt,,Waterfront Communities-The Island (77),115,4.5,2,1.0,65.0,,43.637321,-79.398832,2017-03-12 15:29:19.095869
2005135,5854692,Entire home/apt,,Church-Yonge Corridor (75),123,5.0,4,0.0,65.0,,43.654338,-79.378628,2017-03-12 15:29:19.086638
7398723,38604772,Entire home/apt,,Waterfront Communities-The Island (77),82,5.0,4,1.0,65.0,,43.642116,-79.38184,2017-03-12 15:29:19.081941
14806985,19461277,Entire home/apt,,Church-Yonge Corridor (75),91,4.5,4,0.0,76.0,,43.654303,-79.37508,2017-03-12 15:29:16.339404
13330424,5854692,Entire home/apt,,Church-Yonge Corridor (75),23,4.5,4,0.0,69.0,,43.654655,-79.379603,2017-03-12 15:29:16.320836
12050754,64532876,Entire home/apt,,Church-Yonge Corridor (75),50,5.0,2,1.0,76.0,,43.655009,-79.379628,2017-03-12 15:29:16.318179
6870572,14763136,Entire home/apt,,Moss Park (73),14,5.0,2,1.0,68.0,,43.652053,-79.372512,2017-03-12 15:29:14.728204
15756712,64955856,Entire home/apt,,Church-Yonge Corridor (75),11,4.5,3,0.0,73.0,,43.654816,-79.375525,2017-03-12 15:29:14.143349
15751370,14131714,Entire home/apt,,University (79),13,5.0,4,1.0,70.0,,43.658683,-79.399213,2017-03-12 15:29:12.803344
12125105,51688686,Entire home/apt,,Danforth East York (59),4,3.5,6,3.0,65.0,,43.690772,-79.318,2017-03-12 15:29:06.812267
5991046,4608612,Entire home/apt,,The Beaches (63),9,5.0,4,2.0,75.0,,43.674253,-79.305924,2017-03-12 15:29:05.614546
5025247,13808734,Entire home/apt,,The Beaches (63),2,0.0,4,1.0,73.0,,43.669688,-79.30553,2017-03-12 15:29:05.608224
6453150,9330780,Entire home/apt,,South Riverdale (70),26,5.0,2,1.0,69.0,,43.661215,-79.336787,2017-03-12 15:29:05.601700
11455568,58895232,Entire home/apt,,The Beaches (63),0,0.0,4,1.0,75.0,,43.667607,-79.305462,2017-03-12 15:29:05.595626
9854196,2094360,Entire home/apt,,South Riverdale (70),39,5.0,4,1.0,65.0,,43.66855,-79.331025,2017-03-12 15:29:05.589886
6169312,146076,Entire home/apt,,The Beaches (63),2,0.0,4,2.0,76.0,,43.666372,-79.304816,2017-03-12 15:29:05.585024
14518496,9128251,Entire home/apt,,Greenwood-Coxwell (65),0,0.0,4,2.0,69.0,,43.666472,-79.318172,2017-03-12 15:29:05.582899
9734274,7263149,Entire home/apt,,The Beaches (63),4,5.0,4,1.0,73.0,,43.672461,-79.302345,2017-03-12 15:29:05.580425
14268951,78630273,Entire home/apt,,South Riverdale (70),2,0.0,2,1.0,69.0,,43.668467,-79.327444,2017-03-12 15:29:05.578135
8443467,10549502,Entire home/apt,,Greenwood-Coxwell (65),1,0.0,2,1.0,73.0,,43.670826,-79.325457,2017-03-12 15:29:05.575171
2698178,13808734,Entire home/apt,,The Beaches (63),18,4.5,2,0.0,76.0,,43.668571,-79.304072,2017-03-12 15:29:04.678245
12567661,7065012,Entire home/apt,,Woodbine Corridor (64),0,0.0,4,2.0,75.0,,43.677059,-79.309384,2017-03-12 15:29:04.673877
7128746,5984943,Entire home/apt,,The Beaches (63),12,5.0,2,1.0,65.0,,43.678409,-79.299881,2017-03-12 15:29:04.667656
8426993,11427187,Entire home/apt,,East End-Danforth (62),7,5.0,5,2.0,75.0,,43.684747,-79.289378,2017-03-12 15:29:04.665393
14091953,12516644,Entire home/apt,,The Beaches (63),5,4.5,3,1.0,69.0,,43.668959,-79.294139,2017-03-12 15:29:04.663115
6377197,18169579,Entire home/apt,,Blake-Jones (69),1,0.0,2,1.0,76.0,,43.679065,-79.337761,2017-03-12 15:29:04.647205
6779127,8130710,Entire home/apt,,South Riverdale (70),16,5.0,4,2.0,82.0,,43.667098,-79.331375,2017-03-12 15:29:04.642542
3890618,9076531,Entire home/apt,,The Beaches (63),20,3.5,3,1.0,63.0,,43.672417,-79.282245,2017-03-12 15:29:04.639543
5884262,30557775,Entire home/apt,,The Beaches (63),1,0.0,1,1.0,65.0,,43.671381,-79.294614,2017-03-12 15:29:03.129894
9608474,18315808,Entire home/apt,,South Riverdale (70),31,4.5,3,1.0,66.0,,43.671226,-79.335633,2017-03-12 15:29:03.126925
6155866,31934257,Entire home/apt,,South Riverdale (70),0,0.0,4,2.0,76.0,,43.663758,-79.328364,2017-03-12 15:29:03.122173
17592271,119532865,Entire home/apt,,South Riverdale (70),0,0.0,2,1.0,65.0,,43.659845,-79.335542,2017-03-12 15:29:03.119920
6808187,35639517,Entire home/apt,,Woodbine Corridor (64),3,4.5,4,2.0,76.0,,43.679116,-79.312297,2017-03-12 15:29:03.109247
11436936,56379622,Entire home/apt,,East End-Danforth (62),1,0.0,4,1.0,75.0,,43.683436,-79.288665,2017-03-12 15:29:03.099513
5085586,2834358,Entire home/apt,,The Beaches (63),35,4.5,3,1.0,69.0,,43.670377,-79.304919,2017-03-12 15:29:03.095667
15204627,83160877,Entire home/apt,,East End-Danforth (62),0,0.0,2,1.0,65.0,,43.683486,-79.298891,2017-03-12 15:29:01.801102
6703398,2674395,Entire home/apt,,South Riverdale (70),24,5.0,2,0.0,67.0,,43.662548,-79.331852,2017-03-12 15:29:01.796024
12289410,21729670,Entire home/apt,,Greenwood-Coxwell (65),51,5.0,2,1.0,64.0,,43.666856,-79.322488,2017-03-12 15:29:01.791548
14039371,13808734,Entire home/apt,,The Beaches (63),1,0.0,2,1.0,75.0,,43.669324,-79.305805,2017-03-12 15:29:01.783066
6771029,7895355,Entire home/apt,,East End-Danforth (62),30,4.5,4,2.0,68.0,,43.679358,-79.296085,2017-03-12 15:29:01.776547
15112465,95741881,Entire home/apt,,The Beaches (63),15,5.0,2,1.0,69.0,,43.670341,-79.299246,2017-03-12 15:28:59.632100
12504795,63968705,Entire home/apt,,Willowdale West (37),12,5.0,4,2.0,80.0,,43.772621,-79.416403,2017-03-12 15:28:57.746533
6528805,30988421,Entire home/apt,,Rosedale-Moore Park (98),1,0.0,2,1.0,76.0,,43.684959,-79.39225,2017-03-12 15:28:57.743652
8842384,10162056,Entire home/apt,,Yonge-St.Clair (97),0,0.0,3,1.0,65.0,,43.688861,-79.398036,2017-03-12 15:28:57.741523
11412872,45072424,Entire home/apt,,Lansing-Westgate (38),0,0.0,2,1.0,69.0,,43.766569,-79.413862,2017-03-12 15:28:57.738886
16289563,63968705,Entire home/apt,,Willowdale East (51),1,0.0,4,2.0,76.0,,43.760373,-79.410549,2017-03-12 15:28:57.721238
13846699,51943705,Entire home/apt,,Willowdale East (51),3,4.5,3,1.0,76.0,,43.760391,-79.410275,2017-03-12 15:28:57.719048
668325,2777437,Entire home/apt,,Flemingdon Park (44),1,0.0,4,1.0,75.0,,43.723185,-79.32388,2017-03-12 15:28:57.716301
4044023,2099279,Entire home/apt,,Danforth (66),2,0.0,2,1.0,76.0,,43.685101,-79.325167,2017-03-12 15:28:55.841730
828932,4345118,Entire home/apt,,Yonge-St.Clair (97),47,4.5,2,1.0,67.0,,43.689773,-79.39569,2017-03-12 15:28:55.834588
9746783,50281074,Entire home/apt,,Rosedale-Moore Park (98),0,0.0,2,1.0,69.0,,43.687785,-79.390819,2017-03-12 15:28:55.825887
13428898,76569101,Entire home/apt,,Broadview North (57),0,0.0,4,4.0,69.0,,43.685715,-79.348626,2017-03-12 15:28:55.823813
5743530,1636493,Entire home/apt,,Forest Hill South (101),8,5.0,3,1.0,82.0,,43.687229,-79.413998,2017-03-12 15:28:55.817705
10187255,25261261,Entire home/apt,,Humewood-Cedarvale (106),0,0.0,2,1.0,72.0,,43.686002,-79.419866,2017-03-12 15:28:54.348136
8934516,12742095,Entire home/apt,,Willowdale East (51),4,4.0,4,1.0,68.0,,43.763701,-79.409736,2017-03-12 15:28:54.342996
5684237,29471268,Entire home/apt,,Lansing-Westgate (38),1,0.0,2,1.0,73.0,,43.761364,-79.411418,2017-03-12 15:28:54.339975
2297320,1339969,Entire home/apt,,Englemount-Lawrence (32),16,4.5,3,1.0,67.0,,43.708925,-79.430248,2017-03-12 15:28:53.324589
14487938,29188466,Entire home/apt,,Mount Pleasant West (104),0,0.0,2,1.0,69.0,,43.701244,-79.390931,2017-03-12 15:28:53.319856
16121529,11578476,Entire home/apt,,Humewood-Cedarvale (106),2,0.0,4,1.0,76.0,,43.684318,-79.421416,2017-03-12 15:28:53.313361
17122785,36721704,Entire home/apt,,Rosedale-Moore Park (98),0,0.0,2,0.0,73.0,,43.69,-79.389881,2017-03-12 15:28:53.310786
9862194,9595404,Entire home/apt,,Willowdale East (51),0,0.0,4,1.0,68.0,,43.758534,-79.407743,2017-03-12 15:28:53.293837
15483025,16442325,Entire home/apt,,Humewood-Cedarvale (106),0,0.0,4,1.0,76.0,,43.68791,-79.422632,2017-03-12 15:28:51.838309
4507280,23371571,Entire home/apt,,Mount Pleasant West (104),1,0.0,4,1.0,75.0,,43.709771,-79.39636,2017-03-12 15:28:51.826850
7950050,34070523,Entire home/apt,,Mount Pleasant East (99),0,0.0,1,1.0,76.0,,43.710059,-79.378294,2017-03-12 15:28:51.823958
7387870,7068766,Entire home/apt,,Humewood-Cedarvale (106),7,4.5,3,2.0,68.0,,43.68946,-79.432983,2017-03-12 15:28:51.810429
5505912,28101212,Entire home/apt,,Yonge-St.Clair (97),46,5.0,2,1.0,71.0,,43.685737,-79.400382,2017-03-12 15:28:51.805580
6991714,34871810,Entire home/apt,,Willowdale East (51),6,5.0,3,1.0,65.0,,43.760986,-79.409676,2017-03-12 15:28:50.356140
9610194,2661661,Entire home/apt,,Mount Pleasant West (104),29,4.5,4,1.0,70.0,,43.706516,-79.393417,2017-03-12 15:28:49.126771
8969096,13774741,Entire home/apt,,Casa Loma (96),8,4.5,2,1.0,64.0,,43.688397,-79.410932,2017-03-12 15:28:49.123699
7648227,28003545,Entire home/apt,,Humewood-Cedarvale (106),25,4.5,2,1.0,69.0,,43.686128,-79.419916,2017-03-12 15:28:49.112616
13296864,20483159,Entire home/apt,,Oakwood Village (107),2,0.0,2,1.0,74.0,,43.687624,-79.433774,2017-03-12 15:28:49.105566
7989703,27848617,Entire home/apt,,Oakwood Village (107),4,5.0,5,2.0,74.0,,43.689841,-79.435175,2017-03-12 15:28:49.102734
6745415,32712637,Entire home/apt,,Yonge-Eglinton (100),6,4.5,2,0.0,70.0,,43.709431,-79.399046,2017-03-12 15:28:48.509536
15679146,76729112,Entire home/apt,,Willowdale East (51),6,5.0,4,1.0,73.0,,43.765276,-79.410067,2017-03-12 15:28:47.118260
15295032,1718194,Entire home/apt,,Willowdale East (51),0,0.0,4,1.0,75.0,,43.75936,-79.409406,2017-03-12 15:28:47.113273
13084930,23388197,Entire home/apt,,Willowdale West (37),0,0.0,2,1.0,69.0,,43.767717,-79.415729,2017-03-12 15:28:46.588296
15211664,30989367,Entire home/apt,,Danforth East York (59),0,0.0,5,2.0,69.0,,43.687912,-79.337988,2017-03-12 15:28:44.084927
2457492,9038485,Entire home/apt,,East End-Danforth (62),0,0.0,3,2.0,76.0,,43.684473,-79.294008,2017-03-12 15:28:44.070512
15615113,67591020,Entire home/apt,,East End-Danforth (62),2,0.0,2,1.0,69.0,,43.685995,-79.30949,2017-03-12 15:28:43.642031
13074501,61846588,Entire home/apt,,O'Connor-Parkview (54),6,4.0,6,1.0,75.0,,43.709778,-79.301443,2017-03-12 15:28:43.639383
7939749,41872534,Entire home/apt,,Victoria Village (43),0,0.0,2,1.0,76.0,,43.73653,-79.308262,2017-03-12 15:28:43.628770
9544895,49431346,Entire home/apt,,Woodbine-Lumsden (60),6,5.0,6,2.0,73.0,,43.686968,-79.31241,2017-03-12 15:28:43.625939
5465634,28347102,Entire home/apt,,Birchcliffe-Cliffside (122),3,4.5,3,1.0,75.0,,43.690755,-79.267853,2017-03-12 15:28:43.619390
5317000,20625951,Entire home/apt,,East End-Danforth (62),1,0.0,3,1.0,71.0,,43.688502,-79.300368,2017-03-12 15:28:42.021328
5054038,25278998,Entire home/apt,,Bendale (127),10,4.5,2,0.0,82.0,,43.773,-79.25481,2017-03-12 15:28:42.017463
3332077,2325292,Entire home/apt,,East End-Danforth (62),94,5.0,4,1.0,65.0,,43.685859,-79.31243,2017-03-12 15:28:42.011713
9533181,49380886,Entire home/apt,,Wexford/Maryvale (119),12,5.0,6,3.0,82.0,,43.760588,-79.302455,2017-03-12 15:28:41.998825
16086483,71638345,Entire home/apt,,Church-Yonge Corridor (75),9,5.0,2,1.0,66.0,,43.667335,-79.381922,2017-03-12 15:28:39.386358
15145353,7536212,Entire home/apt,,Waterfront Communities-The Island (77),9,5.0,2,0.0,65.0,,43.64784,-79.399749,2017-03-12 15:28:39.374113
15874283,6919926,Entire home/apt,,Little Portugal (84),11,5.0,4,1.0,76.0,,43.642113,-79.424142,2017-03-12 15:28:39.364437
261539,1372040,Entire home/apt,,Moss Park (73),96,4.5,2,0.0,78.0,,43.65096,-79.367592,2017-03-12 15:28:36.684738
9977642,4397873,Entire home/apt,,South Riverdale (70),10,5.0,2,1.0,68.0,,43.659411,-79.34268,2017-03-12 15:28:36.680818
14873923,8117355,Entire home/apt,,The Beaches (63),9,5.0,2,1.0,79.0,,43.66984,-79.307612,2017-03-12 15:28:36.671987
4688281,24202142,Entire home/apt,,South Riverdale (70),11,5.0,2,1.0,65.0,,43.658608,-79.337681,2017-03-12 15:28:36.667960
16367976,107195462,Entire home/apt,,Niagara (82),4,5.0,4,1.0,68.0,,43.636591,-79.402022,2017-03-12 15:28:35.207966
14911945,35732266,Entire home/apt,,Church-Yonge Corridor (75),9,5.0,2,0.0,65.0,,43.664986,-79.380615,2017-03-12 15:28:34.580933
13125909,71456276,Entire home/apt,,Waterfront Communities-The Island (77),32,4.5,2,1.0,80.0,,43.643086,-79.400622,2017-03-12 15:28:34.571249
16407551,10295661,Entire home/apt,,Waterfront Communities-The Island (77),6,4.5,2,1.0,65.0,,43.647165,-79.39075,2017-03-12 15:28:34.566047
8048745,42502939,Entire home/apt,,Annex (95),40,5.0,2,1.0,75.0,,43.670919,-79.393956,2017-03-12 15:28:34.558218
8770895,45983774,Entire home/apt,,South Riverdale (70),1,0.0,3,2.0,78.0,,43.66317,-79.351593,2017-03-12 15:28:33.165286
7227180,5878034,Entire home/apt,,Annex (95),79,4.5,2,0.0,65.0,,43.670587,-79.393827,2017-03-12 15:28:33.148847
16407857,107501339,Entire home/apt,,Waterfront Communities-The Island (77),0,0.0,2,1.0,75.0,,43.64071,-79.380656,2017-03-12 15:28:33.138303
3395691,16430735,Entire home/apt,,Danforth East York (59),25,4.0,3,1.0,76.0,,43.690499,-79.343177,2017-03-12 15:28:31.842366
10677958,3568928,Entire home/apt,,Waterfront Communities-The Island (77),83,4.5,4,1.0,67.0,,43.647935,-79.393801,2017-03-12 15:28:31.832498
17071975,13340996,Entire home/apt,,Waterfront Communities-The Island (77),0,0.0,2,1.0,67.0,,43.643872,-79.402031,2017-03-12 15:28:30.370430
14664277,32771779,Entire home/apt,,Church-Yonge Corridor (75),1,0.0,2,0.0,68.0,,43.669395,-79.384434,2017-03-12 15:28:30.359815
296343,1528860,Entire home/apt,,Church-Yonge Corridor (75),13,5.0,4,1.0,76.0,,43.661637,-79.38003,2017-03-12 15:28:30.347374
11344732,38210699,Entire home/apt,,Church-Yonge Corridor (75),7,4.5,2,0.0,65.0,,43.666076,-79.384995,2017-03-12 15:30:58.123194
14501631,52269380,Entire home/apt,,Waterfront Communities-The Island (77),24,4.5,4,1.0,75.0,,43.649246,-79.387428,2017-03-12 15:30:58.110928
15005866,6328863,Entire home/apt,,Bay Street Corridor (76),0,0.0,4,1.0,73.0,,43.667467,-79.38642,2017-03-12 15:30:58.103395
16172391,16925504,Entire home/apt,,Casa Loma (96),4,5.0,3,1.0,69.0,,43.679987,-79.413282,2017-03-12 15:30:58.088402
3958575,20179179,Entire home/apt,,Kensington-Chinatown (78),50,5.0,2,0.0,68.0,,43.649876,-79.403139,2017-03-12 15:30:57.459138
17222728,115974482,Entire home/apt,,Trinity-Bellwoods (81),3,5.0,2,1.0,75.0,,43.648137,-79.406958,2017-03-12 15:30:57.451270
16312956,1745338,Entire home/apt,,Bay Street Corridor (76),0,0.0,4,1.0,71.0,,43.664631,-79.386656,2017-03-12 15:30:56.179469
666801,3371777,Entire home/apt,,Annex (95),293,4.5,2,1.0,68.0,,43.670377,-79.404627,2017-03-12 15:30:55.043907
5719943,12742095,Entire home/apt,,Bay Street Corridor (76),12,5.0,4,1.0,73.0,,43.669083,-79.388604,2017-03-12 15:30:55.039693
16468194,164481,Entire home/apt,,Annex (95),3,4.5,6,1.0,68.0,,43.667761,-79.403638,2017-03-12 15:30:55.025198
4925508,25279451,Entire home/apt,,Annex (95),7,5.0,4,2.0,76.0,,43.670594,-79.390478,2017-03-12 15:30:55.019402
6463032,27359957,Entire home/apt,,Annex (95),2,0.0,2,0.0,76.0,,43.674492,-79.403534,2017-03-12 15:30:53.776362
14960126,17328956,Entire home/apt,,Annex (95),6,4.0,4,1.0,80.0,,43.671408,-79.405284,2017-03-12 15:30:53.767609
4595305,21141073,Entire home/apt,,Church-Yonge Corridor (75),0,0.0,2,1.0,80.0,,43.67019,-79.385997,2017-03-12 15:30:52.845792
1063640,5854692,Entire home/apt,,Church-Yonge Corridor (75),141,5.0,5,1.0,75.0,,43.653837,-79.378448,2017-03-12 15:30:52.835143
5593180,21298947,Entire home/apt,,Rosedale-Moore Park (98),105,4.5,6,1.0,76.0,,43.671271,-79.384763,2017-03-12 15:30:47.125452
8233105,20536152,Entire home/apt,,Oakwood Village (107),14,5.0,3,1.0,76.0,,43.685821,-79.445744,2017-03-12 15:30:42.922286
8167913,18572927,Entire home/apt,,Briar Hill-Belgravia (108),0,0.0,3,0.0,69.0,,43.696223,-79.451253,2017-03-12 15:30:42.914285
5201422,18252368,Entire home/apt,,Corso Italia-Davenport (92),12,5.0,2,1.0,65.0,,43.681775,-79.447964,2017-03-12 15:30:42.909846
17260997,17983288,Entire home/apt,,Yorkdale-Glen Park (31),0,0.0,5,1.0,67.0,,43.713585,-79.453714,2017-03-12 15:30:42.903684
11114761,9740307,Entire home/apt,,Wychwood (94),23,5.0,2,1.0,77.0,,43.682221,-79.418076,2017-03-12 15:30:41.699537
473827,2349264,Entire home/apt,,Oakwood Village (107),62,5.0,2,1.0,78.0,,43.687671,-79.44004,2017-03-12 15:30:41.673712
16259259,42308699,Entire home/apt,,Rosedale-Moore Park (98),0,0.0,2,1.0,65.0,,43.684071,-79.390827,2017-03-12 15:30:38.348628
2396542,12222756,Entire home/apt,,Mount Pleasant East (99),54,4.5,2,1.0,69.0,,43.70111,-79.385635,2017-03-12 15:30:33.181060
15940976,14766710,Entire home/apt,,Annex (95),3,4.5,2,1.0,76.0,,43.670687,-79.390726,2017-03-12 15:30:33.171030
11279925,58910123,Entire home/apt,,Palmerston-Little Italy (80),0,0.0,2,1.0,76.0,,43.663047,-79.414201,2017-03-12 15:30:33.164890
6672858,554283,Entire home/apt,,Dovercourt-Wallace Emerson-Junction (93),1,0.0,6,4.0,76.0,,43.661635,-79.430505,2017-03-12 15:30:31.789642
506381,1299496,Entire home/apt,,Annex (95),7,5.0,2,1.0,65.0,,43.666971,-79.405089,2017-03-12 15:30:31.784932
6853604,27903349,Entire home/apt,,Dovercourt-Wallace Emerson-Junction (93),4,5.0,2,1.0,76.0,,43.662498,-79.428949,2017-03-12 15:30:31.772453
6422381,1745338,Entire home/apt,,Bay Street Corridor (76),19,4.0,5,1.0,80.0,,43.665099,-79.386615,2017-03-12 15:30:30.330990
5524058,17209811,Entire home/apt,,Dovercourt-Wallace Emerson-Junction (93),39,5.0,4,1.0,65.0,,43.666543,-79.442899,2017-03-12 15:30:30.327818
5979207,19107482,Entire home/apt,,Bay Street Corridor (76),1,0.0,2,0.0,75.0,,43.667661,-79.387998,2017-03-12 15:30:30.325558
6602120,34540754,Entire home/apt,,Annex (95),0,0.0,2,1.0,68.0,,43.666751,-79.412483,2017-03-12 15:30:30.319552
14152396,2416893,Entire home/apt,,Bay Street Corridor (76),9,5.0,2,0.0,76.0,,43.667666,-79.38799,2017-03-12 15:30:30.311553
12899387,14761152,Entire home/apt,,Palmerston-Little Italy (80),8,5.0,4,1.0,73.0,,43.660604,-79.416136,2017-03-12 15:30:30.297259
17140297,19041404,Entire home/apt,,Dufferin Grove (83),3,4.5,3,1.0,82.0,,43.65843,-79.435554,2017-03-12 15:30:28.741514
13953781,5900897,Entire home/apt,,Palmerston-Little Italy (80),7,5.0,3,1.0,75.0,,43.662785,-79.415314,2017-03-12 15:30:28.734082
7178249,32783124,Entire home/apt,,Palmerston-Little Italy (80),4,3.5,3,2.0,65.0,,43.656307,-79.415316,2017-03-12 15:30:28.726214
8089671,42720246,Entire home/apt,,Annex (95),0,0.0,2,0.0,75.0,,43.666162,-79.406661,2017-03-12 15:30:28.723357
2997565,14761152,Entire home/apt,,Palmerston-Little Italy (80),21,5.0,3,0.0,73.0,,43.66134,-79.417832,2017-03-12 15:30:28.716768
10118143,51924016,Entire home/apt,,Church-Yonge Corridor (75),24,4.5,4,2.0,70.0,,43.659293,-79.379262,2017-03-12 15:30:28.712483
8172798,10656885,Entire home/apt,,Palmerston-Little Italy (80),5,4.5,2,1.0,64.0,,43.658709,-79.415873,2017-03-12 15:30:27.239766
16377775,102397189,Entire home/apt,,Palmerston-Little Italy (80),0,0.0,4,2.0,76.0,,43.660317,-79.411889,2017-03-12 15:30:27.228485
3333447,16829219,Entire home/apt,,Dovercourt-Wallace Emerson-Junction (93),26,4.5,4,1.0,73.0,,43.663223,-79.444851,2017-03-12 15:30:27.225221
5989531,6573767,Entire home/apt,,Annex (95),8,4.5,3,1.0,80.0,,43.670945,-79.402164,2017-03-12 15:30:27.218497
6781270,443480,Entire home/apt,,Annex (95),0,0.0,2,1.0,64.0,,43.674822,-79.406483,2017-03-12 15:30:27.208585
187945,894469,Entire home/apt,,Bay Street Corridor (76),1,0.0,3,1.0,67.0,,43.664995,-79.386924,2017-03-12 15:30:27.201878
828263,4342450,Entire home/apt,,Church-Yonge Corridor (75),38,4.5,2,1.0,76.0,,43.665777,-79.381112,2017-03-12 15:30:25.790597
15021424,84721968,Entire home/apt,,Palmerston-Little Italy (80),3,4.5,4,1.0,75.0,,43.660235,-79.412032,2017-03-12 15:30:25.784514
990322,377962,Entire home/apt,,Humewood-Cedarvale (106),11,4.5,2,1.0,75.0,,43.683886,-79.425778,2017-03-12 15:30:25.781749
8133056,21984470,Entire home/apt,,Palmerston-Little Italy (80),2,0.0,4,1.0,76.0,,43.662423,-79.411679,2017-03-12 15:30:25.774939
2026887,10302323,Entire home/apt,,Dovercourt-Wallace Emerson-Junction (93),20,5.0,3,1.0,75.0,,43.66094,-79.432443,2017-03-12 15:30:25.763549
16350057,20536152,Entire home/apt,,Oakwood Village (107),1,0.0,2,1.0,76.0,,43.685587,-79.445072,2017-03-12 15:30:25.759256
7430229,33197842,Entire home/apt,,Rosedale-Moore Park (98),14,5.0,2,0.0,76.0,,43.671048,-79.386114,2017-03-12 15:30:25.752320
16923062,33371538,Entire home/apt,,Palmerston-Little Italy (80),1,0.0,2,0.0,69.0,,43.660826,-79.41097,2017-03-12 15:30:24.267026
495303,1241161,Entire home/apt,,Dovercourt-Wallace Emerson-Junction (93),65,5.0,2,0.0,75.0,,43.664444,-79.425342,2017-03-12 15:30:24.262002
17592929,118873988,Entire home/apt,,Annex (95),0,0.0,2,1.0,76.0,,43.670697,-79.393419,2017-03-12 15:30:24.259305
6614023,27746870,Entire home/apt,,Bay Street Corridor (76),9,4.5,4,2.0,79.0,,43.667571,-79.389058,2017-03-12 15:30:24.249090
890149,2377994,Entire home/apt,,Dovercourt-Wallace Emerson-Junction (93),3,4.5,8,4.0,76.0,,43.663421,-79.428358,2017-03-12 15:30:24.244180
15159553,96179484,Entire home/apt,,Church-Yonge Corridor (75),14,5.0,3,0.0,75.0,,43.668139,-79.379491,2017-03-12 15:30:24.238327
4277769,2333188,Entire home/apt,,Bay Street Corridor (76),7,5.0,2,0.0,76.0,,43.666431,-79.387573,2017-03-12 15:30:24.235306
16756968,94188601,Entire home/apt,,University (79),0,0.0,2,1.0,76.0,,43.661448,-79.405058,2017-03-12 15:30:24.229083
7223733,1394197,Entire home/apt,,Dufferin Grove (83),0,0.0,2,1.0,75.0,,43.655125,-79.43122,2017-03-12 15:30:22.847385
5136068,26554080,Entire home/apt,,Annex (95),0,0.0,2,1.0,76.0,,43.671993,-79.4008,2017-03-12 15:30:22.832583
4803535,6301572,Entire home/apt,,Annex (95),66,5.0,2,0.0,76.0,,43.674055,-79.401347,2017-03-12 15:30:22.829855
8988568,42587246,Entire home/apt,,Bay Street Corridor (76),15,5.0,2,1.0,80.0,,43.664313,-79.387139,2017-03-12 15:30:21.512606
3860782,17328956,Entire home/apt,,Annex (95),22,4.5,6,2.0,73.0,,43.669744,-79.41116,2017-03-12 15:30:21.492496
1009656,5554523,Entire home/apt,,Dovercourt-Wallace Emerson-Junction (93),127,4.5,4,2.0,75.0,,43.667232,-79.432084,2017-03-12 15:30:20.292796
9214758,47919792,Entire home/apt,,Palmerston-Little Italy (80),140,5.0,6,2.0,69.0,,43.662754,-79.41184,2017-03-12 15:30:20.278955
5998547,8574833,Entire home/apt,,Bay Street Corridor (76),86,5.0,4,1.0,74.0,,43.6645,-79.384979,2017-03-12 15:30:20.273236
16478649,1340035,Entire home/apt,,Palmerston-Little Italy (80),1,0.0,2,1.0,70.0,,43.658893,-79.424746,2017-03-12 15:30:20.268882
13129518,3381427,Entire home/apt,,University (79),3,4.5,4,1.0,80.0,,43.659569,-79.400479,2017-03-12 15:30:20.264968
12470186,54784899,Entire home/apt,,Dovercourt-Wallace Emerson-Junction (93),9,4.5,2,0.0,68.0,,43.66062,-79.433901,2017-03-12 15:30:20.258796
16207016,92635593,Entire home/apt,,Annex (95),5,4.0,4,1.0,69.0,,43.671887,-79.402969,2017-03-12 15:30:20.256490
5004013,936950,Entire home/apt,,Annex (95),31,5.0,2,0.0,69.0,,43.667571,-79.408857,2017-03-12 15:30:19.434762
5296425,18418613,Entire home/apt,,Bay Street Corridor (76),0,0.0,2,0.0,75.0,,43.667631,-79.38814,2017-03-12 15:30:19.431727
6992099,5809807,Entire home/apt,,Dovercourt-Wallace Emerson-Junction (93),44,4.5,2,1.0,65.0,,43.664009,-79.429945,2017-03-12 15:30:19.419619
6952619,36450921,Entire home/apt,,Annex (95),1,0.0,3,1.0,67.0,,43.669959,-79.402221,2017-03-12 15:30:19.414088
14743221,49288354,Entire home/apt,,Waterfront Communities-The Island (77),5,5.0,3,1.0,75.0,,43.641898,-79.382969,2017-03-12 15:28:30.344897
8568726,6845712,Entire home/apt,,Blake-Jones (69),5,5.0,4,3.0,76.0,,43.673087,-79.339811,2017-03-12 15:28:28.892395
1893698,5854692,Entire home/apt,,Church-Yonge Corridor (75),73,5.0,4,0.0,68.0,,43.654438,-79.379483,2017-03-12 15:28:28.876166
3890777,9076531,Entire home/apt,,The Beaches (63),23,4.5,4,1.0,75.0,,43.672991,-79.283812,2017-03-12 15:28:28.866464
12447422,60931387,Entire home/apt,,Moss Park (73),0,0.0,2,1.0,67.0,,43.653843,-79.368074,2017-03-12 15:28:27.465799
11791276,10636365,Entire home/apt,,The Beaches (63),17,5.0,2,1.0,65.0,,43.670021,-79.309221,2017-03-12 15:28:26.040573
6617908,795726,Entire home/apt,,North Riverdale (68),43,5.0,2,1.0,76.0,,43.671698,-79.345906,2017-03-12 15:28:26.036593
16002393,6786207,Entire home/apt,,Kensington-Chinatown (78),2,0.0,2,1.0,69.0,,43.655228,-79.39366,2017-03-12 15:28:26.032931
13652134,79163578,Entire home/apt,,Niagara (82),53,5.0,2,0.0,75.0,,43.644213,-79.408996,2017-03-12 15:28:26.029053
11190795,32928982,Entire home/apt,,South Riverdale (70),1,0.0,1,0.0,75.0,,43.665191,-79.34181,2017-03-12 15:28:26.019072
5592534,28995644,Entire home/apt,,Playter Estates-Danforth (67),0,0.0,2,1.0,73.0,,43.679364,-79.359088,2017-03-12 15:28:24.398141
13710156,80048128,Entire home/apt,,Casa Loma (96),0,0.0,2,1.0,80.0,,43.685017,-79.408534,2017-03-12 15:28:21.794490
16532096,5215481,Entire home/apt,,Waterfront Communities-The Island (77),0,0.0,2,1.0,78.0,,43.643077,-79.400778,2017-03-12 15:28:21.792099
7133380,18979278,Entire home/apt,,South Riverdale (70),5,5.0,2,1.0,68.0,,43.66094,-79.334768,2017-03-12 15:28:21.789168
14273139,84584477,Entire home/apt,,The Beaches (63),9,5.0,2,1.0,75.0,,43.672046,-79.297496,2017-03-12 15:28:18.644676
15494371,26311932,Entire home/apt,,Yonge-St.Clair (97),4,5.0,2,1.0,76.0,,43.681749,-79.396056,2017-03-12 15:28:18.640277
15239234,62580439,Entire home/apt,,Waterfront Communities-The Island (77),39,5.0,2,0.0,73.0,,43.64628,-79.400633,2017-03-12 15:28:18.638240
17638527,69013244,Entire home/apt,,Bay Street Corridor (76),0,0.0,2,0.0,67.0,,43.65047,-79.382857,2017-03-12 15:28:18.628671
16627527,57202307,Entire home/apt,,Church-Yonge Corridor (75),3,5.0,2,0.0,74.0,,43.654024,-79.379594,2017-03-12 15:28:17.194937
13078791,25737760,Entire home/apt,,North St.James Town (74),1,0.0,2,1.0,75.0,,43.66779,-79.375573,2017-03-12 15:28:17.192677
6133818,15018199,Entire home/apt,,Birchcliffe-Cliffside (122),2,0.0,4,1.0,73.0,,43.708636,-79.249672,2017-03-12 15:28:12.844062
14948026,59079763,Entire home/apt,,Waterfront Communities-The Island (77),5,5.0,2,1.0,73.0,,43.639198,-79.380383,2017-03-12 15:28:10.403432
14105263,283537,Entire home/apt,,Moss Park (73),1,0.0,2,1.0,73.0,,43.651445,-79.372169,2017-03-12 15:28:10.400603
12414098,36436258,Entire home/apt,,Bay Street Corridor (76),0,0.0,2,1.0,72.0,,43.660474,-79.384273,2017-03-12 15:28:10.396227
8588743,6845507,Entire home/apt,,South Riverdale (70),4,4.5,1,1.0,67.0,,43.666621,-79.340404,2017-03-12 15:28:10.388594
15257655,93362629,Entire home/apt,,Niagara (82),30,5.0,4,1.0,82.0,,43.637823,-79.401551,2017-03-12 15:28:10.382954
6973941,23966754,Entire home/apt,,Annex (95),39,4.0,2,0.0,65.0,,43.670604,-79.394218,2017-03-12 15:28:10.379948
6739507,4085010,Entire home/apt,,Niagara (82),45,4.5,3,1.0,75.0,,43.635295,-79.401331,2017-03-12 15:28:10.374514
13752856,54677202,Entire home/apt,,Waterfront Communities-The Island (77),17,5.0,3,1.0,75.0,,43.640441,-79.38491,2017-03-12 15:28:10.370342
16353656,42727116,Entire home/apt,,Bay Street Corridor (76),0,0.0,3,1.0,75.0,,43.666138,-79.388397,2017-03-12 15:28:10.367973
3622219,9664312,Entire home/apt,,South Riverdale (70),7,5.0,2,1.0,80.0,,43.65939,-79.335346,2017-03-12 15:28:10.363738
17264472,56400401,Entire home/apt,,Waterfront Communities-The Island (77),0,0.0,2,1.0,75.0,,43.642482,-79.382114,2017-03-12 15:28:10.361446
10211989,28446414,Entire home/apt,,Waterfront Communities-The Island (77),29,5.0,4,1.0,75.0,,43.643164,-79.381358,2017-03-12 15:28:09.712466
15302170,92635593,Entire home/apt,,Annex (95),22,5.0,4,0.0,80.0,,43.673292,-79.40095,2017-03-12 15:28:09.705080
5463654,13808734,Entire home/apt,,The Beaches (63),7,5.0,2,0.0,76.0,,43.668402,-79.303763,2017-03-12 15:28:09.702279
8627757,13633667,Entire home/apt,,East End-Danforth (62),18,5.0,4,2.0,73.0,,43.68413,-79.296491,2017-03-12 15:28:09.698003
3192115,1028504,Entire home/apt,,Waterfront Communities-The Island (77),21,4.5,3,1.0,80.0,,43.644676,-79.399835,2017-03-12 15:28:09.695157
3056481,4794952,Entire home/apt,,South Riverdale (70),10,5.0,2,1.0,76.0,,43.657309,-79.353312,2017-03-12 15:28:08.481191
13751067,21486680,Entire home/apt,,Yonge-St.Clair (97),1,0.0,2,1.0,72.0,,43.687503,-79.396678,2017-03-12 15:28:08.470049
6799720,35142187,Entire home/apt,,South Riverdale (70),69,5.0,2,0.0,64.0,,43.661624,-79.351027,2017-03-12 15:28:08.466794
17624567,39968732,Entire home/apt,,Niagara (82),0,0.0,3,1.0,69.0,,43.637001,-79.404134,2017-03-12 15:28:08.452251
17237371,8244420,Entire home/apt,,The Beaches (63),0,0.0,4,1.0,75.0,,43.674683,-79.299518,2017-03-12 15:28:08.443143
15522772,86957929,Entire home/apt,,Waterfront Communities-The Island (77),15,5.0,4,1.0,80.0,,43.643136,-79.382994,2017-03-12 15:28:07.204671
14821598,80912184,Entire home/apt,,Waterfront Communities-The Island (77),33,4.5,4,1.0,78.0,,43.642872,-79.379898,2017-03-12 15:28:07.201881
17077251,99662270,Entire home/apt,,Waterfront Communities-The Island (77),1,0.0,6,2.0,75.0,,43.643917,-79.390063,2017-03-12 15:28:07.193616
15969018,87813997,Entire home/apt,,Bay Street Corridor (76),4,5.0,3,1.0,75.0,,43.666439,-79.386609,2017-03-12 15:28:07.186717
11699928,23459764,Entire home/apt,,North Riverdale (68),11,5.0,2,1.0,75.0,,43.670014,-79.343339,2017-03-12 15:28:07.184154
15511295,99662270,Entire home/apt,,Waterfront Communities-The Island (77),27,5.0,4,2.0,68.0,,43.648689,-79.396223,2017-03-12 15:28:07.180255
2907973,2791561,Entire home/apt,,South Riverdale (70),2,0.0,3,1.0,76.0,,43.661167,-79.329517,2017-03-12 15:28:07.176803
3667589,18602771,Entire home/apt,,Church-Yonge Corridor (75),60,5.0,4,0.0,78.0,,43.653534,-79.379503,2017-03-12 15:28:07.173518
2855254,14596877,Entire home/apt,,South Riverdale (70),8,4.5,2,2.0,75.0,,43.662592,-79.339022,2017-03-12 15:28:07.168888
6632283,34715925,Entire home/apt,,The Beaches (63),52,5.0,4,1.0,73.0,,43.663851,-79.319476,2017-03-12 15:28:07.165807
7319116,23972294,Entire home/apt,,Danforth East York (59),10,5.0,3,2.0,76.0,,43.690089,-79.317,2017-03-12 15:28:07.161135
15379867,809517,Entire home/apt,,Annex (95),20,4.5,2,1.0,65.0,,43.671648,-79.394964,2017-03-12 15:28:07.154759
15040236,44609654,Entire home/apt,,Church-Yonge Corridor (75),14,4.5,3,0.0,64.0,,43.666978,-79.384721,2017-03-12 15:28:06.482712
2843818,10798821,Entire home/apt,,Playter Estates-Danforth (67),129,5.0,3,2.0,68.0,,43.678342,-79.359874,2017-03-12 15:28:06.479305
16193976,21339871,Entire home/apt,,Waterfront Communities-The Island (77),5,4.5,3,1.0,76.0,,43.643097,-79.382017,2017-03-12 15:28:06.475805
14761476,1661761,Entire home/apt,,North Riverdale (68),13,5.0,4,2.0,75.0,,43.670652,-79.349971,2017-03-12 15:28:06.471219
15546177,53085386,Entire home/apt,,Niagara (82),5,5.0,2,1.0,76.0,,43.635559,-79.405439,2017-03-12 15:28:06.465167
17190949,4295269,Entire home/apt,,East End-Danforth (62),0,0.0,4,1.0,65.0,,43.684156,-79.305183,2017-03-12 15:28:06.454466
4848038,9559070,Entire home/apt,,North Riverdale (68),16,4.5,2,1.0,72.0,,43.676305,-79.353081,2017-03-12 15:28:06.451322
12341959,66631663,Entire home/apt,,Bay Street Corridor (76),56,5.0,4,1.0,75.0,,43.646118,-79.382744,2017-03-12 15:28:06.447789
3961011,3587306,Entire home/apt,,Waterfront Communities-The Island (77),106,5.0,3,1.0,76.0,,43.643144,-79.400367,2017-03-12 15:28:06.444658
16109974,104958619,Entire home/apt,,Bay Street Corridor (76),0,0.0,2,0.0,75.0,,43.648844,-79.379788,2017-03-12 15:28:06.441309
7743020,40494868,Entire home/apt,,Church-Yonge Corridor (75),57,4.5,3,1.0,69.0,,43.654039,-79.379408,2017-03-12 15:28:04.557138
17558508,5854692,Entire home/apt,,Church-Yonge Corridor (75),0,0.0,4,1.0,75.0,,43.65527,-79.379998,2017-03-12 15:28:04.554975
15423615,2575586,Entire home/apt,,Annex (95),29,4.5,5,1.0,75.0,,43.670966,-79.395114,2017-03-12 15:28:04.546741
2701055,13820466,Entire home/apt,,Church-Yonge Corridor (75),19,4.5,2,1.0,75.0,,43.669117,-79.381923,2017-03-12 15:28:04.544178
16261274,88816584,Entire home/apt,,Bay Street Corridor (76),12,5.0,3,1.0,69.0,,43.649903,-79.381714,2017-03-12 15:28:04.540222
17494313,29938723,Entire home/apt,,Moss Park (73),0,0.0,2,1.0,80.0,,43.65061,-79.370765,2017-03-12 15:28:04.538122
17609083,119693726,Entire home/apt,,Bay Street Corridor (76),0,0.0,2,1.0,75.0,,43.664765,-79.386184,2017-03-12 15:28:04.533146
10022912,12025380,Entire home/apt,,Moss Park (73),0,0.0,2,1.0,76.0,,43.655849,-79.365751,2017-03-12 15:28:04.530891
14352159,79927653,Entire home/apt,,North Riverdale (68),21,4.5,2,0.0,69.0,,43.676587,-79.356708,2017-03-12 15:28:04.526590
14554597,66631663,Entire home/apt,,Waterfront Communities-The Island (77),6,5.0,2,1.0,76.0,,43.649318,-79.392569,2017-03-12 15:28:04.521514
15320427,35007652,Entire home/apt,,Regent Park (72),6,5.0,3,1.0,76.0,,43.660287,-79.363334,2017-03-12 15:28:03.059197
3544086,17841499,Entire home/apt,,Danforth East York (59),31,5.0,2,0.0,65.0,,43.687215,-79.32873,2017-03-12 15:28:03.054582
13680086,79636088,Entire home/apt,,Greenwood-Coxwell (65),9,4.5,4,1.0,76.0,,43.671372,-79.325053,2017-03-12 15:28:03.049702
17664263,120229461,Entire home/apt,,Church-Yonge Corridor (75),0,0.0,2,1.0,75.0,,43.666978,-79.383206,2017-03-12 15:28:03.047547
11057337,57388904,Entire home/apt,,Waterfront Communities-The Island (77),101,5.0,2,1.0,71.0,,43.644086,-79.391365,2017-03-12 15:28:03.044746
4484889,4068231,Entire home/apt,,Moss Park (73),8,4.5,3,1.0,65.0,,43.655611,-79.371695,2017-03-12 15:28:03.038326
15155279,44028294,Entire home/apt,,The Beaches (63),1,0.0,1,0.0,65.0,,43.666967,-79.303877,2017-03-12 15:28:03.031707
6079006,31554886,Entire home/apt,,Waterfront Communities-The Island (77),128,5.0,4,1.0,74.0,,43.641678,-79.372193,2017-03-12 15:28:03.029329
11142356,4356799,Entire home/apt,,South Riverdale (70),7,5.0,5,2.0,75.0,,43.663033,-79.340531,2017-03-12 15:28:03.022204
14693392,53878827,Entire home/apt,,Waterfront Communities-The Island (77),2,0.0,5,1.0,69.0,,43.640073,-79.381114,2017-03-12 15:28:03.018788
7420499,2707282,Entire home/apt,,The Beaches (63),14,3.5,5,3.0,80.0,,43.6705,-79.297191,2017-03-12 15:28:01.631354
16141710,93498328,Entire home/apt,,Church-Yonge Corridor (75),3,4.0,2,0.0,68.0,,43.669269,-79.379653,2017-03-12 15:28:01.621909
15664293,94071526,Entire home/apt,,Kensington-Chinatown (78),2,0.0,4,2.0,76.0,,43.648048,-79.402491,2017-03-12 15:28:01.619777
12761406,29322840,Entire home/apt,,The Beaches (63),16,5.0,2,0.0,73.0,,43.674947,-79.304657,2017-03-12 15:28:01.607230
17528382,2877199,Entire home/apt,,Greenwood-Coxwell (65),0,0.0,5,1.0,76.0,,43.672054,-79.319277,2017-03-12 15:28:01.605188
6072434,30981200,Entire home/apt,,Kensington-Chinatown (78),82,4.5,3,1.0,75.0,,43.651782,-79.38999,2017-03-12 15:28:01.602513
16079587,79081344,Entire home/apt,,Waterfront Communities-The Island (77),14,4.5,2,1.0,70.0,,43.642215,-79.398579,2017-03-12 15:27:59.995494
1721743,2927540,Entire home/apt,,Waterfront Communities-The Island (77),271,4.5,2,1.0,80.0,,43.648133,-79.388117,2017-03-12 15:27:59.989458
13704883,79920634,Entire home/apt,,Waterfront Communities-The Island (77),21,5.0,4,1.0,80.0,,43.640823,-79.382607,2017-03-12 15:27:59.986537
3404219,2927540,Entire home/apt,,Waterfront Communities-The Island (77),215,4.5,2,1.0,80.0,,43.64637,-79.395803,2017-03-12 15:27:59.975807
9611817,48204283,Entire home/apt,,Waterfront Communities-The Island (77),102,4.5,2,1.0,76.0,,43.639286,-79.398334,2017-03-12 15:27:59.969994
8926274,7232476,Entire home/apt,,Waterfront Communities-The Island (77),76,5.0,3,1.0,69.0,,43.649266,-79.389097,2017-03-12 15:27:59.967119
6214925,31397994,Entire home/apt,,Cabbagetown-South St.James Town (71),162,5.0,3,1.0,65.0,,43.665953,-79.375966,2017-03-12 15:27:59.958610
7068130,2340302,Entire home/apt,,North Riverdale (68),21,4.5,3,1.0,65.0,,43.67387,-79.34283,2017-03-12 15:27:59.953475
8698616,3757152,Entire home/apt,,Waterfront Communities-The Island (77),88,5.0,3,1.0,67.0,,43.640776,-79.39689,2017-03-12 15:27:58.682581
6211018,5869006,Entire home/apt,,East End-Danforth (62),45,4.5,4,1.0,69.0,,43.680269,-79.29179,2017-03-12 15:27:58.680260
17527167,19567060,Entire home/apt,,Church-Yonge Corridor (75),0,0.0,2,0.0,76.0,,43.654327,-79.376051,2017-03-12 15:27:58.674391
17079449,94669678,Entire home/apt,,Church-Yonge Corridor (75),22,5.0,4,1.0,69.0,,43.66251,-79.382961,2017-03-12 15:27:58.672120
13707838,80016983,Entire home/apt,,Kensington-Chinatown (78),15,4.5,2,0.0,69.0,,43.650266,-79.394627,2017-03-12 15:27:58.669115
3810792,1971762,Entire home/apt,,South Riverdale (70),13,5.0,2,1.0,68.0,,43.66346,-79.340835,2017-03-12 15:27:58.665945
4937831,1257297,Entire home/apt,,Waterfront Communities-The Island (77),110,4.5,4,2.0,73.0,,43.641031,-79.39693,2017-03-12 15:27:58.660858
15590454,86957929,Entire home/apt,,Waterfront Communities-The Island (77),7,5.0,4,1.0,80.0,,43.642454,-79.382135,2017-03-12 15:27:58.655293
15271147,23589410,Entire home/apt,,Rosedale-Moore Park (98),4,4.5,3,2.0,76.0,,43.672272,-79.379764,2017-03-12 15:27:58.653240
15132210,29372729,Entire home/apt,,Kensington-Chinatown (78),7,4.5,2,1.0,76.0,,43.650203,-79.405033,2017-03-12 15:27:57.199836
11750535,20408425,Entire home/apt,,Kensington-Chinatown (78),11,5.0,2,1.0,75.0,,43.655876,-79.403605,2017-03-12 15:27:57.193255
17507511,44075427,Entire home/apt,,Moss Park (73),0,0.0,2,1.0,76.0,,43.656349,-79.368377,2017-03-12 15:27:57.190803
16271333,53878827,Entire home/apt,,Waterfront Communities-The Island (77),33,5.0,5,1.0,78.0,,43.642279,-79.386181,2017-03-12 15:27:57.185544
14917457,20177400,Entire home/apt,,Rosedale-Moore Park (98),1,0.0,2,1.0,76.0,,43.6796,-79.384892,2017-03-12 15:27:57.179276
13911673,82430885,Entire home/apt,,Regent Park (72),25,5.0,2,1.0,69.0,,43.660812,-79.361922,2017-03-12 15:27:57.177125
9252917,19076857,Entire home/apt,,North St.James Town (74),7,5.0,2,1.0,75.0,,43.669629,-79.376877,2017-03-12 15:27:57.172266
16529519,17656829,Entire home/apt,,Greenwood-Coxwell (65),0,0.0,4,2.0,76.0,,43.669674,-79.31909,2017-03-12 15:27:57.169922
3923307,20323579,Entire home/apt,,The Beaches (63),19,5.0,4,1.0,75.0,,43.670128,-79.295607,2017-03-12 15:27:57.165386
6466471,33773356,Entire home/apt,,Waterfront Communities-The Island (77),51,5.0,3,1.0,76.0,,43.639648,-79.396939,2017-03-12 15:27:57.160460
16601846,10011884,Entire home/apt,,Waterfront Communities-The Island (77),15,5.0,4,2.0,69.0,,43.642423,-79.401438,2017-03-12 15:27:55.786411
3476587,3620409,Entire home/apt,,Moss Park (73),81,5.0,2,1.0,78.0,,43.651075,-79.369264,2017-03-12 15:27:55.784120
7174305,35633806,Entire home/apt,,Waterfront Communities-The Island (77),59,5.0,3,2.0,73.0,,43.646362,-79.402583,2017-03-12 15:27:55.776828
9309550,16791144,Entire home/apt,,The Beaches (63),30,5.0,2,0.0,75.0,,43.672491,-79.295944,2017-03-12 15:27:55.774410
13659495,22927835,Entire home/apt,,Regent Park (72),5,5.0,4,1.0,76.0,,43.657798,-79.356158,2017-03-12 15:27:55.762153
7810199,41116820,Entire home/apt,,Waterfront Communities-The Island (77),34,5.0,4,1.0,72.0,,43.646019,-79.390592,2017-03-12 15:27:54.092911
15820028,1218328,Entire home/apt,,Waterfront Communities-The Island (77),3,5.0,3,1.0,76.0,,43.645773,-79.392821,2017-03-12 15:27:54.090236
1419648,7534746,Entire home/apt,,North St.James Town (74),14,5.0,2,1.0,73.0,,43.667279,-79.375339,2017-03-12 15:27:54.084695
12608680,63880664,Entire home/apt,,Waterfront Communities-The Island (77),67,5.0,2,0.0,80.0,,43.642548,-79.382294,2017-03-12 15:27:54.079600
16113662,104963543,Entire home/apt,,Waterfront Communities-The Island (77),18,4.5,2,1.0,67.0,,43.644418,-79.401854,2017-03-12 15:27:54.077248
6732046,35257658,Entire home/apt,,Danforth (66),27,5.0,4,1.0,69.0,,43.686786,-79.322198,2017-03-12 15:27:54.070985
14664358,91104962,Entire home/apt,,Waterfront Communities-The Island (77),18,5.0,2,1.0,78.0,,43.647717,-79.401158,2017-03-12 15:27:54.066818
11431453,26753094,Entire home/apt,,Church-Yonge Corridor (75),68,4.5,2,0.0,75.0,,43.662378,-79.379297,2017-03-12 15:27:54.060727
3642167,2927540,Entire home/apt,,Waterfront Communities-The Island (77),233,4.5,4,2.0,77.0,,43.641428,-79.385999,2017-03-12 15:27:54.050499
14470756,9765712,Entire home/apt,,Danforth East York (59),9,4.5,4,1.0,73.0,,43.690688,-79.322888,2017-03-12 15:27:54.045179
15340933,2575586,Entire home/apt,,Annex (95),22,4.5,2,0.0,68.0,,43.671481,-79.39332,2017-03-12 15:27:54.042630
11720018,29160168,Entire home/apt,,Woodbine Corridor (64),8,5.0,2,0.0,64.0,,43.683979,-79.31256,2017-03-12 15:27:52.722565
13772405,49378194,Entire home/apt,,North St.James Town (74),34,4.5,4,1.0,66.0,,43.669465,-79.372109,2017-03-12 15:27:52.711587
14614012,20370037,Entire home/apt,,The Beaches (63),3,5.0,4,2.0,75.0,,43.669994,-79.303547,2017-03-12 15:27:52.708915
10835701,19461277,Entire home/apt,,Church-Yonge Corridor (75),129,4.5,4,0.0,75.0,,43.655203,-79.375186,2017-03-12 15:27:51.368096
4056621,5407081,Entire home/apt,,Waterfront Communities-The Island (77),48,5.0,2,1.0,73.0,,43.644936,-79.393027,2017-03-12 15:27:51.363344
14987397,79920634,Entire home/apt,,Waterfront Communities-The Island (77),28,5.0,4,1.0,80.0,,43.641153,-79.381767,2017-03-12 15:27:51.358262
15314565,43043351,Entire home/apt,,Church-Yonge Corridor (75),59,5.0,4,0.0,80.0,,43.653725,-79.37834,2017-03-12 15:27:51.354242
15328228,20803742,Entire home/apt,,Greenwood-Coxwell (65),9,5.0,5,2.0,75.0,,43.668179,-79.325424,2017-03-12 15:27:51.350376
16964737,113455401,Entire home/apt,,Birchcliffe-Cliffside (122),3,4.5,2,1.0,65.0,,43.68341,-79.283912,2017-03-12 15:27:51.347438
5458779,14317813,Entire home/apt,,Waterfront Communities-The Island (77),92,4.5,2,1.0,75.0,,43.646897,-79.392086,2017-03-12 15:27:51.340841
8389832,24330033,Entire home/apt,,Regent Park (72),70,4.5,6,1.0,73.0,,43.65909,-79.361941,2017-03-12 15:27:51.336743
1369091,7424459,Entire home/apt,,The Beaches (63),5,5.0,2,1.0,69.0,,43.669123,-79.308271,2017-03-12 15:27:51.329726
11340023,13818332,Entire home/apt,,Church-Yonge Corridor (75),104,4.5,4,1.0,69.0,,43.66134,-79.377075,2017-03-12 15:27:50.418381
6290143,4333767,Entire home/apt,,The Beaches (63),51,4.5,2,1.0,65.0,,43.673266,-79.282086,2017-03-12 15:27:50.408967
11698825,8142107,Entire home/apt,,Moss Park (73),48,4.5,4,1.0,76.0,,43.657809,-79.366686,2017-03-12 15:27:50.403040
16964766,99808471,Entire home/apt,,Waterfront Communities-The Island (77),20,5.0,3,0.0,76.0,,43.642257,-79.383029,2017-03-12 15:27:50.398999
14676291,35136935,Entire home/apt,,Bayview Village (52),0,0.0,4,2.0,70.0,,43.768311,-79.369576,2017-03-12 15:27:44.360961
7651021,40147858,Entire home/apt,,Briar Hill-Belgravia (108),19,5.0,4,2.0,76.0,,43.698764,-79.441261,2017-03-12 15:27:44.358401
3575440,17922335,Entire home/apt,,Forest Hill North (102),5,4.0,5,2.0,64.0,,43.708439,-79.426381,2017-03-12 15:27:44.353220
16469244,26267525,Entire home/apt,,Weston (113),0,0.0,4,0.0,75.0,,43.703987,-79.517009,2017-03-12 15:27:44.348006
8052353,12742095,Entire home/apt,,Willowdale East (51),3,4.5,4,1.0,75.0,,43.761796,-79.409072,2017-03-12 15:27:44.336533
9662292,48530497,Entire home/apt,,Lawrence Park South (103),0,0.0,4,2.0,76.0,,43.716794,-79.412772,2017-03-12 15:27:43.404558
6200337,12742095,Entire home/apt,,Willowdale East (51),8,4.5,6,2.0,65.0,,43.7618,-79.410508,2017-03-12 15:27:43.394922
2799044,1718194,Entire home/apt,,Willowdale East (51),4,4.5,3,1.0,68.0,,43.756678,-79.406059,2017-03-12 15:27:43.386770
13927729,52718158,Entire home/apt,,York University Heights (27),3,4.0,4,2.0,76.0,,43.764554,-79.466223,2017-03-12 15:27:43.383925
11042471,33066070,Entire home/apt,,Forest Hill South (101),4,5.0,6,3.0,71.0,,43.702797,-79.416832,2017-03-12 15:27:43.375368
15452504,8157973,Entire home/apt,,Yonge-Eglinton (100),1,0.0,3,1.0,73.0,,43.711416,-79.406632,2017-03-12 15:27:43.371745
12909906,35037352,Entire home/apt,,Mount Pleasant West (104),0,0.0,3,2.0,73.0,,43.713397,-79.392581,2017-03-12 15:27:41.839537
17591951,104146034,Entire home/apt,,Yorkdale-Glen Park (31),0,0.0,2,1.0,72.0,,43.71478,-79.453828,2017-03-12 15:27:41.832479
6637679,18603506,Entire home/apt,,Mount Pleasant West (104),0,0.0,3,1.0,69.0,,43.709605,-79.393057,2017-03-12 15:27:41.828918
8741216,37051289,Entire home/apt,,Mount Pleasant West (104),9,4.5,3,1.0,70.0,,43.70957,-79.396278,2017-03-12 15:27:41.818790
4130233,12044442,Entire home/apt,,Willowdale West (37),6,4.5,3,1.0,64.0,,43.768217,-79.438779,2017-03-12 15:27:41.812620
14880265,39636814,Entire home/apt,,Mount Pleasant East (99),0,0.0,2,1.0,75.0,,43.714698,-79.392257,2017-03-12 15:27:40.283376
1885094,7658503,Entire home/apt,,Willowdale East (51),1,0.0,2,1.0,65.0,,43.757986,-79.407806,2017-03-12 15:27:40.276653
17399351,110986914,Entire home/apt,,Mount Pleasant West (104),0,0.0,3,1.0,75.0,,43.709406,-79.396566,2017-03-12 15:27:40.266875
12344210,9130635,Entire home/apt,,Mount Pleasant West (104),0,0.0,4,2.0,73.0,,43.700809,-79.388782,2017-03-12 15:27:40.262934
14175639,30616857,Entire home/apt,,Yonge-Eglinton (100),4,4.0,4,2.0,75.0,,43.706865,-79.400434,2017-03-12 15:27:40.258192
16315385,44529139,Entire home/apt,,Newtonbrook West (36),1,0.0,2,1.0,75.0,,43.780527,-79.432747,2017-03-12 15:27:40.250961
11529071,12742095,Entire home/apt,,Willowdale East (51),8,5.0,6,2.0,68.0,,43.761873,-79.409138,2017-03-12 15:27:40.247487
15784346,34949099,Entire home/apt,,St.Andrew-Windfields (40),0,0.0,3,1.0,76.0,,43.753354,-79.405298,2017-03-12 15:27:38.797712
16027664,102901292,Entire home/apt,,Willowdale East (51),0,0.0,3,1.0,69.0,,43.760314,-79.409483,2017-03-12 15:27:38.795087
17008480,32792012,Entire home/apt,,Kingsview Village-The Westway (6),0,0.0,3,1.0,82.0,,43.694812,-79.540433,2017-03-12 15:27:38.791059
9575642,49569802,Entire home/apt,,Willowdale West (37),9,5.0,4,1.0,80.0,,43.773736,-79.414291,2017-03-12 15:27:38.784679
6848311,14807479,Entire home/apt,,Willowdale East (51),11,4.5,2,1.0,75.0,,43.762463,-79.40939,2017-03-12 15:27:38.781829
7433432,5910089,Entire home/apt,,Lansing-Westgate (38),7,2.5,4,2.0,76.0,,43.756085,-79.409885,2017-03-12 15:27:38.775687
16282621,69546022,Entire home/apt,,Yorkdale-Glen Park (31),0,0.0,3,1.0,73.0,,43.713956,-79.451989,2017-03-12 15:27:38.773060
9779215,50414662,Entire home/apt,,Lansing-Westgate (38),0,0.0,1,1.0,67.0,,43.757314,-79.410909,2017-03-12 15:27:38.770352
11567566,12742095,Entire home/apt,,Willowdale East (51),8,5.0,6,2.0,75.0,,43.763304,-79.408489,2017-03-12 15:27:38.767624
1422877,7658503,Entire home/apt,,Willowdale East (51),8,4.5,4,1.0,76.0,,43.756996,-79.406538,2017-03-12 15:27:37.744939
13879058,13988901,Entire home/apt,,Kingsview Village-The Westway (6),2,0.0,2,1.0,73.0,,43.698201,-79.559733,2017-03-12 15:27:37.740674
7938543,15077771,Entire home/apt,,Mount Pleasant West (104),24,5.0,4,1.0,73.0,,43.69639,-79.394425,2017-03-12 15:27:37.738520
7006619,36730609,Entire home/apt,,Downsview-Roding-CFB (26),13,5.0,4,1.0,65.0,,43.728516,-79.49614,2017-03-12 15:27:37.736001
10392319,1007048,Entire home/apt,,Yonge-Eglinton (100),12,4.5,4,1.0,76.0,,43.707567,-79.400125,2017-03-12 15:27:37.731843
17367704,3189160,Entire home/apt,,Thorncliffe Park (55),1,0.0,4,1.0,65.0,,43.713585,-79.354081,2017-03-12 15:27:37.729880
7808726,34751006,Entire home/apt,,Maple Leaf (29),1,0.0,5,3.0,75.0,,43.715092,-79.472255,2017-03-12 15:27:37.720873
17536741,118948626,Entire home/apt,,Mount Pleasant West (104),0,0.0,2,1.0,80.0,,43.706735,-79.393912,2017-03-12 15:27:37.713865
11591486,18087577,Entire home/apt,,Willowdale East (51),1,0.0,3,1.0,67.0,,43.776547,-79.414615,2017-03-12 15:27:36.711296
14166843,85706959,Entire home/apt,,Willowdale West (37),4,5.0,2,2.0,68.0,,43.766527,-79.413398,2017-03-12 15:27:36.702003
17138385,781757,Entire home/apt,,Mount Olive-Silverstone-Jamestown (2),0,0.0,4,2.0,69.0,,43.749805,-79.593174,2017-03-12 15:27:36.699138
10965710,23589701,Entire home/apt,,Willowdale East (51),1,0.0,2,1.0,76.0,,43.775247,-79.412365,2017-03-12 15:27:36.696162
10551641,54422135,Entire home/apt,,Willowdale West (37),0,0.0,16,5.0,82.0,,43.774606,-79.41472,2017-03-12 15:27:36.691813
16275626,63968705,Entire home/apt,,Willowdale East (51),2,0.0,2,1.0,76.0,,43.761725,-79.409446,2017-03-12 15:27:36.677672
13075608,12742095,Entire home/apt,,Willowdale East (51),4,5.0,6,2.0,73.0,,43.762436,-79.40853,2017-03-12 15:27:36.674606
1092179,5986152,Entire home/apt,,Willowdale East (51),0,0.0,2,0.0,76.0,,43.761181,-79.408629,2017-03-12 15:27:36.668068
7366334,12742095,Entire home/apt,,Willowdale East (51),11,5.0,6,2.0,73.0,,43.762171,-79.408536,2017-03-12 15:27:35.073911
12209213,65645181,Entire home/apt,,Lansing-Westgate (38),36,4.5,2,1.0,80.0,,43.761045,-79.411255,2017-03-12 15:27:35.067515
13863591,81883126,Entire home/apt,,Bedford Park-Nortown (39),0,0.0,2,1.0,75.0,,43.723367,-79.425003,2017-03-12 15:27:35.062390
9842155,50678856,Entire home/apt,,Newtonbrook West (36),27,5.0,2,1.0,68.0,,43.783227,-79.417432,2017-03-12 15:27:35.058190
7986646,12742095,Entire home/apt,,Willowdale East (51),9,5.0,6,2.0,75.0,,43.763328,-79.409633,2017-03-12 15:27:35.055014
13779838,80902207,Entire home/apt,,Humewood-Cedarvale (106),0,0.0,2,1.0,69.0,,43.69661,-79.425068,2017-03-12 15:27:35.051856
17464920,70097877,Entire home/apt,,York University Heights (27),0,0.0,4,1.0,76.0,,43.751795,-79.46637,2017-03-12 15:27:35.049298
17160415,115423808,Entire home/apt,,Willowdale East (51),0,0.0,2,0.0,76.0,,43.760453,-79.408927,2017-03-12 15:27:35.043248
15360594,69546022,Entire home/apt,,Yorkdale-Glen Park (31),2,0.0,3,1.0,73.0,,43.714137,-79.453706,2017-03-12 15:27:35.040795
6085693,21267452,Entire home/apt,,Mount Pleasant East (99),36,4.5,2,1.0,70.0,,43.698516,-79.384568,2017-03-12 15:27:35.035844
17435199,110986914,Entire home/apt,,Willowdale East (51),1,0.0,3,1.0,75.0,,43.759414,-79.409349,2017-03-12 15:27:35.030043
17236750,1152839,Entire home/apt,,Pelmo Park-Humberlea (23),2,0.0,6,2.0,73.0,,43.732506,-79.53304,2017-03-12 15:27:33.543904
5917786,12742095,Entire home/apt,,Mount Pleasant West (104),11,4.5,4,1.0,75.0,,43.70751,-79.394755,2017-03-12 15:27:33.540771
11168201,43198035,Entire home/apt,,The Beaches (63),3,4.0,2,1.0,75.0,,43.665923,-79.304322,2017-03-12 15:29:01.020602
12681621,40998274,Entire home/apt,,The Beaches (63),29,4.5,2,1.0,69.0,,43.670516,-79.310798,2017-03-12 15:28:59.637447
16611576,26484692,Entire home/apt,,Clanton Park (33),2,0.0,4,2.0,73.0,,43.739221,-79.446133,2017-03-12 15:27:33.530441
15074205,56208044,Entire home/apt,,West Humber-Clairville (1),1,0.0,2,2.0,76.0,,43.731906,-79.5774,2017-03-12 15:27:33.524990
13950414,83038230,Entire home/apt,,Humewood-Cedarvale (106),0,0.0,2,1.0,76.0,,43.698411,-79.434869,2017-03-12 15:27:33.520847
16004473,43286754,Entire home/apt,,Lansing-Westgate (38),7,5.0,2,1.0,69.0,,43.764362,-79.411892,2017-03-12 15:27:33.512433
1550882,2788736,Entire home/apt,,St.Andrew-Windfields (40),27,4.5,4,1.0,73.0,,43.75961,-79.394903,2017-03-12 15:27:32.255442
17564195,22612385,Entire home/apt,,Bathurst Manor (34),0,0.0,4,2.0,76.0,,43.754458,-79.443815,2017-03-12 15:27:32.250939
7711380,40510045,Entire home/apt,,Forest Hill North (102),91,4.5,7,1.0,68.0,,43.706178,-79.424519,2017-03-12 15:27:32.240401
17135070,1152839,Entire home/apt,,Clanton Park (33),0,0.0,5,1.0,75.0,,43.734908,-79.447061,2017-03-12 15:27:32.237643
14756251,68854859,Entire home/apt,,Willowdale East (51),2,0.0,2,1.0,65.0,,43.761706,-79.410077,2017-03-12 15:27:32.232080
16705144,44180271,Entire home/apt,,West Humber-Clairville (1),4,4.5,4,1.0,75.0,,43.725188,-79.617258,2017-03-12 15:27:32.221655
1494497,7558271,Entire home/apt,,Briar Hill-Belgravia (108),20,4.5,2,1.0,65.0,,43.702771,-79.441907,2017-03-12 15:27:32.218342
12843877,2209120,Entire home/apt,,Willowdale East (51),12,5.0,3,1.0,67.0,,43.761915,-79.408314,2017-03-12 15:27:30.827211
12899619,70654854,Entire home/apt,,Willowdale West (37),4,5.0,3,1.0,72.0,,43.777452,-79.418296,2017-03-12 15:27:30.813025
10392898,53508562,Entire home/apt,,West Humber-Clairville (1),2,0.0,3,1.0,72.0,,43.731598,-79.577366,2017-03-12 15:27:30.810394
16579797,45717250,Entire home/apt,,Newtonbrook West (36),5,5.0,1,1.0,65.0,,43.779516,-79.417212,2017-03-12 15:27:30.804288
17634131,119930320,Entire home/apt,,Willowdale East (51),0,0.0,2,2.0,69.0,,43.764405,-79.406265,2017-03-12 15:27:30.801285
15536935,99952411,Entire home/apt,,Weston (113),0,0.0,2,1.0,76.0,,43.705731,-79.529744,2017-03-12 15:27:30.798381
17235949,113701340,Entire home/apt,,Clanton Park (33),1,0.0,6,3.0,75.0,,43.73547,-79.442126,2017-03-12 15:27:28.022552
16448087,47930581,Entire home/apt,,Willowdale East (51),2,0.0,3,1.0,65.0,,43.767473,-79.410754,2017-03-12 15:27:28.008360
17141834,84801759,Entire home/apt,,Willowdale East (51),1,0.0,2,1.0,67.0,,43.760619,-79.410076,2017-03-12 15:27:28.005945
16882620,11774629,Entire home/apt,,Newtonbrook West (36),6,5.0,3,1.0,64.0,,43.781831,-79.417301,2017-03-12 15:27:27.998629
13659795,33699825,Entire home/apt,,Newtonbrook West (36),4,5.0,4,2.0,69.0,,43.785733,-79.437599,2017-03-12 15:27:27.994059
6216598,6425732,Entire home/apt,,Westminster-Branson (35),1,0.0,2,1.0,75.0,,43.789459,-79.44876,2017-03-12 15:27:27.984300
12885040,64682858,Entire home/apt,,Lansing-Westgate (38),13,4.5,3,1.0,74.0,,43.759639,-79.411768,2017-03-12 15:27:26.756332
13795337,81088989,Entire home/apt,,Willowdale East (51),9,5.0,4,2.0,76.0,,43.776777,-79.414189,2017-03-12 15:27:26.752376
14915136,93706332,Entire home/apt,,York University Heights (27),9,5.0,2,1.0,76.0,,43.750505,-79.465056,2017-03-12 15:27:26.749813
11972982,63972624,Entire home/apt,,Newtonbrook West (36),48,5.0,3,2.0,65.0,,43.790295,-79.436125,2017-03-12 15:27:26.743611
8831076,46253832,Entire home/apt,,Willowdale West (37),24,5.0,2,1.0,75.0,,43.770268,-79.413924,2017-03-12 15:27:26.738530
15856257,54422135,Entire home/apt,,Willowdale East (51),8,5.0,2,1.0,75.0,,43.760682,-79.409252,2017-03-12 15:27:26.736228
14263005,44871875,Entire home/apt,,Mount Pleasant West (104),1,0.0,2,1.0,76.0,,43.697594,-79.391148,2017-03-12 15:27:25.422689
13864777,24522278,Entire home/apt,,Mount Pleasant West (104),8,5.0,3,1.0,74.0,,43.700405,-79.388104,2017-03-12 15:27:25.415245
15949611,14842121,Entire home/apt,,Lawrence Park South (103),6,5.0,2,1.0,68.0,,43.724605,-79.403162,2017-03-12 15:27:25.409092
526594,2588098,Entire home/apt,,Willowdale East (51),6,4.0,3,1.0,67.0,,43.765422,-79.40359,2017-03-12 15:27:25.398887
13875449,49824436,Entire home/apt,,Danforth East York (59),3,4.0,2,1.0,69.0,,43.69276,-79.320768,2017-03-12 15:27:25.396434
17655727,58685317,Entire home/apt,,Bendale (127),0,0.0,4,2.0,65.0,,43.77418,-79.256176,2017-03-12 15:27:24.091932
12933767,71024953,Entire home/apt,,Bayview Village (52),11,3.5,3,0.0,65.0,,43.767189,-79.381531,2017-03-12 15:27:24.089860
10571514,54512253,Entire home/apt,,Oakridge (121),1,0.0,2,2.0,82.0,,43.695335,-79.27347,2017-03-12 15:27:24.087139
5404179,12742095,Entire home/apt,,Mount Pleasant West (104),8,4.5,6,2.0,75.0,,43.707768,-79.3949,2017-03-12 15:27:24.082938
3091305,14854684,Entire home/apt,,Woodbine-Lumsden (60),17,4.5,2,1.0,67.0,,43.694865,-79.304843,2017-03-12 15:27:24.079854
3013659,7994690,Entire home/apt,,Woburn (137),7,3.0,4,2.0,76.0,,43.778854,-79.249206,2017-03-12 15:27:24.074082
15477506,9522894,Entire home/apt,,Mount Pleasant East (99),1,0.0,4,1.0,65.0,,43.713832,-79.393354,2017-03-12 15:27:24.071990
14824926,49665792,Entire home/apt,,Broadview North (57),2,0.0,2,1.0,64.0,,43.694219,-79.351196,2017-03-12 15:27:24.069832
5404309,12742095,Entire home/apt,,Mount Pleasant West (104),16,5.0,4,1.0,65.0,,43.706244,-79.396031,2017-03-12 15:27:24.067020
3835866,6416635,Entire home/apt,,Woodbine-Lumsden (60),1,0.0,4,2.0,76.0,,43.691494,-79.30586,2017-03-12 15:27:24.064342
13028570,24823587,Entire home/apt,,Broadview North (57),19,5.0,2,0.0,68.0,,43.692751,-79.35053,2017-03-12 15:27:24.061852
13186391,73773966,Entire home/apt,,Agincourt South-Malvern West (128),1,0.0,4,1.0,65.0,,43.784623,-79.287528,2017-03-12 15:27:24.059462
616867,1027776,Entire home/apt,,Mount Pleasant West (104),13,2.5,4,2.0,75.0,,43.698245,-79.393293,2017-03-12 15:27:24.056664
11260147,58258712,Entire home/apt,,Mount Pleasant West (104),0,0.0,4,1.0,68.0,,43.712841,-79.39275,2017-03-12 15:27:24.052872
13970495,67808456,Entire home/apt,,Henry Farm (53),7,4.5,2,0.0,80.0,,43.773451,-79.339134,2017-03-12 15:27:22.800793
5587307,28969849,Entire home/apt,,Woburn (137),1,0.0,2,1.0,67.0,,43.750262,-79.230689,2017-03-12 15:27:22.796478
1997637,9110998,Entire home/apt,,Mount Pleasant West (104),0,0.0,2,1.0,69.0,,43.697972,-79.39397,2017-03-12 15:27:22.793401
6591543,32382103,Entire home/apt,,Bayview Village (52),2,0.0,4,1.0,76.0,,43.77046,-79.369027,2017-03-12 15:27:22.790412
14556937,29285094,Entire home/apt,,Mount Pleasant East (99),5,5.0,2,1.0,76.0,,43.709205,-79.390078,2017-03-12 15:27:22.781614
8072283,42640196,Entire home/apt,,Yonge-St.Clair (97),0,0.0,2,1.0,76.0,,43.697297,-79.404643,2017-03-12 15:27:22.779004
15996588,21245388,Entire home/apt,,Yonge-Eglinton (100),0,0.0,2,1.0,76.0,,43.70729,-79.399207,2017-03-12 15:27:22.776242
7202212,37708853,Entire home/apt,,Mount Pleasant East (99),0,0.0,2,1.0,69.0,,43.706019,-79.375953,2017-03-12 15:27:22.773439
12557121,68063974,Entire home/apt,,Mount Pleasant West (104),15,5.0,2,1.0,80.0,,43.711462,-79.395732,2017-03-12 15:27:21.342313
16313773,96693289,Entire home/apt,,Mount Pleasant West (104),5,4.5,9,1.0,64.0,,43.709511,-79.392625,2017-03-12 15:27:21.339737
3819087,13005065,Entire home/apt,,Mount Pleasant West (104),2,0.0,2,1.0,69.0,,43.701866,-79.390795,2017-03-12 15:27:21.335011
12655649,68752673,Entire home/apt,,Yonge-Eglinton (100),0,0.0,4,3.0,67.0,,43.710515,-79.405345,2017-03-12 15:27:21.332781
13996798,81944532,Entire home/apt,,Wexford/Maryvale (119),5,4.5,3,2.0,73.0,,43.730628,-79.302321,2017-03-12 15:27:21.328560
16230919,48013451,Entire home/apt,,Bayview Village (52),4,5.0,4,0.0,68.0,,43.769709,-79.382826,2017-03-12 15:27:21.326125
2154933,5961276,Entire home/apt,,Yonge-Eglinton (100),47,5.0,5,1.0,76.0,,43.705928,-79.40058,2017-03-12 15:27:21.322989
8994553,8608380,Entire home/apt,,Yonge-Eglinton (100),0,0.0,4,1.0,80.0,,43.708347,-79.401021,2017-03-12 15:27:21.320043
8650822,8837888,Entire home/apt,,Yonge-Eglinton (100),2,0.0,2,1.0,76.0,,43.710087,-79.400144,2017-03-12 15:27:21.316140
14842185,15378332,Entire home/apt,,Mount Pleasant West (104),2,0.0,4,1.0,66.0,,43.698968,-79.391578,2017-03-12 15:27:21.311808
14816224,63539646,Entire home/apt,,Yonge-St.Clair (97),5,4.5,2,1.0,69.0,,43.692608,-79.399425,2017-03-12 15:27:21.307676
4476725,23222172,Entire home/apt,,Agincourt North (129),3,4.5,3,1.0,69.0,,43.808402,-79.265824,2017-03-12 15:27:21.304860
14833169,18831098,Entire home/apt,,Yonge-Eglinton (100),1,0.0,4,1.0,76.0,,43.709901,-79.401571,2017-03-12 15:27:21.302208
16320524,106811345,Entire home/apt,,Mount Pleasant East (99),4,4.5,3,2.0,76.0,,43.695765,-79.394571,2017-03-12 15:27:21.299197
13655385,42875291,Entire home/apt,,Willowdale East (51),0,0.0,2,2.0,76.0,,43.764803,-79.393723,2017-03-12 15:27:17.951916
17422376,112337242,Entire home/apt,,Centennial Scarborough (133),0,0.0,7,0.0,65.0,,43.788519,-79.161111,2017-03-12 15:27:17.944658
16604043,94650801,Entire home/apt,,Taylor-Massey (61),0,0.0,2,1.0,76.0,,43.700652,-79.292637,2017-03-12 15:27:17.942618
6543469,15449749,Entire home/apt,,Mount Pleasant East (99),10,5.0,1,1.0,67.0,,43.710907,-79.387594,2017-03-12 15:27:17.938033
15173402,9746729,Entire home/apt,,Yonge-Eglinton (100),3,4.0,2,0.0,69.0,,43.695762,-79.396592,2017-03-12 15:27:17.931145
13659450,79381962,Entire home/apt,,Mount Pleasant West (104),4,5.0,3,0.0,65.0,,43.699831,-79.391719,2017-03-12 15:27:17.928178
15178523,94702060,Entire home/apt,,Lawrence Park South (103),2,0.0,2,1.0,76.0,,43.723025,-79.401981,2017-03-12 15:27:17.923630
13326402,59540850,Entire home/apt,,Ionview (125),6,5.0,4,2.0,67.0,,43.734665,-79.264097,2017-03-12 15:27:17.920600
17015374,114092604,Entire home/apt,,Bayview Village (52),0,0.0,4,2.0,73.0,,43.769959,-79.366097,2017-03-12 15:27:17.918156
15589506,100433116,Entire home/apt,,St.Andrew-Windfields (40),6,5.0,4,1.0,73.0,,43.764156,-79.382921,2017-03-12 15:27:14.365137
12610313,17463231,Entire home/apt,,Bayview Village (52),5,5.0,2,2.0,76.0,,43.764664,-79.382549,2017-03-12 15:27:14.361012
13996537,63750100,Entire home/apt,,Old East York (58),5,5.0,2,1.0,75.0,,43.6955,-79.329811,2017-03-12 15:27:14.358308
16633938,3452016,Entire home/apt,,Mount Pleasant West (104),7,5.0,4,1.0,70.0,,43.710862,-79.393419,2017-03-12 15:27:14.354122
15343695,19416309,Entire home/apt,,Centennial Scarborough (133),9,4.5,6,3.0,82.0,,43.785429,-79.1572,2017-03-12 15:27:14.351623
5308810,15018199,Entire home/apt,,Birchcliffe-Cliffside (122),3,4.5,6,2.0,76.0,,43.70729,-79.250543,2017-03-12 15:27:14.344417
16665978,102786570,Entire home/apt,,Mount Pleasant West (104),1,0.0,3,2.0,81.0,,43.706212,-79.397106,2017-03-12 15:27:14.341646
4023376,20858393,Entire home/apt,,Yonge-St.Clair (97),32,4.5,2,0.0,73.0,,43.692871,-79.395917,2017-03-12 15:27:14.338331
17526661,110986914,Entire home/apt,,Mount Pleasant West (104),0,0.0,4,1.0,75.0,,43.707449,-79.398505,2017-03-12 15:27:14.329057
16689825,110508026,Entire home/apt,,Mount Pleasant West (104),4,4.5,4,1.0,65.0,,43.699335,-79.395861,2017-03-12 15:27:14.326401
732562,3814089,Entire home/apt,,Leaside-Bennington (56),77,5.0,2,1.0,75.0,,43.714451,-79.363356,2017-03-12 15:27:14.323177
14714180,61782936,Entire home/apt,,Leaside-Bennington (56),4,5.0,2,1.0,65.0,,43.709557,-79.376486,2017-03-12 15:27:14.320459
9940824,30605156,Entire home/apt,,Old East York (58),42,5.0,6,2.0,69.0,,43.695994,-79.337658,2017-03-12 15:27:13.256339
10911687,30605156,Entire home/apt,,Old East York (58),51,4.5,4,0.0,65.0,,43.697274,-79.336708,2017-03-12 15:27:13.249908
2873662,6919355,Entire home/apt,,Scarborough Village (139),35,5.0,5,2.0,69.0,,43.747844,-79.211901,2017-03-12 15:27:13.244827
6079207,30177247,Entire home/apt,,O'Connor-Parkview (54),45,4.5,4,2.0,74.0,,43.709116,-79.303597,2017-03-12 15:27:13.240385
17611056,69111249,Entire home/apt,,Old East York (58),0,0.0,3,2.0,75.0,,43.69393,-79.339012,2017-03-12 15:27:13.238134
16274107,10202618,Entire home/apt,,Bayview Village (52),2,0.0,4,1.0,64.0,,43.767156,-79.384102,2017-03-12 15:27:13.235339
12357750,4124454,Entire home/apt,,O'Connor-Parkview (54),3,4.5,4,2.0,76.0,,43.711929,-79.306803,2017-03-12 15:27:13.232314
15392414,95205754,Entire home/apt,,Hillcrest Village (48),2,0.0,4,1.0,75.0,,43.805003,-79.362112,2017-03-12 15:27:13.229947
13769183,80780728,Entire home/apt,,West Hill (136),11,5.0,6,3.0,76.0,,43.776411,-79.171815,2017-03-12 15:27:13.218457
14147600,57296640,Entire home/apt,,Henry Farm (53),1,0.0,2,1.0,76.0,,43.77466,-79.345536,2017-03-12 15:27:13.212220
12813985,25118298,Entire home/apt,,Bayview Village (52),6,4.5,2,1.0,68.0,,43.764748,-79.38568,2017-03-12 15:27:13.201371
16811912,34451816,Entire home/apt,,Willowdale East (51),1,0.0,3,1.0,69.0,,43.758693,-79.402725,2017-03-12 15:27:11.681574
14667141,25278998,Entire home/apt,,Woburn (137),6,4.0,4,2.0,65.0,,43.762059,-79.212482,2017-03-12 15:27:11.676340
12186780,10533955,Entire home/apt,,Taylor-Massey (61),10,5.0,6,2.0,76.0,,43.692679,-79.296676,2017-03-12 15:27:11.673053
13961427,74151451,Entire home/apt,,Victoria Village (43),6,5.0,5,4.0,65.0,,43.724409,-79.310114,2017-03-12 15:27:11.669489
17358243,117270340,Entire home/apt,,Steeles (116),0,0.0,2,1.0,70.0,,43.815681,-79.327896,2017-03-12 15:27:11.661152
15311775,15240683,Entire home/apt,,Mount Pleasant West (104),24,5.0,2,1.0,69.0,,43.708834,-79.394729,2017-03-12 15:27:11.658377
1294952,7041335,Entire home/apt,,Taylor-Massey (61),61,4.5,3,1.0,69.0,,43.697311,-79.293819,2017-03-12 15:27:11.653797
17408104,115377944,Entire home/apt,,Don Valley Village (47),0,0.0,2,1.0,78.0,,43.775258,-79.348541,2017-03-12 15:27:11.647744
2359982,10338247,Entire home/apt,,Agincourt South-Malvern West (128),8,4.5,4,1.0,81.0,,43.779286,-79.282338,2017-03-12 15:27:11.641985
8395551,44235902,Entire home/apt,,Bayview Village (52),31,5.0,5,1.0,75.0,,43.770603,-79.370538,2017-03-12 15:27:11.638001
1955176,10059690,Entire home/apt,,Bayview Village (52),0,0.0,4,1.0,68.0,,43.770744,-79.368611,2017-03-12 15:27:11.632925
6538299,34194007,Entire home/apt,,Hillcrest Village (48),29,5.0,4,2.0,73.0,,43.80428,-79.364957,2017-03-12 15:27:10.317634
4471070,23194639,Entire home/apt,,Bendale (127),1,0.0,2,1.0,77.0,,43.750556,-79.238899,2017-03-12 15:27:10.309812
16028707,3098579,Entire home/apt,,Woodbine-Lumsden (60),2,0.0,4,2.0,69.0,,43.693728,-79.307863,2017-03-12 15:27:10.305810
1416753,1108156,Entire home/apt,,Birchcliffe-Cliffside (122),5,4.5,4,2.0,73.0,,43.703433,-79.260156,2017-03-12 15:27:10.301251
13559675,78117230,Entire home/apt,,Banbury-Don Mills (42),2,0.0,2,1.0,68.0,,43.742519,-79.354495,2017-03-12 15:27:10.293845
16481467,108203534,Entire home/apt,,Bayview Village (52),3,4.0,4,1.0,70.0,,43.76853,-79.368855,2017-03-12 15:27:10.285210
8578715,45149478,Entire home/apt,,Scarborough Village (139),21,4.5,3,1.0,64.0,,43.731895,-79.212591,2017-03-12 15:27:10.282522
8282794,43673623,Entire home/apt,,Willowdale East (51),0,0.0,2,1.0,76.0,,43.756584,-79.403776,2017-03-12 15:27:08.947432
2267889,5927200,Entire home/apt,,Oakridge (121),96,4.5,5,2.0,73.0,,43.697368,-79.270367,2017-03-12 15:27:08.944678
11184163,58214591,Entire home/apt,,Mount Pleasant West (104),5,5.0,2,1.0,76.0,,43.69737,-79.396005,2017-03-12 15:27:08.942359
15026529,93358127,Entire home/apt,,Kennedy Park (124),7,4.5,7,3.0,69.0,,43.724509,-79.263968,2017-03-12 15:27:08.938137
13413903,43130053,Entire home/apt,,Clairlea-Birchmount (120),11,5.0,4,2.0,75.0,,43.708699,-79.294174,2017-03-12 15:27:08.935005
7063605,37039061,Entire home/apt,,Mount Pleasant West (104),19,5.0,2,1.0,76.0,,43.710153,-79.395919,2017-03-12 15:27:08.931196
15791358,92032409,Entire home/apt,,Bendale (127),1,0.0,5,3.0,76.0,,43.76147,-79.266395,2017-03-12 15:27:08.925290
14111352,35338653,Entire home/apt,,Kennedy Park (124),16,4.5,4,1.0,73.0,,43.725601,-79.262709,2017-03-12 15:27:08.920899
16547751,108926618,Entire home/apt,,Willowdale East (51),5,5.0,4,1.0,64.0,,43.764969,-79.392882,2017-03-12 15:27:08.918350
5030986,4166254,Entire home/apt,,Roncesvalles (86),22,4.5,2,0.0,69.0,,43.645606,-79.435513,2017-03-12 15:27:00.934802
16601188,38634275,Entire home/apt,,Little Portugal (84),8,5.0,2,0.0,76.0,,43.6523,-79.433678,2017-03-12 15:27:00.931648
17541218,116459614,Entire home/apt,,Newtonbrook West (36),0,0.0,3,2.0,67.0,,43.781211,-79.416388,2017-03-12 15:27:00.929423
13706807,2317441,Entire home/apt,,Dufferin Grove (83),7,5.0,2,1.0,73.0,,43.657754,-79.445256,2017-03-12 15:27:00.924192
5773305,29952236,Entire home/apt,,Niagara (82),129,4.5,2,0.0,75.0,,43.644728,-79.409882,2017-03-12 15:27:00.920857
13411158,7450351,Entire home/apt,,South Parkdale (85),0,0.0,2,1.0,68.0,,43.637001,-79.438782,2017-03-12 15:27:00.918025
15580869,49410148,Entire home/apt,,Waterfront Communities-The Island (77),14,5.0,3,1.0,75.0,,43.641794,-79.4008,2017-03-12 15:27:00.915701
15740175,92424876,Entire home/apt,,Bay Street Corridor (76),9,4.5,2,1.0,69.0,,43.650901,-79.383089,2017-03-12 15:27:00.912984
17294857,71820266,Entire home/apt,,Waterfront Communities-The Island (77),0,0.0,2,1.0,73.0,,43.648845,-79.394578,2017-03-12 15:27:00.910690
59135,30091,Entire home/apt,,Waterfront Communities-The Island (77),133,5.0,2,1.0,75.0,,43.642412,-79.380656,2017-03-12 15:27:00.904903
16812462,111819618,Entire home/apt,,Mount Pleasant East (99),4,5.0,2,1.0,69.0,,43.704286,-79.375136,2017-03-12 15:27:00.900999
13346707,28315962,Entire home/apt,,Kensington-Chinatown (78),44,5.0,2,0.0,75.0,,43.647725,-79.403567,2017-03-12 15:27:00.897823
14691049,91311482,Entire home/apt,,Palmerston-Little Italy (80),27,4.5,5,2.0,78.0,,43.66094,-79.423627,2017-03-12 15:26:59.379266
17120484,109236631,Entire home/apt,,Willowdale East (51),6,5.0,3,1.0,75.0,,43.758816,-79.409256,2017-03-12 15:26:59.376659
14222386,82134869,Entire home/apt,,Waterfront Communities-The Island (77),47,4.5,3,1.0,75.0,,43.642647,-79.383389,2017-03-12 15:26:59.372150
16404637,99211545,Entire home/apt,,Yonge-Eglinton (100),1,0.0,4,2.0,69.0,,43.702312,-79.404627,2017-03-12 15:26:59.368793
12638950,21339871,Entire home/apt,,Waterfront Communities-The Island (77),60,5.0,4,1.0,76.0,,43.644539,-79.402486,2017-03-12 15:26:59.365017
15087944,63880664,Entire home/apt,,Waterfront Communities-The Island (77),19,5.0,4,1.0,80.0,,43.641368,-79.382899,2017-03-12 15:26:59.359380
12207102,65646014,Entire home/apt,,Clanton Park (33),30,5.0,4,1.0,76.0,,43.744429,-79.448855,2017-03-12 15:26:59.219038
17240473,88591796,Entire home/apt,,Mount Pleasant West (104),1,0.0,3,1.0,75.0,,43.707013,-79.394807,2017-03-12 15:26:59.058784
14237314,7475466,Entire home/apt,,Dufferin Grove (83),41,4.5,4,2.0,63.0,,43.653273,-79.436358,2017-03-12 15:26:58.969143
4090549,18324777,Entire home/apt,,Palmerston-Little Italy (80),71,4.5,3,1.0,69.0,,43.660458,-79.425916,2017-03-12 15:26:58.964339
9137573,19752554,Entire home/apt,,Palmerston-Little Italy (80),2,0.0,2,2.0,75.0,,43.656198,-79.419648,2017-03-12 15:26:57.938572
1254468,3406595,Entire home/apt,,Trinity-Bellwoods (81),25,5.0,2,1.0,76.0,,43.647815,-79.417476,2017-03-12 15:26:57.935781
17123875,71515756,Entire home/apt,,Henry Farm (53),0,0.0,3,1.0,76.0,,43.774315,-79.345753,2017-03-12 15:26:57.933182
11991308,28621092,Entire home/apt,,Forest Hill South (101),12,5.0,2,1.0,75.0,,43.689061,-79.414604,2017-03-12 15:26:57.930875
11359841,7680784,Entire home/apt,,Oakwood Village (107),86,5.0,4,2.0,76.0,,43.686416,-79.440613,2017-03-12 15:26:57.927993
17142303,84721968,Entire home/apt,,Niagara (82),2,0.0,1,0.0,75.0,,43.64112,-79.421476,2017-03-12 15:26:57.925564
7857228,3406595,Entire home/apt,,Trinity-Bellwoods (81),29,4.5,2,1.0,65.0,,43.64669,-79.415589,2017-03-12 15:26:57.922271
11667594,30551517,Entire home/apt,,Waterfront Communities-The Island (77),84,5.0,4,1.0,80.0,,43.647239,-79.391957,2017-03-12 15:26:57.919157
16738381,6056875,Entire home/apt,,Annex (95),3,5.0,3,1.0,69.0,,43.670852,-79.393276,2017-03-12 15:26:57.916000
17281737,28261133,Entire home/apt,,Palmerston-Little Italy (80),1,0.0,3,1.0,73.0,,43.657929,-79.424282,2017-03-12 15:26:57.913402
5518466,25958395,Entire home/apt,,Willowdale West (37),17,5.0,2,1.0,76.0,,43.773858,-79.414385,2017-03-12 15:26:57.908315
5069604,1157848,Entire home/apt,,Trinity-Bellwoods (81),90,5.0,3,1.0,76.0,,43.652158,-79.409309,2017-03-12 15:26:57.902186
17240090,39273046,Entire home/apt,,Bridle Path-Sunnybrook-York Mills (41),0,0.0,4,2.0,76.0,,43.712793,-79.379661,2017-03-12 15:26:57.897407
17668651,9681495,Entire home/apt,,Waterfront Communities-The Island (77),0,0.0,4,2.0,76.0,,43.643368,-79.400563,2017-03-12 15:26:57.894948
16219975,23705522,Entire home/apt,,Waterfront Communities-The Island (77),2,0.0,3,0.0,75.0,,43.647559,-79.393134,2017-03-12 15:26:57.890276
6076136,31538659,Entire home/apt,,Waterfront Communities-The Island (77),16,5.0,2,1.0,75.0,,43.649447,-79.364829,2017-03-12 15:26:56.388670
17027329,38357448,Entire home/apt,,Leaside-Bennington (56),1,0.0,3,0.0,79.0,,43.713887,-79.36331,2017-03-12 15:26:56.384998
16860374,102770641,Entire home/apt,,Waterfront Communities-The Island (77),2,0.0,5,1.0,68.0,,43.642689,-79.382403,2017-03-12 15:26:56.382833
14549864,90046768,Entire home/apt,,Dufferin Grove (83),9,5.0,2,0.0,75.0,,43.655088,-79.436872,2017-03-12 15:26:56.380461
14891312,21245388,Entire home/apt,,Waterfront Communities-The Island (77),23,5.0,2,0.0,75.0,,43.646372,-79.39452,2017-03-12 15:26:56.378159
14798521,92424876,Entire home/apt,,South Parkdale (85),27,4.5,6,2.0,76.0,,43.641198,-79.426993,2017-03-12 15:26:56.375788
17186225,18801658,Entire home/apt,,Mount Pleasant West (104),3,4.5,3,0.0,69.0,,43.712054,-79.395985,2017-03-12 15:26:56.373420
17592865,58847907,Entire home/apt,,Ionview (125),0,0.0,4,2.0,76.0,,43.729824,-79.270474,2017-03-12 15:26:56.369714
16898722,92635593,Entire home/apt,,Annex (95),8,5.0,4,1.0,73.0,,43.673656,-79.402631,2017-03-12 15:26:56.367498
16946863,72574080,Entire home/apt,,University (79),1,0.0,4,2.0,76.0,,43.659106,-79.402124,2017-03-12 15:26:56.363860
13715751,79920634,Entire home/apt,,Waterfront Communities-The Island (77),41,5.0,4,1.0,80.0,,43.6425,-79.381132,2017-03-12 15:26:56.359895
14370170,88154664,Entire home/apt,,Niagara (82),10,5.0,2,0.0,76.0,,43.638453,-79.415549,2017-03-12 15:26:56.355968
16347899,17602902,Entire home/apt,,Church-Yonge Corridor (75),12,5.0,6,2.0,73.0,,43.664654,-79.382042,2017-03-12 15:26:55.715739
11376846,6896791,Entire home/apt,,Niagara (82),8,4.5,4,1.0,74.0,,43.636869,-79.404526,2017-03-12 15:26:55.707065
14369423,15480265,Entire home/apt,,Waterfront Communities-The Island (77),30,5.0,4,1.0,75.0,,43.639603,-79.380754,2017-03-12 15:26:55.704174
1523547,164481,Entire home/apt,,Annex (95),126,4.5,6,1.0,75.0,,43.666698,-79.405425,2017-03-12 15:26:55.701782
11229736,7232476,Entire home/apt,,Waterfront Communities-The Island (77),50,5.0,3,1.0,76.0,,43.641454,-79.381216,2017-03-12 15:26:55.699529
14624305,2575586,Entire home/apt,,Bay Street Corridor (76),21,4.0,3,1.0,75.0,,43.665356,-79.385086,2017-03-12 15:26:55.692894
6779550,22410756,Entire home/apt,,The Beaches (63),17,5.0,4,1.0,81.0,,43.668961,-79.308123,2017-03-12 15:26:55.689750
2473152,1444911,Entire home/apt,,Waterfront Communities-The Island (77),16,5.0,3,1.0,80.0,,43.64156,-79.401635,2017-03-12 15:26:55.685533
6795531,35570115,Entire home/apt,,South Parkdale (85),10,4.5,3,1.0,75.0,,43.636759,-79.466979,2017-03-12 15:26:55.682996
16295181,1985119,Entire home/apt,,Trinity-Bellwoods (81),0,0.0,2,1.0,76.0,,43.651136,-79.41112,2017-03-12 15:26:55.680706
8328037,1240920,Entire home/apt,,Little Portugal (84),27,4.5,2,0.0,76.0,,43.644909,-79.423584,2017-03-12 15:26:55.677896
16194144,105757665,Entire home/apt,,Moss Park (73),1,0.0,2,1.0,75.0,,43.65089,-79.368792,2017-03-12 15:26:54.087505
14550649,70659143,Entire home/apt,,Annex (95),40,4.5,4,1.0,70.0,,43.673742,-79.402966,2017-03-12 15:26:54.084451
14630928,86295816,Entire home/apt,,Niagara (82),23,5.0,4,1.0,75.0,,43.639788,-79.417426,2017-03-12 15:26:54.081916
15042814,43110188,Entire home/apt,,Waterfront Communities-The Island (77),4,5.0,4,1.0,75.0,,43.643628,-79.402069,2017-03-12 15:26:54.079515
14962575,30872225,Entire home/apt,,Yonge-Eglinton (100),4,5.0,2,1.0,76.0,,43.706612,-79.398429,2017-03-12 15:26:54.077066
16813349,2124835,Entire home/apt,,South Parkdale (85),1,0.0,4,1.0,75.0,,43.640049,-79.423945,2017-03-12 15:26:54.074466
1299374,7065012,Entire home/apt,,East End-Danforth (62),41,4.5,3,1.0,69.0,,43.678276,-79.309597,2017-03-12 15:27:50.393916
15942313,80072365,Entire home/apt,,North St.James Town (74),40,5.0,2,1.0,65.0,,43.66738,-79.37639,2017-03-12 15:27:50.391509
16845710,112168344,Entire home/apt,,Waterfront Communities-The Island (77),0,0.0,2,1.0,73.0,,43.641687,-79.38258,2017-03-12 15:27:49.405171
14770019,86295816,Entire home/apt,,Waterfront Communities-The Island (77),31,4.5,4,1.0,76.0,,43.642476,-79.396867,2017-03-12 15:27:49.402293
12267265,62161187,Entire home/apt,,Church-Yonge Corridor (75),3,5.0,2,1.0,73.0,,43.652882,-79.374507,2017-03-12 15:27:49.399270
3124971,15688801,Entire home/apt,,Waterfront Communities-The Island (77),91,4.5,2,1.0,68.0,,43.639442,-79.396798,2017-03-12 15:27:49.396279
5016678,5059937,Entire home/apt,,South Riverdale (70),34,5.0,2,1.0,75.0,,43.662169,-79.352518,2017-03-12 15:27:49.393444
15025596,44447411,Entire home/apt,,Regent Park (72),20,4.5,3,1.0,76.0,,43.660147,-79.363349,2017-03-12 15:27:49.390873
11510141,51843293,Entire home/apt,,Waterfront Communities-The Island (77),64,5.0,4,1.0,76.0,,43.643945,-79.390047,2017-03-12 15:27:49.386217
17569738,69717388,Entire home/apt,,South Riverdale (70),0,0.0,2,1.0,76.0,,43.658606,-79.349112,2017-03-12 15:27:49.383596
13486401,7168251,Entire home/apt,,South Riverdale (70),0,0.0,2,1.0,76.0,,43.671434,-79.329978,2017-03-12 15:27:49.370755
6660761,23760090,Entire home/apt,,South Riverdale (70),39,5.0,2,1.0,75.0,,43.660681,-79.336491,2017-03-12 15:27:49.368539
15439029,98997709,Entire home/apt,,South Riverdale (70),5,5.0,3,1.0,76.0,,43.664688,-79.34074,2017-03-12 15:27:48.065779
17491409,2571682,Entire home/apt,,Moss Park (73),1,0.0,2,0.0,76.0,,43.652534,-79.368858,2017-03-12 15:27:48.063602
5434497,25417013,Entire home/apt,,Waterfront Communities-The Island (77),62,4.5,2,1.0,75.0,,43.639915,-79.396088,2017-03-12 15:27:48.061149
16553647,108988081,Entire home/apt,,Greenwood-Coxwell (65),1,0.0,5,0.0,69.0,,43.672008,-79.322376,2017-03-12 15:27:48.057541
16480612,2250129,Entire home/apt,,Waterfront Communities-The Island (77),4,5.0,4,2.0,67.0,,43.638622,-79.386478,2017-03-12 15:27:48.054952
15851526,39478465,Entire home/apt,,Bay Street Corridor (76),8,5.0,2,1.0,76.0,,43.659998,-79.386082,2017-03-12 15:27:48.050446
2969462,10624993,Entire home/apt,,Waterfront Communities-The Island (77),72,5.0,2,1.0,75.0,,43.644012,-79.381682,2017-03-12 15:27:48.046653
6324947,32900467,Entire home/apt,,Moss Park (73),49,5.0,2,1.0,75.0,,43.652668,-79.371785,2017-03-12 15:27:48.043715
12666311,68811868,Entire home/apt,,Waterfront Communities-The Island (77),48,5.0,4,1.0,75.0,,43.642838,-79.381041,2017-03-12 15:27:48.041483
13765249,79920634,Entire home/apt,,Waterfront Communities-The Island (77),24,5.0,4,1.0,80.0,,43.641365,-79.382584,2017-03-12 15:27:46.821864
17007429,11276661,Entire home/apt,,Waterfront Communities-The Island (77),5,5.0,2,1.0,75.0,,43.653337,-79.353535,2017-03-12 15:27:46.807688
7330089,36748838,Entire home/apt,,South Riverdale (70),32,5.0,2,1.0,76.0,,43.671183,-79.328522,2017-03-12 15:27:46.805158
6626239,34682083,Entire home/apt,,Lawrence Park South (103),6,4.5,6,4.0,69.0,,43.723489,-79.404149,2017-03-12 15:27:45.863173
13495279,41469030,Entire home/apt,,Briar Hill-Belgravia (108),4,4.0,3,1.0,67.0,,43.703292,-79.447972,2017-03-12 15:27:45.859038
15771783,97542710,Entire home/apt,,Junction Area (90),11,4.5,4,2.0,76.0,,43.664618,-79.463247,2017-03-12 15:26:54.072008
15982587,6527566,Entire home/apt,,Waterfront Communities-The Island (77),2,0.0,3,1.0,74.0,,43.640629,-79.396873,2017-03-12 15:26:54.068661
6104093,31672341,Entire home/apt,,South Riverdale (70),61,5.0,2,0.0,73.0,,43.661089,-79.334621,2017-03-12 15:26:54.062121
15234460,44174240,Entire home/apt,,Niagara (82),2,0.0,2,1.0,76.0,,43.640761,-79.416587,2017-03-12 15:26:54.058877
16977384,31433244,Entire home/apt,,Bay Street Corridor (76),0,0.0,1,0.0,76.0,,43.656697,-79.382616,2017-03-12 15:26:54.056533
17544398,117779063,Entire home/apt,,Niagara (82),0,0.0,2,1.0,75.0,,43.640127,-79.415121,2017-03-12 15:26:54.051842
6349559,33078730,Entire home/apt,,Waterfront Communities-The Island (77),46,5.0,2,1.0,73.0,,43.640615,-79.397838,2017-03-12 15:26:54.048833
7069679,3982898,Entire home/apt,,Cabbagetown-South St.James Town (71),16,5.0,2,0.0,76.0,,43.664106,-79.372201,2017-03-12 15:26:54.045871
6298013,26732102,Entire home/apt,,Niagara (82),62,4.5,3,1.0,76.0,,43.640431,-79.416268,2017-03-12 15:26:54.040554
16401307,2894421,Entire home/apt,,Waterfront Communities-The Island (77),2,0.0,2,1.0,76.0,,43.643338,-79.389664,2017-03-12 15:26:54.037266
12891524,70659143,Entire home/apt,,Annex (95),89,4.5,4,0.0,73.0,,43.671745,-79.400765,2017-03-12 15:26:52.435041
15903206,19461277,Entire home/apt,,Church-Yonge Corridor (75),59,4.5,4,0.0,75.0,,43.655499,-79.37518,2017-03-12 15:26:52.430266
13527303,21245388,Entire home/apt,,The Beaches (63),5,5.0,4,1.0,75.0,,43.675088,-79.304721,2017-03-12 15:26:52.427269
14095037,64960045,Entire home/apt,,Regent Park (72),9,4.5,2,1.0,75.0,,43.663447,-79.356793,2017-03-12 15:26:52.421278
7822171,7809403,Entire home/apt,,Waterfront Communities-The Island (77),40,5.0,2,1.0,76.0,,43.642562,-79.382511,2017-03-12 15:26:52.416618
16976552,49756877,Entire home/apt,,Niagara (82),0,0.0,4,1.0,69.0,,43.637369,-79.415491,2017-03-12 15:26:52.413678
9857301,15433871,Entire home/apt,,Bay Street Corridor (76),14,4.5,4,1.0,77.0,,43.665454,-79.387688,2017-03-12 15:26:52.411048
14797836,92424876,Entire home/apt,,Niagara (82),24,4.5,4,1.0,76.0,,43.637831,-79.413632,2017-03-12 15:26:52.408847
6134584,2342120,Entire home/apt,,Dufferin Grove (83),63,5.0,3,1.0,77.0,,43.658882,-79.440202,2017-03-12 15:26:52.405699
17165974,94553985,Entire home/apt,,Lawrence Park North (105),7,4.0,4,1.0,73.0,,43.725779,-79.404514,2017-03-12 15:26:52.403212
16755620,9280498,Entire home/apt,,Church-Yonge Corridor (75),5,5.0,3,1.0,69.0,,43.648983,-79.375848,2017-03-12 15:26:52.398660
14419035,88717229,Entire home/apt,,Little Portugal (84),5,4.5,2,1.0,69.0,,43.643121,-79.424475,2017-03-12 15:26:52.393424
1066718,5867364,Entire home/apt,,Niagara (82),243,5.0,2,1.0,65.0,,43.642482,-79.405302,2017-03-12 15:26:51.665708
7277302,9669356,Entire home/apt,,Niagara (82),69,5.0,2,1.0,76.0,,43.642326,-79.413549,2017-03-12 15:26:51.662891
12988600,33288878,Entire home/apt,,Bedford Park-Nortown (39),32,5.0,6,3.0,69.0,,43.717115,-79.427468,2017-03-12 15:26:51.660663
6743931,12082919,Entire home/apt,,Little Portugal (84),14,4.5,2,1.0,76.0,,43.648412,-79.425407,2017-03-12 15:26:51.658233
14057602,25513156,Entire home/apt,,Moss Park (73),51,4.5,2,0.0,65.0,,43.655894,-79.369858,2017-03-12 15:26:51.654712
6273842,30654608,Entire home/apt,,Dufferin Grove (83),142,5.0,4,1.0,69.0,,43.658646,-79.435653,2017-03-12 15:26:51.651991
14872145,52269380,Entire home/apt,,Annex (95),25,4.5,2,1.0,80.0,,43.671184,-79.391469,2017-03-12 15:26:51.648303
15589849,86957929,Entire home/apt,,Waterfront Communities-The Island (77),16,5.0,4,1.0,80.0,,43.642195,-79.38241,2017-03-12 15:26:51.644565
10873653,30605156,Entire home/apt,,Old East York (58),80,5.0,4,0.0,69.0,,43.697527,-79.334804,2017-03-12 15:26:51.641890
16413614,102016257,Entire home/apt,,Dovercourt-Wallace Emerson-Junction (93),13,4.5,6,2.0,71.0,,43.663981,-79.434681,2017-03-12 15:26:51.639606
13936891,82853157,Entire home/apt,,Waterfront Communities-The Island (77),41,5.0,4,1.0,75.0,,43.649689,-79.389031,2017-03-12 15:26:51.633843
11971564,63118820,Entire home/apt,,Niagara (82),52,4.5,4,1.0,75.0,,43.636748,-79.406816,2017-03-12 15:26:51.629394
16231586,48154374,Entire home/apt,,Moss Park (73),7,5.0,2,1.0,65.0,,43.654785,-79.372801,2017-03-12 15:26:50.488693
14774496,91005566,Entire home/apt,,Waterfront Communities-The Island (77),29,4.5,3,1.0,78.0,,43.64272,-79.38069,2017-03-12 15:26:50.486644
13361775,29451009,Entire home/apt,,Mount Pleasant West (104),40,5.0,3,1.0,65.0,,43.696892,-79.394932,2017-03-12 15:26:50.483770
16263700,43110188,Entire home/apt,,Willowdale East (51),3,5.0,2,0.0,65.0,,43.762913,-79.406721,2017-03-12 15:26:50.481308
15818850,6754759,Entire home/apt,,Yonge-St.Clair (97),4,5.0,4,1.0,65.0,,43.695094,-79.399657,2017-03-12 15:26:50.476492
17173880,115540986,Entire home/apt,,Waterfront Communities-The Island (77),0,0.0,5,1.0,76.0,,43.641903,-79.382897,2017-03-12 15:26:50.472334
3877705,15303501,Entire home/apt,,South Riverdale (70),115,5.0,2,1.0,68.0,,43.665577,-79.339317,2017-03-12 15:26:50.468481
16134309,6209115,Entire home/apt,,Little Portugal (84),14,5.0,3,1.0,70.0,,43.643409,-79.424313,2017-03-12 15:26:50.466290
5243014,2927540,Entire home/apt,,Waterfront Communities-The Island (77),185,4.5,2,1.0,75.0,,43.647634,-79.392885,2017-03-12 15:26:50.463301
13770273,80794659,Entire home/apt,,Dufferin Grove (83),46,5.0,2,0.0,64.0,,43.654892,-79.442117,2017-03-12 15:26:50.460836
13879930,31397994,Entire home/apt,,Waterfront Communities-The Island (77),90,5.0,3,1.0,73.0,,43.641664,-79.380751,2017-03-12 15:26:50.457883
11202679,58333666,Entire home/apt,,Junction Area (90),44,5.0,4,1.0,65.0,,43.661474,-79.480465,2017-03-12 15:26:50.455203
6911157,10795093,Entire home/apt,,Niagara (82),97,5.0,4,1.0,75.0,,43.634365,-79.40717,2017-03-12 15:26:50.452505
17381965,1916749,Entire home/apt,,University (79),2,0.0,2,1.0,68.0,,43.658827,-79.408602,2017-03-12 15:26:50.449768
16572544,85738076,Entire home/apt,,Forest Hill South (101),1,0.0,4,2.0,65.0,,43.685563,-79.413817,2017-03-12 15:26:50.447314
14463531,89119739,Entire home/apt,,South Parkdale (85),46,5.0,4,1.0,67.0,,43.641213,-79.425596,2017-03-12 15:26:50.444170
1880721,528948,Entire home/apt,,Kensington-Chinatown (78),198,4.5,6,2.0,78.0,,43.655135,-79.403492,2017-03-12 15:26:48.968734
9562895,49369788,Entire home/apt,,Church-Yonge Corridor (75),12,4.5,3,2.0,75.0,,43.669885,-79.384692,2017-03-12 15:26:48.965719
7611889,3137706,Entire home/apt,,Little Portugal (84),46,5.0,2,1.0,69.0,,43.644755,-79.425741,2017-03-12 15:26:48.962916
15997719,103895855,Entire home/apt,,University (79),27,4.5,2,1.0,69.0,,43.6656,-79.408834,2017-03-12 15:26:48.960213
14808010,91090459,Entire home/apt,,High Park North (88),10,4.5,2,1.0,76.0,,43.658166,-79.4663,2017-03-12 15:26:48.958018
7386870,19659499,Entire home/apt,,Niagara (82),54,5.0,2,1.0,78.0,,43.637088,-79.405142,2017-03-12 15:26:48.955599
13992469,11843906,Entire home/apt,,Waterfront Communities-The Island (77),2,0.0,2,1.0,73.0,,43.640641,-79.39701,2017-03-12 15:26:48.949578
6019570,24750456,Entire home/apt,,Waterfront Communities-The Island (77),121,5.0,3,1.0,73.0,,43.640741,-79.374678,2017-03-12 15:26:48.946753
5269770,27277381,Entire home/apt,,Bay Street Corridor (76),176,5.0,4,1.0,75.0,,43.654818,-79.388147,2017-03-12 15:26:48.944142
12396450,2929685,Entire home/apt,,Niagara (82),36,4.5,5,2.0,75.0,,43.635394,-79.408172,2017-03-12 15:26:48.941516
13714921,19461277,Entire home/apt,,Church-Yonge Corridor (75),109,4.5,4,1.0,75.0,,43.655591,-79.375758,2017-03-12 15:26:48.937960
5041028,26025243,Entire home/apt,,Roncesvalles (86),109,5.0,2,1.0,69.0,,43.647977,-79.447556,2017-03-12 15:26:48.934911
15929160,45861303,Entire home/apt,,South Parkdale (85),5,4.5,2,1.0,73.0,,43.638257,-79.444193,2017-03-12 15:26:48.932838
13624698,17589989,Entire home/apt,,Dovercourt-Wallace Emerson-Junction (93),34,5.0,5,1.0,73.0,,43.662306,-79.430542,2017-03-12 15:26:48.930801
6911387,36079934,Entire home/apt,,Waterfront Communities-The Island (77),68,5.0,2,1.0,70.0,,43.643153,-79.381246,2017-03-12 15:26:48.928046
17331195,117016183,Entire home/apt,,Waterfront Communities-The Island (77),8,5.0,4,1.0,75.0,,43.649579,-79.391596,2017-03-12 15:26:47.214120
14691748,101250467,Entire home/apt,,Clairlea-Birchmount (120),10,5.0,5,3.0,75.0,,43.704535,-79.29039,2017-03-12 15:26:47.211056
13065633,17983288,Entire home/apt,,Yorkdale-Glen Park (31),53,4.5,4,1.0,67.0,,43.712762,-79.454047,2017-03-12 15:26:47.207356
15484771,40403891,Entire home/apt,,Cabbagetown-South St.James Town (71),21,5.0,2,0.0,69.0,,43.664633,-79.376107,2017-03-12 15:26:47.205192
8205954,6744997,Entire home/apt,,Yonge-St.Clair (97),43,5.0,2,1.0,73.0,,43.687033,-79.400691,2017-03-12 15:26:47.202159
17364773,117328727,Entire home/apt,,Waterfront Communities-The Island (77),0,0.0,2,0.0,76.0,,43.639166,-79.380615,2017-03-12 15:26:47.198349
17364702,117327783,Entire home/apt,,Bay Street Corridor (76),1,0.0,5,1.0,76.0,,43.666033,-79.385097,2017-03-12 15:26:47.196076
5942478,29938723,Entire home/apt,,Moss Park (73),154,5.0,4,1.0,76.0,,43.659725,-79.370364,2017-03-12 15:26:47.193345
16652894,99211545,Entire home/apt,,Yonge-Eglinton (100),2,0.0,4,2.0,72.0,,43.702432,-79.406055,2017-03-12 15:26:47.188916
14251781,5878034,Entire home/apt,,Waterfront Communities-The Island (77),30,4.5,2,0.0,69.0,,43.64228,-79.398287,2017-03-12 15:26:47.184261
5591851,8304046,Entire home/apt,,Roncesvalles (86),98,4.5,3,1.0,67.0,,43.651654,-79.446192,2017-03-12 15:26:47.181444
6385103,33283897,Entire home/apt,,Greenwood-Coxwell (65),32,4.5,2,0.0,67.0,,43.682343,-79.32582,2017-03-12 15:26:47.177425
5557092,3568928,Entire home/apt,,Waterfront Communities-The Island (77),175,5.0,4,1.0,67.0,,43.648439,-79.392135,2017-03-12 15:26:47.174812
15237607,96872266,Entire home/apt,,Waterfront Communities-The Island (77),16,5.0,4,1.0,76.0,,43.640517,-79.393461,2017-03-12 15:26:47.172124
17609952,48204283,Entire home/apt,,Waterfront Communities-The Island (77),0,0.0,3,1.0,76.0,,43.637737,-79.39911,2017-03-12 15:26:46.162136
10287803,5407081,Entire home/apt,,Waterfront Communities-The Island (77),48,5.0,2,1.0,73.0,,43.64668,-79.390199,2017-03-12 15:26:46.159441
16302376,106664220,Entire home/apt,,Kensington-Chinatown (78),6,4.5,2,0.0,76.0,,43.656135,-79.403318,2017-03-12 15:26:46.157092
13546410,17582804,Entire home/apt,,Palmerston-Little Italy (80),14,4.5,2,1.0,73.0,,43.658839,-79.428218,2017-03-12 15:26:46.154369
13573430,41186280,Entire home/apt,,Kensington-Chinatown (78),52,5.0,2,0.0,73.0,,43.649726,-79.396879,2017-03-12 15:26:46.151363
9975236,6111020,Entire home/apt,,Waterfront Communities-The Island (77),37,5.0,3,1.0,76.0,,43.647303,-79.393542,2017-03-12 15:26:46.145029
17120253,113914560,Entire home/apt,,Waterfront Communities-The Island (77),0,0.0,4,1.0,74.0,,43.642291,-79.382593,2017-03-12 15:26:46.142730
13139555,6726307,Entire home/apt,,The Beaches (63),60,4.5,3,0.0,65.0,,43.670161,-79.28924,2017-03-12 15:26:46.139679
15799955,26414114,Entire home/apt,,Junction Area (90),0,0.0,3,1.0,73.0,,43.662876,-79.466491,2017-03-12 15:26:46.137503
17560195,19002765,Entire home/apt,,South Parkdale (85),0,0.0,2,1.0,65.0,,43.640631,-79.423615,2017-03-12 15:26:46.135360
12447108,67340276,Entire home/apt,,Waterfront Communities-The Island (77),122,5.0,2,1.0,76.0,,43.643902,-79.390399,2017-03-12 15:26:46.132010
8547649,44996460,Entire home/apt,,Kingsway South (15),70,5.0,2,1.0,75.0,,43.654897,-79.515402,2017-03-12 15:26:46.128990
15190948,96444001,Entire home/apt,,Niagara (82),44,5.0,4,1.0,75.0,,43.636798,-79.401117,2017-03-12 15:26:46.123565
16272216,83782298,Entire home/apt,,South Parkdale (85),16,4.5,2,1.0,69.0,,43.639173,-79.422957,2017-03-12 15:26:46.121149
1902398,9877067,Entire home/apt,,Waterfront Communities-The Island (77),147,4.5,3,1.0,75.0,,43.640936,-79.400972,2017-03-12 15:26:46.118311
16424771,20938233,Entire home/apt,,Waterfront Communities-The Island (77),26,4.5,4,1.0,73.0,,43.641149,-79.396294,2017-03-12 15:26:46.115144
3012976,332489,Entire home/apt,,Moss Park (73),225,4.5,2,0.0,69.0,,43.65568,-79.368506,2017-03-12 15:26:44.507426
609553,1391233,Entire home/apt,,Kensington-Chinatown (78),96,5.0,2,1.0,75.0,,43.653347,-79.390011,2017-03-12 15:26:44.502617
12850706,40510045,Entire home/apt,,Annex (95),71,4.5,6,0.0,73.0,,43.673822,-79.401484,2017-03-12 15:26:44.499360
17637919,7958184,Entire home/apt,,Palmerston-Little Italy (80),0,0.0,3,3.0,76.0,,43.654935,-79.425648,2017-03-12 15:26:44.496827
7325644,25820238,Entire home/apt,,South Riverdale (70),10,4.5,2,1.0,76.0,,43.66668,-79.346386,2017-03-12 15:26:44.490999
15630695,589014,Entire home/apt,,Moss Park (73),16,5.0,3,1.0,75.0,,43.656,-79.361608,2017-03-12 15:26:44.487149
13700719,79920634,Entire home/apt,,Waterfront Communities-The Island (77),66,5.0,4,1.0,81.0,,43.641652,-79.381812,2017-03-12 15:26:44.484574
16070849,16291736,Entire home/apt,,Church-Yonge Corridor (75),7,5.0,2,0.0,73.0,,43.654001,-79.378395,2017-03-12 15:26:44.482290
9778801,22059903,Entire home/apt,,Cabbagetown-South St.James Town (71),27,4.5,2,1.0,75.0,,43.664511,-79.375485,2017-03-12 15:26:44.480032
16691389,110528525,Entire home/apt,,East End-Danforth (62),5,5.0,4,2.0,64.0,,43.676878,-79.307419,2017-03-12 15:26:44.476155
16336117,20969806,Entire home/apt,,Waterfront Communities-The Island (77),14,3.5,2,1.0,76.0,,43.640943,-79.383013,2017-03-12 15:26:44.473918
16353328,94536018,Entire home/apt,,Waterfront Communities-The Island (77),18,5.0,2,1.0,65.0,,43.643526,-79.389153,2017-03-12 15:26:44.471158
13085039,55357443,Entire home/apt,,Waterfront Communities-The Island (77),24,5.0,3,1.0,75.0,,43.644372,-79.388355,2017-03-12 15:26:44.465455
16557563,51967646,Entire home/apt,,Waterfront Communities-The Island (77),16,3.5,3,1.0,75.0,,43.64101,-79.393367,2017-03-12 15:26:44.462632
16738850,15788430,Entire home/apt,,Islington-City Centre West (14),7,5.0,3,2.0,75.0,,43.640634,-79.55856,2017-03-12 15:26:43.066727
10020707,2825185,Entire home/apt,,Waterfront Communities-The Island (77),73,5.0,2,1.0,75.0,,43.644934,-79.400098,2017-03-12 15:26:43.064423
13716594,19461277,Entire home/apt,,Church-Yonge Corridor (75),102,4.5,4,0.0,75.0,,43.655144,-79.374242,2017-03-12 15:26:43.061879
14825384,13896343,Entire home/apt,,Trinity-Bellwoods (81),13,5.0,2,1.0,67.0,,43.651442,-79.411199,2017-03-12 15:26:43.057891
17667016,94358216,Entire home/apt,,Lansing-Westgate (38),0,0.0,2,1.0,75.0,,43.76123,-79.411481,2017-03-12 15:26:43.055778
15204457,19192430,Entire home/apt,,Niagara (82),10,5.0,2,1.0,76.0,,43.641849,-79.416724,2017-03-12 15:26:43.053450
12382195,24593297,Entire home/apt,,Greenwood-Coxwell (65),37,5.0,2,0.0,76.0,,43.665375,-79.324787,2017-03-12 15:26:43.050428
9880287,22121739,Entire home/apt,,Niagara (82),136,4.5,4,2.0,75.0,,43.642495,-79.412426,2017-03-12 15:26:43.048132
9346614,48204283,Entire home/apt,,Waterfront Communities-The Island (77),87,4.5,2,1.0,72.0,,43.641143,-79.394529,2017-03-12 15:26:43.043986
14038855,80794659,Entire home/apt,,Dufferin Grove (83),16,5.0,4,1.0,73.0,,43.653674,-79.441784,2017-03-12 15:26:43.041680
15725175,6671943,Entire home/apt,,Waterfront Communities-The Island (77),29,5.0,3,1.0,69.0,,43.640594,-79.378448,2017-03-12 15:26:43.038318
10995230,45782369,Entire home/apt,,Niagara (82),33,5.0,3,1.0,75.0,,43.637844,-79.405328,2017-03-12 15:26:43.034181
12602468,64350611,Entire home/apt,,Waterfront Communities-The Island (77),97,5.0,3,1.0,78.0,,43.642586,-79.38252,2017-03-12 15:26:43.029047
9235120,13066292,Entire home/apt,,Little Portugal (84),44,5.0,2,1.0,78.0,,43.648426,-79.431326,2017-03-12 15:26:41.632968
10354275,41185393,Entire home/apt,,Greenwood-Coxwell (65),76,4.5,3,2.0,76.0,,43.670637,-79.322577,2017-03-12 15:26:41.627023
7065717,15826317,Entire home/apt,,Regent Park (72),26,4.5,2,0.0,75.0,,43.659549,-79.363175,2017-03-12 15:26:41.624307
14705013,5838892,Entire home/apt,,Waterfront Communities-The Island (77),40,5.0,4,1.0,75.0,,43.640679,-79.383234,2017-03-12 15:26:41.621590
17606276,76428590,Entire home/apt,,Church-Yonge Corridor (75),0,0.0,2,1.0,75.0,,43.661611,-79.382493,2017-03-12 15:26:41.618230
16751441,2538381,Entire home/apt,,Church-Yonge Corridor (75),5,4.5,4,0.0,76.0,,43.65355,-79.378169,2017-03-12 15:26:41.615485
12913357,49579900,Entire home/apt,,Waterfront Communities-The Island (77),4,5.0,2,1.0,75.0,,43.647121,-79.39323,2017-03-12 15:26:41.612279
1979025,10213860,Entire home/apt,,Roncesvalles (86),46,4.5,2,1.0,73.0,,43.643794,-79.432041,2017-03-12 15:26:41.609359
1560977,8306299,Entire home/apt,,Niagara (82),153,5.0,4,1.0,76.0,,43.635207,-79.406129,2017-03-12 15:26:41.606559
17254180,39330445,Entire home/apt,,Waterfront Communities-The Island (77),0,0.0,2,1.0,73.0,,43.644173,-79.39336,2017-03-12 15:26:41.604168
16645791,27265712,Entire home/apt,,Waterfront Communities-The Island (77),0,0.0,2,0.0,69.0,,43.644706,-79.391117,2017-03-12 15:26:41.601830
16087213,18766278,Entire home/apt,,Waterfront Communities-The Island (77),10,5.0,4,1.0,73.0,,43.649593,-79.391524,2017-03-12 15:26:41.599473
17302052,5421328,Entire home/apt,,South Riverdale (70),1,0.0,1,1.0,69.0,,43.663441,-79.340017,2017-03-12 15:26:41.597376
17386627,94071526,Entire home/apt,,Kensington-Chinatown (78),1,0.0,4,2.0,76.0,,43.64762,-79.402642,2017-03-12 15:26:41.594655
11861906,63228977,Entire home/apt,,Niagara (82),14,5.0,2,1.0,80.0,,43.639812,-79.414145,2017-03-12 15:26:41.592208
13652641,2091115,Entire home/apt,,Church-Yonge Corridor (75),15,5.0,2,1.0,73.0,,43.666534,-79.384835,2017-03-12 15:26:40.256923
8867790,46416980,Entire home/apt,,Moss Park (73),68,5.0,2,1.0,73.0,,43.655965,-79.367944,2017-03-12 15:26:40.254100
14389097,47176541,Entire home/apt,,Kensington-Chinatown (78),34,5.0,4,1.0,76.0,,43.656208,-79.406787,2017-03-12 15:26:40.251378
15240163,45861303,Entire home/apt,,South Parkdale (85),31,5.0,3,1.0,73.0,,43.637548,-79.444545,2017-03-12 15:26:40.249147
15132749,46792890,Entire home/apt,,Waterfront Communities-The Island (77),32,5.0,2,1.0,80.0,,43.642419,-79.381404,2017-03-12 15:26:40.246702
16049574,27128277,Entire home/apt,,Little Portugal (84),6,5.0,2,1.0,75.0,,43.646855,-79.425461,2017-03-12 15:26:40.243203
14685177,91300270,Entire home/apt,,Bay Street Corridor (76),53,5.0,5,2.0,73.0,,43.647552,-79.3779,2017-03-12 15:26:40.240210
15132520,63880664,Entire home/apt,,Waterfront Communities-The Island (77),37,5.0,2,0.0,75.0,,43.64223,-79.381285,2017-03-12 15:26:40.237855
12446620,12847925,Entire home/apt,,Waterfront Communities-The Island (77),26,5.0,2,1.0,76.0,,43.643005,-79.400462,2017-03-12 15:26:40.234762
14487077,58911711,Entire home/apt,,Waterfront Communities-The Island (77),27,5.0,2,0.0,75.0,,43.641916,-79.380599,2017-03-12 15:26:40.231706
5240555,3002005,Entire home/apt,,Waterfront Communities-The Island (77),240,5.0,3,1.0,75.0,,43.637469,-79.392937,2017-03-12 15:26:40.228532
13549270,77941355,Entire home/apt,,West Humber-Clairville (1),4,5.0,2,1.0,61.0,,43.72508,-79.615308,2017-03-12 15:20:28.387933
14950777,32616011,Entire home/apt,,Etobicoke West Mall (13),0,0.0,3,1.0,54.0,,43.645615,-79.57175,2017-03-12 15:20:28.381033
17248975,37520003,Entire home/apt,,Willowridge-Martingrove-Richview (7),0,0.0,4,2.0,53.0,,43.677592,-79.56565,2017-03-12 15:20:27.076756
7771909,40881697,Entire home/apt,,Eringate-Centennial-West Deane (11),48,4.5,2,1.0,61.0,,43.653059,-79.575796,2017-03-12 15:20:27.072244
4069551,17896017,Entire home/apt,,Stonegate-Queensway (16),23,4.0,2,2.0,55.0,,43.625964,-79.501619,2017-03-12 15:20:23.119573
17124603,115085999,Entire home/apt,,Islington-City Centre West (14),0,0.0,2,1.0,58.0,,43.626111,-79.51592,2017-03-12 15:20:23.114176
7663588,6653041,Entire home/apt,,Stonegate-Queensway (16),1,0.0,3,2.0,49.0,,43.625761,-79.498687,2017-03-12 15:20:23.111512
1240669,6762343,Entire home/apt,,Mimico (includes Humber Bay Shores) (17),9,5.0,3,1.0,49.0,,43.619856,-79.484094,2017-03-12 15:20:20.879776
3362772,16966618,Entire home/apt,,Stonegate-Queensway (16),0,0.0,1,1.0,58.0,,43.632679,-79.494462,2017-03-12 15:20:20.876339
13514684,883361,Entire home/apt,,Stonegate-Queensway (16),1,0.0,3,1.0,45.0,,43.63253,-79.490295,2017-03-12 15:20:20.868958
6480476,13696394,Entire home/apt,,Mimico (includes Humber Bay Shores) (17),5,5.0,2,1.0,52.0,,43.625519,-79.488457,2017-03-12 15:20:19.598900
1521082,3358187,Entire home/apt,,Mimico (includes Humber Bay Shores) (17),22,4.5,2,1.0,46.0,,43.613638,-79.491547,2017-03-12 15:20:19.593699
15605154,100595481,Entire home/apt,,Mimico (includes Humber Bay Shores) (17),7,5.0,2,0.0,61.0,,43.609568,-79.488724,2017-03-12 15:20:19.591408
9993672,51342595,Entire home/apt,,Mimico (includes Humber Bay Shores) (17),3,4.5,2,1.0,46.0,,43.616925,-79.487081,2017-03-12 15:20:19.586860
7206844,37367233,Entire home/apt,,Mimico (includes Humber Bay Shores) (17),20,5.0,2,1.0,62.0,,43.627969,-79.477636,2017-03-12 15:20:19.582508
996139,5472668,Entire home/apt,,Mimico (includes Humber Bay Shores) (17),14,4.5,5,0.0,45.0,,43.62641,-79.476622,2017-03-12 15:20:19.579333
17158194,113918048,Entire home/apt,,Mimico (includes Humber Bay Shores) (17),0,0.0,2,0.0,61.0,,43.609266,-79.488022,2017-03-12 15:20:19.574907
17141893,53671161,Entire home/apt,,Mimico (includes Humber Bay Shores) (17),0,0.0,2,1.0,46.0,,43.616838,-79.488473,2017-03-12 15:20:18.099052
723769,1890304,Entire home/apt,,Niagara (82),39,4.5,2,1.0,54.0,,43.640069,-79.405955,2017-03-12 15:20:15.795646
1966011,10154357,Entire home/apt,,Roncesvalles (86),5,5.0,2,1.0,49.0,,43.643391,-79.431142,2017-03-12 15:19:42.390249
16070801,56726038,Entire home/apt,,Mimico (includes Humber Bay Shores) (17),0,0.0,2,1.0,54.0,,43.624105,-79.486293,2017-03-12 15:18:42.595642
7071945,37078525,Entire home/apt,,High Park-Swansea (87),0,0.0,2,1.0,53.0,,43.635584,-79.471035,2017-03-12 15:18:40.932809
12905333,70717407,Entire home/apt,,High Park North (88),5,5.0,4,1.0,43.0,,43.654174,-79.466643,2017-03-12 15:18:36.605995
15349656,90105343,Entire home/apt,,Mimico (includes Humber Bay Shores) (17),2,0.0,3,1.0,61.0,,43.62384,-79.476954,2017-03-12 15:18:29.068653
14789709,2343547,Entire home/apt,,Runnymede-Bloor West Village (89),0,0.0,4,1.0,61.0,,43.660116,-79.482321,2017-03-12 15:18:18.558275
6886718,36087195,Entire home/apt,,Princess-Rosethorn (10),1,0.0,2,1.0,61.0,,43.677659,-79.544206,2017-03-12 15:18:18.102023
13841773,63097604,Entire home/apt,,Lambton Baby Point (114),2,0.0,4,1.0,49.0,,43.6653,-79.502916,2017-03-12 15:18:18.098901
11554988,30777317,Entire home/apt,,Rockcliffe-Smythe (111),5,5.0,3,0.0,49.0,,43.671713,-79.500961,2017-03-12 15:18:18.069930
8427466,21683340,Entire home/apt,,High Park North (88),49,5.0,7,2.0,61.0,,43.657579,-79.477479,2017-03-12 15:18:16.773677
15706398,12827899,Entire home/apt,,Rockcliffe-Smythe (111),4,4.0,4,2.0,58.0,,43.675185,-79.501573,2017-03-12 15:18:16.763322
17670310,74179455,Entire home/apt,,Weston (113),0,0.0,2,1.0,54.0,,43.698884,-79.514265,2017-03-12 15:18:16.753463
7330341,25805620,Entire home/apt,,High Park North (88),0,0.0,2,1.0,54.0,,43.659816,-79.47453,2017-03-12 15:18:14.261315
16567883,76609374,Entire home/apt,,High Park North (88),4,5.0,2,1.0,53.0,,43.654366,-79.466768,2017-03-12 15:18:11.573099
3224468,2783777,Entire home/apt,,Roncesvalles (86),2,0.0,4,2.0,61.0,,43.647389,-79.440866,2017-03-12 15:18:04.950544
1780979,4917449,Entire home/apt,,Annex (95),0,0.0,1,0.0,54.0,,43.669352,-79.401759,2017-03-12 15:17:53.414127
11777271,24951716,Entire home/apt,,Rockcliffe-Smythe (111),33,5.0,2,1.0,45.0,,43.682573,-79.490474,2017-03-12 15:17:03.697174
13430984,58929592,Entire home/apt,,Keelesdale-Eglinton West (110),3,0.0,2,1.0,58.0,,43.683816,-79.466181,2017-03-12 15:16:52.056833
14180954,17561149,Entire home/apt,,High Park North (88),0,0.0,2,0.0,56.0,,43.654665,-79.467786,2017-03-12 15:16:50.635775
12889575,5304307,Entire home/apt,,High Park North (88),12,4.0,3,0.0,46.0,,43.65654,-79.470404,2017-03-12 15:16:50.626681
11473696,772882,Entire home/apt,,Keelesdale-Eglinton West (110),9,5.0,6,2.0,43.0,,43.680639,-79.465507,2017-03-12 15:16:50.614431
13503761,35965162,Entire home/apt,,Rockcliffe-Smythe (111),9,4.0,2,0.0,45.0,,43.680129,-79.475096,2017-03-12 15:16:46.826529
13005722,71726668,Entire home/apt,,High Park North (88),3,5.0,4,1.0,46.0,,43.662005,-79.471074,2017-03-12 15:16:46.817786
10309309,2465298,Entire home/apt,,Rockcliffe-Smythe (111),36,4.5,3,2.0,60.0,,43.680052,-79.480268,2017-03-12 15:16:42.868311
2000745,1011373,Entire home/apt,,Junction Area (90),40,4.5,2,1.0,49.0,,43.676408,-79.472961,2017-03-12 15:16:36.491674
13682806,4280202,Entire home/apt,,Stonegate-Queensway (16),10,5.0,2,1.0,61.0,,43.624666,-79.515006,2017-03-12 15:16:29.835902
13367952,75879691,Entire home/apt,,Rockcliffe-Smythe (111),0,0.0,3,1.0,61.0,,43.666903,-79.500333,2017-03-12 15:16:29.828289
4077284,3645159,Entire home/apt,,Rockcliffe-Smythe (111),23,4.5,4,2.0,52.0,,43.672916,-79.493943,2017-03-12 15:16:28.670527
14917984,40659047,Entire home/apt,,Edenbridge-Humber Valley (9),6,4.0,3,1.0,58.0,,43.679297,-79.522421,2017-03-12 15:16:28.661930
7050533,36974346,Entire home/apt,,Mimico (includes Humber Bay Shores) (17),0,0.0,2,1.0,58.0,,43.625901,-79.476587,2017-03-12 15:16:28.657496
14210666,35337361,Entire home/apt,,High Park-Swansea (87),0,0.0,5,2.0,56.0,,43.63551,-79.470745,2017-03-12 15:16:26.391840
16100601,16382176,Entire home/apt,,Rockcliffe-Smythe (111),2,0.0,2,0.0,55.0,,43.679704,-79.497307,2017-03-12 15:16:25.032573
149420,666759,Entire home/apt,,High Park-Swansea (87),18,5.0,2,1.0,61.0,,43.646176,-79.488326,2017-03-12 15:16:24.412711
11923972,4692027,Entire home/apt,,Mimico (includes Humber Bay Shores) (17),10,4.5,5,1.0,47.0,,43.622275,-79.481588,2017-03-12 15:16:24.403511
13407388,17961302,Entire home/apt,,Rockcliffe-Smythe (111),6,4.5,4,1.0,45.0,,43.670921,-79.485124,2017-03-12 15:16:23.154200
3344276,9966270,Entire home/apt,,High Park North (88),1,0.0,2,1.0,60.0,,43.65452,-79.466165,2017-03-12 15:16:21.593235
6416040,33467687,Entire home/apt,,High Park North (88),1,0.0,2,0.0,61.0,,43.655977,-79.466419,2017-03-12 15:16:20.886994
7033628,36861212,Entire home/apt,,Stonegate-Queensway (16),41,4.5,2,1.0,46.0,,43.634375,-79.492752,2017-03-12 15:16:20.874161
13118856,66281315,Entire home/apt,,Mimico (includes Humber Bay Shores) (17),21,5.0,2,1.0,60.0,,43.623437,-79.481609,2017-03-12 15:16:20.866621
516823,533496,Entire home/apt,,Junction Area (90),121,5.0,2,1.0,52.0,,43.665852,-79.475557,2017-03-12 15:16:17.261746
11889016,15281055,Entire home/apt,,Junction Area (90),1,0.0,2,1.0,43.0,,43.664892,-79.480614,2017-03-12 15:16:16.222183
13432301,76609374,Entire home/apt,,Runnymede-Bloor West Village (89),12,4.5,2,0.0,53.0,,43.651014,-79.482504,2017-03-12 15:16:14.883732
7287577,5259163,Entire home/apt,,Junction Area (90),2,0.0,2,1.0,54.0,,43.662045,-79.468973,2017-03-12 15:16:14.864584
16053047,5669282,Entire home/apt,,Junction Area (90),1,0.0,4,1.0,54.0,,43.665756,-79.479519,2017-03-12 15:16:14.097234
7825301,1169088,Entire home/apt,,Junction Area (90),1,0.0,4,1.0,46.0,,43.666388,-79.472266,2017-03-12 15:16:14.090046
11324869,181797,Entire home/apt,,Mimico (includes Humber Bay Shores) (17),34,4.5,3,0.0,45.0,,43.622216,-79.487065,2017-03-12 15:16:12.794954
14976624,94351881,Entire home/apt,,L'Amoreaux (117),2,0.0,4,2.0,75.0,,43.798733,-79.3217,2017-03-12 15:27:08.913694
13760723,51333362,Entire home/apt,,Banbury-Don Mills (42),31,5.0,4,1.0,75.0,,43.744378,-79.357694,2017-03-12 15:27:08.910993
13823249,81456712,Entire home/apt,,Parkwoods-Donalda (45),4,0.0,6,3.0,75.0,,43.763778,-79.343322,2017-03-12 15:27:08.908646
6641916,25007341,Entire home/apt,,Woburn (137),8,5.0,2,1.0,69.0,,43.76913,-79.2429,2017-03-12 15:27:08.903541
6740499,13357958,Entire home/apt,,Highland Creek (134),49,5.0,4,2.0,73.0,,43.791251,-79.164953,2017-03-12 15:27:08.900036
3241344,8878915,Entire home/apt,,O'Connor-Parkview (54),88,5.0,2,1.0,75.0,,43.714223,-79.305764,2017-03-12 15:27:08.896087
17491141,118505703,Entire home/apt,,Banbury-Don Mills (42),0,0.0,4,1.0,76.0,,43.730926,-79.326927,2017-03-12 15:27:07.460874
6737757,35284100,Entire home/apt,,West Hill (136),28,4.5,4,2.0,67.0,,43.772742,-79.181166,2017-03-12 15:27:07.458058
17008002,51328364,Entire home/apt,,Malvern (132),0,0.0,5,2.0,65.0,,43.805901,-79.227508,2017-03-12 15:27:07.455881
1467371,7856272,Entire home/apt,,Scarborough Village (139),60,5.0,2,1.0,69.0,,43.730436,-79.219494,2017-03-12 15:27:07.453331
5153861,26650679,Entire home/apt,,West Hill (136),45,4.5,2,1.0,75.0,,43.771966,-79.163831,2017-03-12 15:27:07.451049
16436064,96602514,Entire home/apt,,Agincourt South-Malvern West (128),0,0.0,3,1.0,73.0,,43.776738,-79.28183,2017-03-12 15:27:07.448742
14330995,87714748,Entire home/apt,,L'Amoreaux (117),13,4.5,4,2.0,68.0,,43.797069,-79.320615,2017-03-12 15:27:07.445793
13926870,71003754,Entire home/apt,,Agincourt South-Malvern West (128),12,4.5,4,2.0,76.0,,43.777397,-79.280174,2017-03-12 15:27:07.440104
14590813,90475869,Entire home/apt,,Victoria Village (43),27,5.0,5,1.0,65.0,,43.733665,-79.308637,2017-03-12 15:27:07.436025
14369672,4550179,Entire home/apt,,Taylor-Massey (61),35,5.0,2,1.0,69.0,,43.693424,-79.298711,2017-03-12 15:27:07.432599
4283599,7028502,Entire home/apt,,Woburn (137),22,5.0,5,2.0,75.0,,43.778075,-79.246114,2017-03-12 15:27:07.425373
17177023,7174672,Entire home/apt,,Rouge (131),0,0.0,4,2.0,65.0,,43.796813,-79.142381,2017-03-12 15:27:07.423025
12336984,25278998,Entire home/apt,,Bendale (127),17,5.0,2,1.0,75.0,,43.774555,-79.256499,2017-03-12 15:27:07.419855
13238455,74360646,Entire home/apt,,Woburn (137),3,5.0,6,3.0,74.0,,43.768694,-79.23272,2017-03-12 15:27:07.416701
15788225,73226899,Entire home/apt,,Agincourt South-Malvern West (128),11,5.0,2,2.0,69.0,,43.776729,-79.280763,2017-03-12 15:27:07.408741
6747467,22322399,Entire home/apt,,Woodbine Corridor (64),8,5.0,2,1.0,75.0,,43.668676,-79.312995,2017-03-12 15:27:06.112794
16180291,92424876,Entire home/apt,,South Parkdale (85),13,4.5,6,2.0,73.0,,43.638392,-79.422698,2017-03-12 15:27:06.103640
14576562,20826101,Entire home/apt,,Niagara (82),37,5.0,4,1.0,80.0,,43.637776,-79.401897,2017-03-12 15:27:06.101025
16251516,8574220,Entire home/apt,,Moss Park (73),2,0.0,2,1.0,75.0,,43.651908,-79.371568,2017-03-12 15:27:06.095900
14867123,93136121,Entire home/apt,,Waterfront Communities-The Island (77),23,4.5,2,1.0,76.0,,43.643666,-79.377516,2017-03-12 15:27:06.090411
8012008,16598164,Entire home/apt,,Rosedale-Moore Park (98),35,4.5,4,1.0,76.0,,43.67104,-79.38555,2017-03-12 15:27:06.087262
13266033,74714969,Entire home/apt,,Niagara (82),2,0.0,3,1.0,76.0,,43.634421,-79.415201,2017-03-12 15:27:06.084770
17493084,68409618,Entire home/apt,,Trinity-Bellwoods (81),0,0.0,2,1.0,65.0,,43.652566,-79.425485,2017-03-12 15:27:06.078918
9772025,50383798,Entire home/apt,,Waterfront Communities-The Island (77),0,0.0,3,2.0,73.0,,43.640856,-79.3782,2017-03-12 15:27:06.075747
1519274,8109005,Entire home/apt,,Niagara (82),173,5.0,2,1.0,76.0,,43.637474,-79.404826,2017-03-12 15:27:06.072817
4198453,21781359,Entire home/apt,,Annex (95),70,4.5,2,0.0,76.0,,43.671051,-79.404168,2017-03-12 15:27:06.069337
15870609,102884370,Entire home/apt,,Annex (95),18,5.0,2,0.0,68.0,,43.677461,-79.392892,2017-03-12 15:27:03.532421
16055920,103420587,Entire home/apt,,Dovercourt-Wallace Emerson-Junction (93),10,4.5,6,3.0,76.0,,43.661689,-79.451251,2017-03-12 15:27:03.528659
11699244,62171928,Entire home/apt,,Niagara (82),41,4.5,4,1.0,78.0,,43.636653,-79.406763,2017-03-12 15:27:03.526327
14755152,49433767,Entire home/apt,,Waterfront Communities-The Island (77),7,4.0,3,1.0,76.0,,43.639249,-79.395654,2017-03-12 15:27:03.523845
14239348,79920634,Entire home/apt,,Waterfront Communities-The Island (77),36,5.0,4,1.0,80.0,,43.643021,-79.381166,2017-03-12 15:27:03.514440
12989637,37499908,Entire home/apt,,Trinity-Bellwoods (81),52,5.0,2,1.0,64.0,,43.646579,-79.421415,2017-03-12 15:27:03.512247
9760364,38177590,Entire home/apt,,Little Portugal (84),49,4.5,6,2.0,73.0,,43.642937,-79.42532,2017-03-12 15:27:03.508163
7114283,6606602,Entire home/apt,,Annex (95),77,4.5,2,1.0,80.0,,43.669335,-79.393632,2017-03-12 15:27:03.503732
6950055,7353002,Entire home/apt,,Bay Street Corridor (76),8,5.0,2,0.0,73.0,,43.650022,-79.382787,2017-03-12 15:27:03.500903
9810956,50542185,Entire home/apt,,Palmerston-Little Italy (80),17,4.5,2,1.0,76.0,,43.661763,-79.42021,2017-03-12 15:27:03.498648
11433372,4041484,Entire home/apt,,Trinity-Bellwoods (81),18,5.0,3,1.0,73.0,,43.646881,-79.410937,2017-03-12 15:27:03.495756
14556489,85710778,Entire home/apt,,Bedford Park-Nortown (39),8,4.5,2,1.0,76.0,,43.738796,-79.421961,2017-03-12 15:27:03.492696
7131751,9990533,Entire home/apt,,Trinity-Bellwoods (81),162,4.5,4,2.0,68.0,,43.653696,-79.411716,2017-03-12 15:27:02.266429
2746751,14052914,Entire home/apt,,Bay Street Corridor (76),76,5.0,4,1.0,75.0,,43.665817,-79.385355,2017-03-12 15:27:02.263682
17030501,114256268,Entire home/apt,,Bay Street Corridor (76),2,0.0,4,1.0,80.0,,43.659068,-79.384322,2017-03-12 15:27:02.259836
13684717,19734974,Entire home/apt,,Casa Loma (96),14,4.5,4,1.0,76.0,,43.678014,-79.404074,2017-03-12 15:27:02.257482
13298479,75083066,Entire home/apt,,Trinity-Bellwoods (81),24,5.0,2,1.0,75.0,,43.651282,-79.422964,2017-03-12 15:27:02.255301
16754115,110102480,Entire home/apt,,Palmerston-Little Italy (80),8,4.5,3,1.0,65.0,,43.659202,-79.410522,2017-03-12 15:27:02.247687
5384200,3547192,Entire home/apt,,Banbury-Don Mills (42),24,4.5,4,1.0,76.0,,43.733631,-79.34464,2017-03-12 15:27:02.241722
17570994,2353860,Entire home/apt,,South Riverdale (70),0,0.0,4,1.0,68.0,,43.660257,-79.351095,2017-03-12 15:27:02.239315
15706172,101424884,Entire home/apt,,Thorncliffe Park (55),4,4.5,2,0.0,75.0,,43.707999,-79.355321,2017-03-12 15:27:02.235068
5593084,28999117,Entire home/apt,,Mount Pleasant West (104),2,0.0,2,1.0,75.0,,43.711286,-79.394325,2017-03-12 15:27:02.226956
15971622,64350611,Entire home/apt,,Waterfront Communities-The Island (77),14,4.5,3,1.0,78.0,,43.642417,-79.382554,2017-03-12 15:27:02.224704
14838967,92635593,Entire home/apt,,Annex (95),18,5.0,4,1.0,80.0,,43.671932,-79.400588,2017-03-12 15:27:02.221239
13864717,53422666,Entire home/apt,,Niagara (82),32,5.0,3,1.0,75.0,,43.643092,-79.409364,2017-03-12 15:27:02.218859
2465271,9003713,Entire home/apt,,Humewood-Cedarvale (106),45,4.5,2,1.0,75.0,,43.696736,-79.435183,2017-03-12 15:27:02.215631
13714557,676570,Entire home/apt,,Waterfront Communities-The Island (77),21,5.0,2,1.0,75.0,,43.642883,-79.401891,2017-03-12 15:27:00.942098
8937239,46724551,Entire home/apt,,Roncesvalles (86),54,5.0,2,1.0,65.0,,43.645473,-79.446787,2017-03-12 15:27:00.939804
14538302,13834480,Entire home/apt,,South Parkdale (85),3,4.5,4,0.0,46.0,,43.636541,-79.428951,2017-03-12 15:16:09.982158
1897871,9858617,Entire home/apt,,High Park North (88),40,5.0,2,1.0,50.0,,43.657622,-79.459902,2017-03-12 15:15:51.119304
9959131,51173070,Entire home/apt,,Palmerston-Little Italy (80),2,0.0,4,2.0,61.0,,43.660967,-79.42171,2017-03-12 15:15:46.868412
9491579,597616,Entire home/apt,,Palmerston-Little Italy (80),0,0.0,3,1.0,58.0,,43.654928,-79.425809,2017-03-12 15:15:46.844437
421017,2093789,Entire home/apt,,Junction Area (90),11,5.0,2,1.0,46.0,,43.66481,-79.461517,2017-03-12 15:15:32.857049
14340538,15110858,Entire home/apt,,High Park North (88),1,0.0,2,1.0,49.0,,43.654903,-79.462892,2017-03-12 15:15:31.995009
15312570,97542710,Entire home/apt,,Junction Area (90),15,5.0,4,1.0,61.0,,43.665904,-79.46321,2017-03-12 15:15:30.076753
1425708,7669445,Entire home/apt,,Junction Area (90),3,4.5,2,1.0,54.0,,43.665537,-79.460643,2017-03-12 15:15:30.073814
4742824,618537,Entire home/apt,,Waterfront Communities-The Island (77),1,0.0,1,1.0,61.0,,43.637442,-79.391795,2017-03-12 15:14:53.210135
15973700,5112330,Entire home/apt,,Regent Park (72),1,0.0,3,2.0,61.0,,43.663426,-79.358915,2017-03-12 15:13:31.008008
16463324,63968705,Entire home/apt,,South Riverdale (70),2,0.0,4,2.0,49.0,,43.661969,-79.35175,2017-03-12 15:13:27.966086
5117660,3395872,Entire home/apt,,Roncesvalles (86),34,4.5,2,0.0,41.0,,43.652499,-79.446647,2017-03-12 15:13:16.469757
7145948,1015950,Entire home/apt,,Weston-Pellam Park (91),13,5.0,2,0.0,54.0,,43.66843,-79.459723,2017-03-12 15:12:56.059073
16843188,73278490,Entire home/apt,,Weston-Pellam Park (91),10,4.0,4,1.0,46.0,,43.670309,-79.461637,2017-03-12 15:12:54.700486
4120594,534666,Entire home/apt,,Oakwood Village (107),1,0.0,4,2.0,58.0,,43.682146,-79.431126,2017-03-12 15:12:52.926568
12054205,64367799,Entire home/apt,,Corso Italia-Davenport (92),0,0.0,4,2.0,50.0,,43.676785,-79.441019,2017-03-12 15:12:48.147951
15302293,88045960,Entire home/apt,,Annex (95),0,0.0,3,1.0,45.0,,43.670904,-79.4067,2017-03-12 15:12:46.295017
8159747,15019539,Entire home/apt,,Regent Park (72),0,0.0,1,0.0,61.0,,43.661098,-79.365996,2017-03-12 15:12:29.160741
8827537,27476365,Entire home/apt,,Annex (95),5,4.5,3,1.0,61.0,,43.671436,-79.389552,2017-03-12 15:11:49.442457
9545536,29174982,Entire home/apt,,Mount Dennis (115),0,0.0,4,2.0,61.0,,43.690948,-79.495825,2017-03-12 15:11:17.686664
15088400,16853533,Entire home/apt,,Keelesdale-Eglinton West (110),0,0.0,6,2.0,61.0,,43.690298,-79.471311,2017-03-12 15:11:17.046033
16133916,68100691,Entire home/apt,,Westminster-Branson (35),3,5.0,2,2.0,54.0,,43.777903,-79.453149,2017-03-12 15:11:15.125758
7047342,36956403,Entire home/apt,,Black Creek (24),0,0.0,3,2.0,61.0,,43.764426,-79.508136,2017-03-12 15:11:15.121058
15362615,3741602,Entire home/apt,,Brookhaven-Amesbury (30),4,4.5,3,1.0,49.0,,43.699825,-79.494148,2017-03-12 15:11:15.104594
14427525,77991437,Entire home/apt,,Clanton Park (33),4,5.0,3,1.0,47.0,,43.734898,-79.445874,2017-03-12 15:11:14.480343
16055048,85459663,Entire home/apt,,Bathurst Manor (34),3,4.5,4,1.0,45.0,,43.755348,-79.454458,2017-03-12 15:11:14.477817
15790625,102150863,Entire home/apt,,York University Heights (27),7,4.5,2,1.0,58.0,,43.752664,-79.46592,2017-03-12 15:11:13.170034
14835497,34757222,Entire home/apt,,Kingsway South (15),16,5.0,2,1.0,56.0,,43.65502,-79.515194,2017-03-12 15:10:56.564062
14319809,87586048,Entire home/apt,,High Park North (88),8,4.0,2,1.0,46.0,,43.656069,-79.464933,2017-03-12 15:10:56.556411
8667120,45532309,Entire home/apt,,High Park North (88),2,0.0,2,0.0,58.0,,43.656631,-79.460528,2017-03-12 15:10:53.237539
10083805,39610003,Entire home/apt,,Weston-Pellam Park (91),15,5.0,2,1.0,46.0,,43.677614,-79.459579,2017-03-12 15:10:50.649539
10194076,16811022,Entire home/apt,,Clanton Park (33),26,4.5,2,1.0,52.0,,43.738276,-79.444799,2017-03-12 15:10:49.923304
5599270,26761736,Entire home/apt,,Keelesdale-Eglinton West (110),13,4.5,2,0.0,54.0,,43.688296,-79.467817,2017-03-12 15:10:48.552020
14141812,75466888,Entire home/apt,,Junction Area (90),12,5.0,2,1.0,49.0,,43.661364,-79.467492,2017-03-12 15:10:48.542034
15602349,32437938,Entire home/apt,,High Park-Swansea (87),2,0.0,2,0.0,58.0,,43.650974,-79.476289,2017-03-12 15:10:38.382562
7856197,41301816,Entire home/apt,,High Park North (88),1,0.0,3,1.0,58.0,,43.656257,-79.463576,2017-03-12 15:10:38.379896
13207421,73207318,Entire home/apt,,Keelesdale-Eglinton West (110),39,4.5,4,1.0,45.0,,43.688725,-79.464162,2017-03-12 15:10:36.391307
13435307,76646208,Entire home/apt,,New Toronto (18),10,4.0,2,1.0,49.0,,43.602381,-79.515857,2017-03-12 15:10:36.386414
16359989,65580621,Entire home/apt,,Stonegate-Queensway (16),6,5.0,3,1.0,52.0,,43.64842,-79.496182,2017-03-12 15:10:33.763340
7694454,39610003,Entire home/apt,,Weston-Pellam Park (91),18,4.5,2,1.0,54.0,,43.679108,-79.460893,2017-03-12 15:10:33.066294
12948347,71123493,Entire home/apt,,Junction Area (90),17,4.5,4,0.0,61.0,,43.666708,-79.470207,2017-03-12 15:10:33.052994
3767719,19293149,Entire home/apt,,Mimico (includes Humber Bay Shores) (17),90,5.0,2,0.0,60.0,,43.612072,-79.493678,2017-03-12 15:10:31.465432
12925794,49958659,Entire home/apt,,High Park North (88),8,5.0,2,1.0,61.0,,43.654876,-79.461399,2017-03-12 15:10:30.522370
10958212,23657761,Entire home/apt,,Junction Area (90),2,0.0,4,1.0,46.0,,43.667563,-79.467753,2017-03-12 15:10:30.512134
15814150,24206943,Entire home/apt,,New Toronto (18),4,5.0,2,1.0,46.0,,43.601849,-79.505736,2017-03-12 15:10:29.241996
16490429,1495855,Entire home/apt,,New Toronto (18),0,0.0,2,1.0,42.0,,43.60009,-79.506791,2017-03-12 15:10:28.434170
3229169,9330404,Entire home/apt,,High Park North (88),66,4.5,4,1.0,58.0,,43.659926,-79.478515,2017-03-12 15:10:26.655988
15406552,86146699,Entire home/apt,,South Parkdale (85),6,5.0,3,1.0,58.0,,43.636062,-79.468393,2017-03-12 15:10:26.650193
17118022,19746853,Entire home/apt,,Weston-Pellam Park (91),0,0.0,2,1.0,45.0,,43.677373,-79.460941,2017-03-12 15:10:26.644126
7693951,3538751,Entire home/apt,,Islington-City Centre West (14),1,0.0,2,1.0,54.0,,43.642383,-79.526409,2017-03-12 15:10:26.634383
9842889,10951538,Entire home/apt,,Keelesdale-Eglinton West (110),15,5.0,2,1.0,42.0,,43.686203,-79.466018,2017-03-12 15:10:25.102565
10248090,32590295,Entire home/apt,,Mimico (includes Humber Bay Shores) (17),19,4.5,4,1.0,61.0,,43.623742,-79.483542,2017-03-12 15:10:24.898996
14837995,92825160,Entire home/apt,,Islington-City Centre West (14),2,0.0,2,1.0,54.0,,43.644657,-79.529641,2017-03-12 15:10:24.877038
14501931,89557745,Entire home/apt,,Mimico (includes Humber Bay Shores) (17),5,4.0,4,2.0,49.0,,43.620352,-79.502106,2017-03-12 15:10:23.456910
14101408,3671856,Entire home/apt,,High Park-Swansea (87),12,4.5,3,1.0,54.0,,43.650138,-79.479228,2017-03-12 15:10:22.556662
16391389,27978129,Entire home/apt,,Junction Area (90),0,0.0,2,1.0,42.0,,43.661501,-79.47958,2017-03-12 15:10:22.549681
17611120,119718012,Entire home/apt,,Mimico (includes Humber Bay Shores) (17),0,0.0,2,1.0,61.0,,43.621869,-79.487008,2017-03-12 15:10:22.539235
16652093,76609374,Entire home/apt,,High Park-Swansea (87),6,5.0,2,1.0,55.0,,43.649786,-79.479017,2017-03-12 15:10:21.133492
15249041,21245388,Entire home/apt,,Mimico (includes Humber Bay Shores) (17),3,4.0,2,1.0,61.0,,43.625728,-79.488339,2017-03-12 15:10:21.120896
14837477,8336154,Entire home/apt,,Junction Area (90),48,5.0,4,1.0,61.0,,43.667396,-79.474939,2017-03-12 15:10:21.118709
15954278,73782545,Entire home/apt,,Islington-City Centre West (14),2,0.0,2,1.0,46.0,,43.640684,-79.559105,2017-03-12 15:10:19.747687
16922815,21518914,Entire home/apt,,High Park-Swansea (87),4,5.0,2,0.0,54.0,,43.64683,-79.482013,2017-03-12 15:10:19.738270
4701195,21218232,Entire home/apt,,Rockcliffe-Smythe (111),80,5.0,3,1.0,50.0,,43.680945,-79.498186,2017-03-12 15:10:19.727152
6100731,31656406,Entire home/apt,,High Park North (88),62,5.0,2,1.0,54.0,,43.657379,-79.458856,2017-03-12 15:10:18.418661
17493312,118400347,Entire home/apt,,High Park North (88),0,0.0,4,0.0,46.0,,43.654021,-79.463959,2017-03-12 15:10:16.309867
8566821,2298690,Entire home/apt,,Waterfront Communities-The Island (77),10,4.5,3,1.0,58.0,,43.644546,-79.388809,2017-03-12 15:10:13.242055
16242798,104148418,Entire home/apt,,Waterfront Communities-The Island (77),2,0.0,2,0.0,58.0,,43.63913,-79.393089,2017-03-12 15:10:13.224783
5884009,6520827,Entire home/apt,,South Parkdale (85),9,5.0,2,0.0,60.0,,43.637396,-79.4406,2017-03-12 15:10:00.792313
14314512,87515387,Entire home/apt,,Dovercourt-Wallace Emerson-Junction (93),0,0.0,5,3.0,52.0,,43.668616,-79.44205,2017-03-12 15:09:48.680621
2273095,6646441,Entire home/apt,,High Park North (88),93,4.5,2,1.0,50.0,,43.6617,-79.455859,2017-03-12 15:09:43.315752
4226429,21922749,Entire home/apt,,South Parkdale (85),2,0.0,4,1.0,49.0,,43.637688,-79.439574,2017-03-12 15:09:20.602360
2574731,5349916,Entire home/apt,,South Parkdale (85),34,5.0,2,1.0,54.0,,43.637787,-79.439735,2017-03-12 15:09:09.288946
13975666,1106223,Entire home/apt,,Bay Street Corridor (76),0,0.0,3,0.0,49.0,,43.666866,-79.388144,2017-03-12 15:08:27.381592
7114551,17720659,Entire home/apt,,South Riverdale (70),1,0.0,1,1.0,61.0,,43.659488,-79.342674,2017-03-12 15:07:51.002641
4031210,14363069,Entire home/apt,,Blake-Jones (69),3,5.0,3,1.0,61.0,,43.670235,-79.340733,2017-03-12 15:07:47.480498
10597063,779417,Entire home/apt,,Greenwood-Coxwell (65),1,0.0,2,1.0,54.0,,43.682042,-79.324979,2017-03-12 15:07:18.450097
13660679,51602801,Entire home/apt,,The Beaches (63),12,4.5,2,1.0,58.0,,43.671797,-79.285755,2017-03-12 15:07:18.442237
6984404,2675866,Entire home/apt,,The Beaches (63),0,0.0,2,2.0,49.0,,43.670332,-79.300771,2017-03-12 15:07:17.717383
11847407,6902464,Entire home/apt,,South Parkdale (85),0,0.0,4,1.0,61.0,,43.63959,-79.437624,2017-03-12 15:06:48.622507
5038965,26012455,Entire home/apt,,South Parkdale (85),0,0.0,1,1.0,61.0,,43.640997,-79.424807,2017-03-12 15:06:47.905582
9859386,3985736,Entire home/apt,,South Parkdale (85),32,4.5,3,1.0,61.0,,43.636962,-79.425734,2017-03-12 15:06:36.466458
5747305,889120,Entire home/apt,,South Parkdale (85),3,4.5,2,1.0,61.0,,43.64029,-79.437829,2017-03-12 15:06:36.453262
2194362,11192066,Entire home/apt,,Roncesvalles (86),11,5.0,2,1.0,61.0,,43.641206,-79.445899,2017-03-12 15:06:36.446046
7113813,7026013,Entire home/apt,,Roncesvalles (86),0,0.0,2,0.0,61.0,,43.641452,-79.437122,2017-03-12 15:06:35.230958
15633857,20077690,Entire home/apt,,Little Portugal (84),0,0.0,4,1.0,61.0,,43.64297,-79.423998,2017-03-12 15:06:35.220354
10899140,43563,Entire home/apt,,South Parkdale (85),28,4.5,2,1.0,61.0,,43.635462,-79.437119,2017-03-12 15:06:34.097950
4304619,22344680,Entire home/apt,,High Park-Swansea (87),3,4.0,5,2.0,46.0,,43.643224,-79.448727,2017-03-12 15:06:34.092880
13763158,703666,Entire home/apt,,South Parkdale (85),6,4.0,2,0.0,46.0,,43.638346,-79.438861,2017-03-12 15:06:34.083411
5114984,12115612,Entire home/apt,,South Parkdale (85),9,4.0,2,1.0,49.0,,43.639923,-79.433219,2017-03-12 15:06:32.491514
7270721,7955931,Entire home/apt,,South Parkdale (85),30,5.0,3,1.0,61.0,,43.637407,-79.43435,2017-03-12 15:06:32.457251
1313641,3372664,Entire home/apt,,High Park-Swansea (87),57,5.0,4,1.0,61.0,,43.650979,-79.457843,2017-03-12 15:06:30.032744
16032267,104301677,Entire home/apt,,South Parkdale (85),4,5.0,4,0.0,54.0,,43.636887,-79.427088,2017-03-12 15:06:30.024516
2509575,7955931,Entire home/apt,,South Parkdale (85),55,4.5,2,0.0,54.0,,43.63485,-79.436856,2017-03-12 15:06:29.428416
17496596,26805134,Entire home/apt,,High Park-Swansea (87),0,0.0,1,0.0,54.0,,43.643065,-79.452267,2017-03-12 15:06:28.664962
4708996,24334525,Entire home/apt,,South Parkdale (85),16,4.5,3,1.0,52.0,,43.639431,-79.429463,2017-03-12 15:06:26.284546
1737643,9037836,Entire home/apt,,Niagara (82),119,4.5,2,0.0,46.0,,43.634085,-79.408256,2017-03-12 15:06:26.278009
8416353,6630293,Entire home/apt,,South Parkdale (85),1,0.0,2,1.0,48.0,,43.640894,-79.423945,2017-03-12 15:06:25.729318
3869807,19984389,Entire home/apt,,Little Portugal (84),4,5.0,2,1.0,61.0,,43.641899,-79.424318,2017-03-12 15:06:25.727038
16718843,7315402,Entire home/apt,,Little Portugal (84),0,0.0,2,1.0,52.0,,43.642703,-79.423643,2017-03-12 15:06:25.714624
11105275,709418,Entire home/apt,,South Parkdale (85),0,0.0,4,4.0,54.0,,43.634342,-79.431001,2017-03-12 15:06:25.712009
12980727,1553533,Entire home/apt,,South Parkdale (85),0,0.0,2,0.0,54.0,,43.639858,-79.429313,2017-03-12 15:06:25.705409
11920553,63176367,Entire home/apt,,South Parkdale (85),0,0.0,1,0.0,54.0,,43.635727,-79.423031,2017-03-12 15:06:23.566831
6798312,866469,Entire home/apt,,South Parkdale (85),6,5.0,6,2.0,43.0,,43.640597,-79.426624,2017-03-12 15:06:21.838775
14402058,438338,Entire home/apt,,Dovercourt-Wallace Emerson-Junction (93),6,5.0,2,1.0,49.0,,43.660231,-79.441947,2017-03-12 15:06:08.540605
1100022,2372549,Entire home/apt,,Kensington-Chinatown (78),25,4.5,2,1.0,56.0,,43.656344,-79.403668,2017-03-12 15:06:02.721153
14085067,4712179,Entire home/apt,,South Parkdale (85),3,5.0,2,0.0,58.0,,43.637812,-79.431068,2017-03-12 15:05:52.619185
9103255,5522823,Entire home/apt,,South Parkdale (85),9,4.5,2,1.0,58.0,,43.637512,-79.437434,2017-03-12 15:05:52.616938
10880353,13207890,Entire home/apt,,South Parkdale (85),6,4.5,2,1.0,61.0,,43.638682,-79.445482,2017-03-12 15:05:52.611290
11531466,5028571,Entire home/apt,,High Park-Swansea (87),3,5.0,2,1.0,50.0,,43.643285,-79.450959,2017-03-12 15:05:51.902326
11605307,37614987,Entire home/apt,,Little Portugal (84),0,0.0,3,1.0,61.0,,43.641138,-79.423867,2017-03-12 15:05:51.889438
12491922,952999,Entire home/apt,,Roncesvalles (86),4,5.0,2,0.0,49.0,,43.6419,-79.430299,2017-03-12 15:05:51.038476
6847735,3802798,Entire home/apt,,Roncesvalles (86),3,4.5,2,1.0,44.0,,43.641317,-79.440624,2017-03-12 15:05:51.034020
17621023,66956953,Entire home/apt,,Waterfront Communities-The Island (77),0,0.0,2,1.0,61.0,,43.640473,-79.400627,2017-03-12 15:05:51.029298
4912227,2362845,Entire home/apt,,South Parkdale (85),4,5.0,4,1.0,48.0,,43.641594,-79.43165,2017-03-12 15:05:49.578597
16163651,77538408,Entire home/apt,,South Parkdale (85),8,4.5,2,1.0,46.0,,43.634123,-79.42714,2017-03-12 15:05:48.694407
8531383,874803,Entire home/apt,,Dovercourt-Wallace Emerson-Junction (93),49,4.5,2,0.0,42.0,,43.665677,-79.452487,2017-03-12 15:05:45.264361
14872267,49288354,Entire home/apt,,Little Portugal (84),4,4.5,3,1.0,53.0,,43.642134,-79.423672,2017-03-12 15:05:45.260799
9970653,1146057,Entire home/apt,,Roncesvalles (86),20,4.0,3,0.0,49.0,,43.641154,-79.439526,2017-03-12 15:05:43.905224
14930215,56343607,Entire home/apt,,Roncesvalles (86),3,5.0,2,1.0,53.0,,43.643144,-79.438768,2017-03-12 15:05:42.660556
15237590,12243051,Entire home/apt,,Little Portugal (84),4,5.0,4,1.0,61.0,,43.642826,-79.425634,2017-03-12 15:05:38.289949
266300,1396237,Entire home/apt,,Niagara (82),0,0.0,2,1.0,61.0,,43.640471,-79.414915,2017-03-12 15:05:31.168197
6041981,24153556,Entire home/apt,,Niagara (82),19,4.5,2,0.0,54.0,,43.646021,-79.408661,2017-03-12 15:05:30.494567
17186135,114782676,Entire home/apt,,Niagara (82),0,0.0,4,0.0,54.0,,43.636118,-79.411783,2017-03-12 15:05:30.487856
11372814,42159992,Entire home/apt,,Waterfront Communities-The Island (77),0,0.0,3,2.0,61.0,,43.639798,-79.397569,2017-03-12 15:05:30.468046
1142246,6264339,Entire home/apt,,Niagara (82),1,0.0,2,1.0,49.0,,43.63662,-79.405392,2017-03-12 15:05:30.460532
4475899,15007231,Entire home/apt,,Niagara (82),12,4.5,4,1.0,49.0,,43.637997,-79.415509,2017-03-12 15:05:30.453079
9397204,23946931,Entire home/apt,,Waterfront Communities-The Island (77),17,5.0,4,1.0,61.0,,43.640755,-79.397492,2017-03-12 15:05:29.076825
9149223,2088335,Entire home/apt,,Niagara (82),6,5.0,3,1.0,52.0,,43.641919,-79.413978,2017-03-12 15:05:29.071474
9981575,44261816,Entire home/apt,,Niagara (82),9,5.0,3,1.0,58.0,,43.637365,-79.401818,2017-03-12 15:05:29.068983
5287507,14186158,Entire home/apt,,Niagara (82),32,5.0,3,1.0,55.0,,43.639665,-79.41457,2017-03-12 15:05:29.057940
4417366,17221001,Entire home/apt,,Waterfront Communities-The Island (77),0,0.0,4,1.0,49.0,,43.639007,-79.398351,2017-03-12 15:05:24.012387
12507971,67703526,Entire home/apt,,Church-Yonge Corridor (75),0,0.0,2,1.0,61.0,,43.656251,-79.380293,2017-03-12 15:05:21.363982
4624314,23950930,Entire home/apt,,Waterfront Communities-The Island (77),1,0.0,4,1.0,61.0,,43.645721,-79.388709,2017-03-12 15:05:21.354338
11687048,33302701,Entire home/apt,,Waterfront Communities-The Island (77),1,0.0,2,1.0,62.0,,43.637915,-79.385914,2017-03-12 15:05:19.847546
3328033,11223306,Entire home/apt,,Annex (95),12,5.0,3,1.0,61.0,,43.674767,-79.393226,2017-03-12 15:05:14.986208
16145461,44307348,Entire home/apt,,Church-Yonge Corridor (75),4,5.0,2,0.0,42.0,,43.670272,-79.381291,2017-03-12 15:05:03.389091
7973864,8604906,Entire home/apt,,Cabbagetown-South St.James Town (71),0,0.0,2,0.0,58.0,,43.665605,-79.375857,2017-03-12 15:05:03.384603
9346672,48507568,Entire home/apt,,Waterfront Communities-The Island (77),1,0.0,2,1.0,57.0,,43.641192,-79.379802,2017-03-12 15:04:53.376638
13291735,75003792,Entire home/apt,,Niagara (82),11,4.0,4,1.0,46.0,,43.643318,-79.404465,2017-03-12 15:04:52.008401
16299702,71341531,Entire home/apt,,Waterfront Communities-The Island (77),1,0.0,3,1.0,58.0,,43.638122,-79.398781,2017-03-12 15:04:50.756906
10852250,943216,Entire home/apt,,Moss Park (73),19,5.0,4,1.0,58.0,,43.652947,-79.367717,2017-03-12 15:04:49.284767
9665708,33844494,Entire home/apt,,Waterfront Communities-The Island (77),8,5.0,2,1.0,60.0,,43.639166,-79.388085,2017-03-12 15:04:49.269969
13847135,65683597,Entire home/apt,,Dovercourt-Wallace Emerson-Junction (93),7,4.0,3,1.0,54.0,,43.659737,-79.443132,2017-03-12 15:03:49.336542
14630218,49735328,Entire home/apt,,Roncesvalles (86),3,4.5,4,1.0,46.0,,43.645462,-79.443883,2017-03-12 15:03:48.381605
17464910,25284015,Entire home/apt,,Dovercourt-Wallace Emerson-Junction (93),0,0.0,6,2.0,58.0,,43.664098,-79.455822,2017-03-12 15:03:48.368976
11949355,23453731,Entire home/apt,,Roncesvalles (86),1,0.0,2,1.0,61.0,,43.644661,-79.441724,2017-03-12 15:03:47.108478
6885500,27240047,Entire home/apt,,Little Portugal (84),96,5.0,2,1.0,46.0,,43.65128,-79.433548,2017-03-12 15:03:47.092194
3875491,20024401,Entire home/apt,,High Park-Swansea (87),49,4.5,4,1.0,61.0,,43.64477,-79.449386,2017-03-12 15:03:47.086804
16003673,1982132,Entire home/apt,,Dovercourt-Wallace Emerson-Junction (93),5,5.0,2,1.0,49.0,,43.662809,-79.443078,2017-03-12 15:03:47.081337
12175657,65416939,Entire home/apt,,Dovercourt-Wallace Emerson-Junction (93),0,0.0,2,2.0,54.0,,43.661673,-79.453446,2017-03-12 15:03:47.078941
10120321,51935587,Entire home/apt,,Dovercourt-Wallace Emerson-Junction (93),1,0.0,2,1.0,46.0,,43.665033,-79.456088,2017-03-12 15:03:45.652412
15019325,29884220,Entire home/apt,,Dovercourt-Wallace Emerson-Junction (93),5,4.5,4,2.0,56.0,,43.663818,-79.454595,2017-03-12 15:03:45.624997
6675991,1426988,Entire home/apt,,Dovercourt-Wallace Emerson-Junction (93),27,4.5,4,0.0,46.0,,43.663217,-79.440246,2017-03-12 15:03:44.107753
13565323,10583448,Entire home/apt,,Junction Area (90),6,5.0,4,1.0,47.0,,43.663306,-79.458251,2017-03-12 15:03:44.102117
10656139,53061286,Entire home/apt,,High Park North (88),26,4.5,2,1.0,55.0,,43.655994,-79.454513,2017-03-12 15:03:42.869227
6710961,2062404,Entire home/apt,,Little Portugal (84),5,5.0,2,1.0,58.0,,43.646821,-79.436188,2017-03-12 15:03:42.855840
14141086,8780911,Entire home/apt,,High Park North (88),1,0.0,1,1.0,55.0,,43.660095,-79.453944,2017-03-12 15:03:41.903524
17386113,9348578,Entire home/apt,,Dovercourt-Wallace Emerson-Junction (93),1,0.0,3,1.0,53.0,,43.665626,-79.453322,2017-03-12 15:03:41.901300
10390870,8573146,Entire home/apt,,High Park North (88),74,5.0,4,2.0,45.0,,43.655192,-79.458467,2017-03-12 15:03:41.891828
16635760,103420587,Entire home/apt,,Dovercourt-Wallace Emerson-Junction (93),3,5.0,4,1.0,61.0,,43.660572,-79.451435,2017-03-12 15:03:40.785475
10453200,53855867,Entire home/apt,,Dufferin Grove (83),28,5.0,2,1.0,45.0,,43.650381,-79.438305,2017-03-12 15:03:39.418335
1902992,6034608,Entire home/apt,,Waterfront Communities-The Island (77),8,4.0,2,1.0,62.0,,43.645925,-79.398697,2017-03-12 15:03:37.460974
3773198,10731800,Entire home/apt,,Trinity-Bellwoods (81),4,5.0,2,1.0,61.0,,43.645425,-79.4199,2017-03-12 15:03:37.457667
14040705,28593882,Entire home/apt,,Niagara (82),2,0.0,2,1.0,58.0,,43.645674,-79.404857,2017-03-12 15:03:37.449566
13379030,76030814,Entire home/apt,,Niagara (82),3,3.5,2,1.0,59.0,,43.643465,-79.408078,2017-03-12 15:03:37.443748
14359601,88040607,Entire home/apt,,Waterfront Communities-The Island (77),0,0.0,3,1.0,58.0,,43.646982,-79.395967,2017-03-12 15:03:37.437993
13559666,9230842,Entire home/apt,,Little Portugal (84),0,0.0,2,1.0,62.0,,43.643763,-79.427321,2017-03-12 15:03:35.794872
13753053,377040,Entire home/apt,,Waterfront Communities-The Island (77),9,5.0,2,0.0,49.0,,43.647826,-79.399938,2017-03-12 15:03:35.780851
6168891,2670362,Entire home/apt,,Waterfront Communities-The Island (77),58,4.5,3,1.0,42.0,,43.644285,-79.399824,2017-03-12 15:03:34.686294
11166644,44879102,Entire home/apt,,Niagara (82),0,0.0,2,1.0,54.0,,43.643918,-79.409136,2017-03-12 15:03:32.981820
16688356,110489178,Entire home/apt,,Waterfront Communities-The Island (77),3,4.5,3,1.0,61.0,,43.644966,-79.4025,2017-03-12 15:03:32.979318
13813492,33249551,Entire home/apt,,Waterfront Communities-The Island (77),9,4.5,2,0.0,49.0,,43.647479,-79.400476,2017-03-12 15:03:32.965548
13989631,8118924,Entire home/apt,,Niagara (82),9,4.5,2,0.0,46.0,,43.644238,-79.411688,2017-03-12 15:03:31.672465
16252415,13066292,Entire home/apt,,Little Portugal (84),4,4.5,2,1.0,53.0,,43.647832,-79.431247,2017-03-12 15:03:31.664346
1570103,8349056,Entire home/apt,,Little Portugal (84),97,4.5,3,1.0,58.0,,43.644337,-79.425968,2017-03-12 15:03:31.661581
11324058,2617399,Entire home/apt,,Trinity-Bellwoods (81),41,4.5,4,1.0,52.0,,43.647668,-79.405811,2017-03-12 15:03:31.638677
15020452,1752266,Entire home/apt,,Palmerston-Little Italy (80),6,5.0,2,0.0,46.0,,43.657414,-79.419585,2017-03-12 15:03:31.634710
9767336,8196256,Entire home/apt,,Little Portugal (84),52,5.0,2,1.0,61.0,,43.643427,-79.427384,2017-03-12 15:03:30.321488
2473214,3882347,Entire home/apt,,Trinity-Bellwoods (81),28,4.5,5,2.0,58.0,,43.647664,-79.423886,2017-03-12 15:03:30.315096
12092321,8828138,Entire home/apt,,Palmerston-Little Italy (80),3,5.0,2,1.0,61.0,,43.657881,-79.421596,2017-03-12 15:03:30.293139
703084,3136610,Entire home/apt,,Little Portugal (84),10,5.0,4,2.0,55.0,,43.651686,-79.427108,2017-03-12 15:03:27.988659
15796996,4042992,Entire home/apt,,Dovercourt-Wallace Emerson-Junction (93),4,4.5,4,1.0,61.0,,43.666666,-79.447088,2017-03-12 15:03:22.744521
14530738,315019,Entire home/apt,,Corso Italia-Davenport (92),4,5.0,2,1.0,58.0,,43.677401,-79.448196,2017-03-12 15:03:21.391106
12094241,64835839,Entire home/apt,,Corso Italia-Davenport (92),6,4.5,3,1.0,58.0,,43.67849,-79.454689,2017-03-12 15:03:21.377631
13495822,68563091,Entire home/apt,,Dovercourt-Wallace Emerson-Junction (93),17,5.0,4,1.0,49.0,,43.668611,-79.424278,2017-03-12 15:03:21.371115
10855375,56228412,Entire home/apt,,Corso Italia-Davenport (92),30,5.0,4,1.0,61.0,,43.67381,-79.441066,2017-03-12 15:03:19.715537
12283185,66185734,Entire home/apt,,Corso Italia-Davenport (92),2,0.0,2,1.0,53.0,,43.682364,-79.456303,2017-03-12 15:03:19.711030
15499620,99552785,Entire home/apt,,Corso Italia-Davenport (92),2,0.0,2,1.0,46.0,,43.678091,-79.456524,2017-03-12 15:03:18.382307
269355,1411076,Entire home/apt,,Yonge-St.Clair (97),0,0.0,5,3.0,59.0,,43.684359,-79.400531,2017-03-12 15:03:17.198115
13888994,6959869,Entire home/apt,,Dovercourt-Wallace Emerson-Junction (93),4,4.5,2,0.0,46.0,,43.669573,-79.426143,2017-03-12 15:03:15.955671
882538,992557,Entire home/apt,,Wychwood (94),30,4.5,2,1.0,49.0,,43.67517,-79.421783,2017-03-12 15:03:15.945293
15744788,7666731,Entire home/apt,,Annex (95),0,0.0,4,2.0,58.0,,43.672721,-79.412101,2017-03-12 15:03:15.937263
6328347,32937775,Entire home/apt,,Dovercourt-Wallace Emerson-Junction (93),43,5.0,2,0.0,49.0,,43.668068,-79.430516,2017-03-12 15:03:14.681041
1015594,4202607,Entire home/apt,,Annex (95),18,4.5,2,1.0,43.0,,43.669506,-79.416739,2017-03-12 15:03:14.674436
12324479,4194989,Entire home/apt,,Dufferin Grove (83),9,4.5,2,0.0,57.0,,43.660177,-79.430205,2017-03-12 15:03:10.329684
8826123,3817220,Entire home/apt,,Palmerston-Little Italy (80),1,0.0,3,2.0,57.0,,43.656798,-79.420727,2017-03-12 15:03:10.326593
16454414,107937118,Entire home/apt,,Trinity-Bellwoods (81),1,0.0,4,1.0,54.0,,43.648104,-79.420391,2017-03-12 15:03:10.324290
8187499,22735519,Entire home/apt,,High Park North (88),3,4.0,3,0.0,49.0,,43.656611,-79.452611,2017-03-12 15:03:10.311897
14488875,82779173,Entire home/apt,,Dovercourt-Wallace Emerson-Junction (93),3,4.5,3,1.0,58.0,,43.670235,-79.424504,2017-03-12 15:03:08.943519
15236345,5264658,Entire home/apt,,Corso Italia-Davenport (92),1,0.0,2,1.0,61.0,,43.678022,-79.435642,2017-03-12 15:03:08.930279
6766061,1606978,Entire home/apt,,Corso Italia-Davenport (92),2,0.0,4,1.0,61.0,,43.675145,-79.437569,2017-03-12 15:03:08.926105
1937092,5099605,Entire home/apt,,Trinity-Bellwoods (81),11,5.0,2,1.0,61.0,,43.651418,-79.415434,2017-03-12 15:03:08.919994
2087575,10656885,Entire home/apt,,Palmerston-Little Italy (80),11,5.0,2,0.0,42.0,,43.656372,-79.422494,2017-03-12 15:03:08.906998
15054844,95160293,Entire home/apt,,Corso Italia-Davenport (92),0,0.0,2,1.0,53.0,,43.674066,-79.438918,2017-03-12 15:03:06.693066
1100282,2367548,Entire home/apt,,Dovercourt-Wallace Emerson-Junction (93),60,5.0,4,2.0,54.0,,43.664193,-79.423543,2017-03-12 15:03:06.690678
7412476,5533430,Entire home/apt,,Wychwood (94),0,0.0,6,3.0,47.0,,43.675785,-79.432783,2017-03-12 15:03:06.687685
3852225,561548,Entire home/apt,,Trinity-Bellwoods (81),53,4.5,2,0.0,54.0,,43.654308,-79.418665,2017-03-12 15:03:06.685316
8052249,10857164,Entire home/apt,,Dufferin Grove (83),15,4.5,2,0.0,55.0,,43.654935,-79.442493,2017-03-12 15:03:06.682769
12852949,3898903,Entire home/apt,,Little Portugal (84),2,0.0,3,1.0,61.0,,43.650977,-79.4314,2017-03-12 15:03:06.678268
16257721,21416577,Entire home/apt,,Waterfront Communities-The Island (77),24,5.0,2,1.0,75.0,,43.643051,-79.379399,2017-03-12 15:26:40.225575
7834160,41257294,Entire home/apt,,Trinity-Bellwoods (81),87,5.0,4,1.0,73.0,,43.652695,-79.414508,2017-03-12 15:26:40.222089
5116831,26442166,Entire home/apt,,Roncesvalles (86),168,4.5,2,1.0,75.0,,43.643483,-79.446955,2017-03-12 15:26:40.219382
9862855,15149368,Entire home/apt,,Waterfront Communities-The Island (77),123,5.0,2,1.0,75.0,,43.638849,-79.39436,2017-03-12 15:26:40.209713
15701100,24425710,Entire home/apt,,Waterfront Communities-The Island (77),16,5.0,2,1.0,76.0,,43.639507,-79.39782,2017-03-12 15:26:40.206539
15362533,45849061,Entire home/apt,,Wychwood (94),30,5.0,3,1.0,74.0,,43.679524,-79.426236,2017-03-12 15:26:40.204099
17460906,28777416,Entire home/apt,,Bay Street Corridor (76),0,0.0,3,1.0,69.0,,43.655614,-79.384659,2017-03-12 15:26:40.201199
11296492,59031379,Entire home/apt,,Eringate-Centennial-West Deane (11),15,5.0,4,2.0,58.0,,43.659814,-79.576716,2017-03-12 15:26:36.318854
16230002,14207147,Entire home/apt,,Islington-City Centre West (14),1,0.0,3,1.0,61.0,,43.609328,-79.556268,2017-03-12 15:26:34.947254
7842745,8223059,Entire home/apt,,Long Branch (19),15,4.5,3,0.0,60.0,,43.59621,-79.522884,2017-03-12 15:26:30.040365
9058524,12809035,Entire home/apt,,Long Branch (19),5,5.0,2,1.0,58.0,,43.59173,-79.544274,2017-03-12 15:26:28.823657
8400387,44256510,Entire home/apt,,Alderwood (20),0,0.0,2,1.0,61.0,,43.595894,-79.547122,2017-03-12 15:26:28.816234
7966411,41946894,Entire home/apt,,Alderwood (20),35,5.0,2,1.0,58.0,,43.604626,-79.530192,2017-03-12 15:26:28.800675
12655186,2017328,Entire home/apt,,Mimico (includes Humber Bay Shores) (17),2,0.0,4,1.0,58.0,,43.627089,-79.477317,2017-03-12 15:26:13.071567
14093906,11604753,Entire home/apt,,Stonegate-Queensway (16),7,4.5,2,0.0,49.0,,43.625286,-79.496711,2017-03-12 15:24:02.310535
12813564,58907571,Entire home/apt,,New Toronto (18),62,4.5,5,0.0,53.0,,43.599029,-79.514205,2017-03-12 15:24:02.304817
17415563,117768695,Entire home/apt,,New Toronto (18),0,0.0,5,2.0,53.0,,43.604402,-79.504758,2017-03-12 15:23:59.911557
13435303,76646208,Entire home/apt,,New Toronto (18),6,4.0,2,0.0,42.0,,43.602824,-79.516232,2017-03-12 15:23:55.985229
10631913,21451716,Entire home/apt,,Moss Park (73),10,4.0,2,0.0,42.0,,43.654792,-79.368175,2017-03-12 15:21:40.718781
10833905,24617409,Entire home/apt,,Playter Estates-Danforth (67),0,0.0,4,1.0,46.0,,43.676852,-79.357987,2017-03-12 15:21:39.418216
3041558,11098452,Entire home/apt,,Mimico (includes Humber Bay Shores) (17),24,5.0,2,2.0,58.0,,43.609842,-79.494785,2017-03-12 15:20:40.425238
15741268,58100203,Entire home/apt,,Rockcliffe-Smythe (111),6,5.0,3,2.0,52.0,,43.677967,-79.496158,2017-03-12 15:20:29.619996
12522292,34685309,Entire home/apt,,Willowridge-Martingrove-Richview (7),0,0.0,1,1.0,58.0,,43.675601,-79.564092,2017-03-12 15:20:29.615299
15569699,97541171,Entire home/apt,,Princess-Rosethorn (10),1,0.0,2,1.0,49.0,,43.671639,-79.559318,2017-03-12 15:20:29.605101
6327641,13093346,Entire home/apt,,Eringate-Centennial-West Deane (11),4,5.0,3,0.0,49.0,,43.660569,-79.566693,2017-03-12 15:20:28.391524
7929330,10875766,Entire home/apt,,High Park North (88),0,0.0,2,1.0,59.0,,43.658687,-79.45355,2017-03-12 15:03:06.673731
3340009,7895355,Entire home/apt,,Little Portugal (84),27,4.5,3,0.0,61.0,,43.648947,-79.43054,2017-03-12 15:03:06.662479
3857750,9010115,Entire home/apt,,Trinity-Bellwoods (81),5,5.0,1,1.0,61.0,,43.652014,-79.425724,2017-03-12 15:03:06.660313
16840112,112107453,Entire home/apt,,Oakwood Village (107),0,0.0,4,2.0,61.0,,43.680188,-79.439723,2017-03-12 15:03:05.600705
10070278,22992655,Entire home/apt,,Palmerston-Little Italy (80),0,0.0,2,1.0,54.0,,43.656773,-79.427171,2017-03-12 15:03:05.592866
3957407,1447738,Entire home/apt,,Dufferin Grove (83),57,4.0,2,1.0,54.0,,43.660882,-79.430404,2017-03-12 15:03:05.586315
13959825,83163854,Entire home/apt,,Dovercourt-Wallace Emerson-Junction (93),3,4.0,2,1.0,58.0,,43.660663,-79.444201,2017-03-12 15:03:05.582136
4614501,4882632,Entire home/apt,,Palmerston-Little Italy (80),2,0.0,3,2.0,55.0,,43.655486,-79.424452,2017-03-12 15:03:05.579106
12667659,68823968,Entire home/apt,,Casa Loma (96),2,0.0,5,3.0,58.0,,43.680369,-79.417145,2017-03-12 15:03:05.573434
5242136,183010,Entire home/apt,,Palmerston-Little Italy (80),10,5.0,2,0.0,60.0,,43.658713,-79.422842,2017-03-12 15:03:05.568268
17176475,9227350,Entire home/apt,,Dovercourt-Wallace Emerson-Junction (93),0,0.0,3,1.0,61.0,,43.665163,-79.452377,2017-03-12 15:03:03.919212
16459541,32026372,Entire home/apt,,Trinity-Bellwoods (81),3,3.0,4,1.0,58.0,,43.648705,-79.409371,2017-03-12 15:03:03.914499
4504486,21064758,Entire home/apt,,University (79),4,4.5,2,1.0,58.0,,43.667167,-79.40082,2017-03-12 15:03:03.911266
418791,2082581,Entire home/apt,,Dufferin Grove (83),3,5.0,2,1.0,49.0,,43.653953,-79.431322,2017-03-12 15:03:03.908179
1912746,9923100,Entire home/apt,,Annex (95),45,4.5,3,1.0,56.0,,43.667491,-79.410257,2017-03-12 15:03:03.903325
13326533,75394793,Entire home/apt,,Annex (95),4,4.0,2,0.0,58.0,,43.671774,-79.417946,2017-03-12 15:03:03.899145
12648927,10416823,Entire home/apt,,Dufferin Grove (83),2,0.0,5,2.0,54.0,,43.655468,-79.429061,2017-03-12 15:03:03.896332
7879825,41536829,Entire home/apt,,Trinity-Bellwoods (81),24,4.5,2,1.0,61.0,,43.651666,-79.420438,2017-03-12 15:03:03.890986
14670810,35426319,Entire home/apt,,Dufferin Grove (83),5,5.0,4,1.0,46.0,,43.660401,-79.432639,2017-03-12 15:03:03.884300
14547296,11819073,Entire home/apt,,Little Portugal (84),2,0.0,2,1.0,47.0,,43.650975,-79.433072,2017-03-12 15:03:03.881781
10854857,5952691,Entire home/apt,,Dufferin Grove (83),1,0.0,4,2.0,61.0,,43.656304,-79.445521,2017-03-12 15:03:02.599643
12434522,19876305,Entire home/apt,,Palmerston-Little Italy (80),0,0.0,4,1.0,61.0,,43.657905,-79.4148,2017-03-12 15:03:02.587749
14092227,12307076,Entire home/apt,,Trinity-Bellwoods (81),7,4.5,2,1.0,58.0,,43.652094,-79.415728,2017-03-12 15:03:02.578876
13248595,6449313,Entire home/apt,,Dufferin Grove (83),7,4.5,4,1.0,60.0,,43.656334,-79.446932,2017-03-12 15:03:02.569549
17095811,1792110,Entire home/apt,,Dufferin Grove (83),5,5.0,2,0.0,57.0,,43.653235,-79.43138,2017-03-12 15:03:01.363211
12469595,7458564,Entire home/apt,,Dovercourt-Wallace Emerson-Junction (93),6,4.5,2,1.0,49.0,,43.667155,-79.434013,2017-03-12 15:03:01.360861
8828259,3125929,Entire home/apt,,Dovercourt-Wallace Emerson-Junction (93),0,0.0,2,1.0,49.0,,43.660245,-79.437134,2017-03-12 15:03:01.354503
17545967,119037222,Entire home/apt,,Roncesvalles (86),0,0.0,2,1.0,61.0,,43.653798,-79.448131,2017-03-12 15:03:01.347400
6170132,5491554,Entire home/apt,,Trinity-Bellwoods (81),13,4.5,4,1.0,58.0,,43.650781,-79.414301,2017-03-12 15:03:00.153810
13845744,49450694,Entire home/apt,,Dufferin Grove (83),2,0.0,3,1.0,61.0,,43.660114,-79.433903,2017-03-12 15:03:00.141342
16337770,3652409,Entire home/apt,,Dovercourt-Wallace Emerson-Junction (93),0,0.0,2,0.0,46.0,,43.66451,-79.429307,2017-03-12 15:03:00.139193
13141165,13066292,Entire home/apt,,Little Portugal (84),1,0.0,2,0.0,47.0,,43.648582,-79.435054,2017-03-12 15:03:00.137054
11007822,35025029,Entire home/apt,,Dufferin Grove (83),29,4.0,6,2.0,54.0,,43.650804,-79.437228,2017-03-12 15:03:00.126778
1242173,1711180,Entire home/apt,,Dufferin Grove (83),17,5.0,2,1.0,58.0,,43.658614,-79.430318,2017-03-12 15:03:00.124020
6902115,36170956,Entire home/apt,,Dovercourt-Wallace Emerson-Junction (93),10,4.5,2,0.0,48.0,,43.661353,-79.438458,2017-03-12 15:02:58.669622
6758870,1536240,Entire home/apt,,Dovercourt-Wallace Emerson-Junction (93),0,0.0,2,0.0,49.0,,43.658735,-79.442543,2017-03-12 15:02:58.662719
10669333,20109459,Entire home/apt,,Dovercourt-Wallace Emerson-Junction (93),1,0.0,2,1.0,46.0,,43.667269,-79.429285,2017-03-12 15:02:58.653360
1343148,6080212,Entire home/apt,,Little Portugal (84),44,5.0,2,1.0,44.0,,43.651037,-79.429753,2017-03-12 15:02:58.650530
8614948,14718582,Entire home/apt,,Dufferin Grove (83),1,0.0,4,1.0,61.0,,43.657656,-79.44102,2017-03-12 15:02:57.327099
599591,2771272,Entire home/apt,,Dufferin Grove (83),89,5.0,4,1.0,58.0,,43.653545,-79.435079,2017-03-12 15:02:57.304594
17119101,11096212,Entire home/apt,,Little Portugal (84),0,0.0,1,1.0,58.0,,43.652409,-79.426871,2017-03-12 15:02:55.936719
15068588,66057765,Entire home/apt,,Annex (95),6,3.5,3,1.0,61.0,,43.66561,-79.411339,2017-03-12 15:02:55.926244
14406420,9727027,Entire home/apt,,Trinity-Bellwoods (81),5,4.5,3,1.0,54.0,,43.65446,-79.416703,2017-03-12 15:02:55.918778
17557924,116303532,Entire home/apt,,Roncesvalles (86),0,0.0,3,1.0,54.0,,43.65247,-79.448357,2017-03-12 15:02:54.527363
15974160,9727027,Entire home/apt,,Trinity-Bellwoods (81),2,0.0,3,1.0,54.0,,43.653807,-79.415845,2017-03-12 15:02:54.521460
11700027,62183169,Entire home/apt,,Dovercourt-Wallace Emerson-Junction (93),45,4.5,2,1.0,49.0,,43.664189,-79.434764,2017-03-12 15:02:54.516734
14161652,85648444,Entire home/apt,,Dovercourt-Wallace Emerson-Junction (93),2,0.0,3,1.0,61.0,,43.665786,-79.448256,2017-03-12 15:02:54.512528
6195255,16384347,Entire home/apt,,Dovercourt-Wallace Emerson-Junction (93),59,5.0,2,0.0,58.0,,43.660522,-79.448667,2017-03-12 15:02:54.506139
15069893,32598702,Entire home/apt,,Dovercourt-Wallace Emerson-Junction (93),2,0.0,2,1.0,54.0,,43.664311,-79.446889,2017-03-12 15:02:53.566043
10875136,3935644,Entire home/apt,,Dufferin Grove (83),0,0.0,2,1.0,54.0,,43.660341,-79.430271,2017-03-12 15:02:53.560333
14399016,88503001,Entire home/apt,,Dovercourt-Wallace Emerson-Junction (93),0,0.0,1,1.0,42.0,,43.666716,-79.425712,2017-03-12 15:02:53.556197
13635562,12651797,Entire home/apt,,Dovercourt-Wallace Emerson-Junction (93),1,0.0,4,2.0,61.0,,43.663579,-79.423746,2017-03-12 15:02:52.262351
13475435,2853930,Entire home/apt,,Little Portugal (84),24,5.0,2,0.0,62.0,,43.651151,-79.435042,2017-03-12 15:02:52.246912
13912049,71465348,Entire home/apt,,Oakwood Village (107),27,4.5,3,1.0,52.0,,43.680251,-79.441904,2017-03-12 15:02:50.776565
3463009,17448806,Entire home/apt,,Little Portugal (84),36,4.5,2,1.0,62.0,,43.64999,-79.435371,2017-03-12 15:02:50.771028
12433267,14441120,Entire home/apt,,Dovercourt-Wallace Emerson-Junction (93),34,4.5,2,0.0,61.0,,43.658008,-79.450147,2017-03-12 15:02:50.745827
6373748,33211494,Entire home/apt,,Dovercourt-Wallace Emerson-Junction (93),4,5.0,2,0.0,61.0,,43.665478,-79.42462,2017-03-12 15:02:49.330436
14370782,76137509,Entire home/apt,,Dovercourt-Wallace Emerson-Junction (93),33,5.0,4,1.0,61.0,,43.66713,-79.420826,2017-03-12 15:02:47.824029
2028709,10412734,Entire home/apt,,Dovercourt-Wallace Emerson-Junction (93),16,5.0,2,0.0,55.0,,43.661238,-79.451804,2017-03-12 15:02:47.804985
17538920,69550084,Entire home/apt,,Dovercourt-Wallace Emerson-Junction (93),0,0.0,4,1.0,61.0,,43.668357,-79.429881,2017-03-12 15:02:47.800958
9214826,46024106,Entire home/apt,,Dovercourt-Wallace Emerson-Junction (93),68,4.5,3,1.0,49.0,,43.664934,-79.436118,2017-03-12 15:02:46.611563
13377856,1017461,Entire home/apt,,Dovercourt-Wallace Emerson-Junction (93),8,5.0,2,1.0,46.0,,43.662905,-79.442906,2017-03-12 15:02:45.475683
6878963,36046067,Entire home/apt,,Trinity-Bellwoods (81),0,0.0,4,1.0,61.0,,43.64933,-79.404995,2017-03-12 15:02:44.288772
14867871,24901624,Entire home/apt,,Waterfront Communities-The Island (77),5,5.0,3,1.0,61.0,,43.648137,-79.371714,2017-03-12 15:02:44.286580
16869870,35511116,Entire home/apt,,Palmerston-Little Italy (80),0,0.0,2,1.0,52.0,,43.656999,-79.408096,2017-03-12 15:02:44.282752
10266160,4955139,Entire home/apt,,Annex (95),3,4.5,2,0.0,54.0,,43.667977,-79.405888,2017-03-12 15:02:44.273846
16148304,39402171,Entire home/apt,,Annex (95),2,0.0,2,1.0,52.0,,43.67514,-79.396058,2017-03-12 15:02:42.926647
15476654,19148752,Entire home/apt,,Bay Street Corridor (76),1,0.0,3,1.0,54.0,,43.667923,-79.388147,2017-03-12 15:02:42.916537
7009190,5511805,Entire home/apt,,Waterfront Communities-The Island (77),0,0.0,2,1.0,61.0,,43.6506,-79.365109,2017-03-12 15:02:42.912004
10831675,5038458,Entire home/apt,,Annex (95),1,0.0,4,2.0,62.0,,43.669536,-79.404053,2017-03-12 15:02:42.907354
13722939,28973711,Entire home/apt,,Palmerston-Little Italy (80),0,0.0,2,1.0,43.0,,43.655814,-79.411472,2017-03-12 15:02:42.902760
613695,2741309,Entire home/apt,,Palmerston-Little Italy (80),0,0.0,4,0.0,58.0,,43.659577,-79.412573,2017-03-12 15:02:42.899889
16722062,7135549,Entire home/apt,,Kensington-Chinatown (78),1,0.0,2,0.0,61.0,,43.656378,-79.403384,2017-03-12 15:02:42.896031
14741235,79810464,Entire home/apt,,Bay Street Corridor (76),2,0.0,2,0.0,62.0,,43.666047,-79.388147,2017-03-12 15:02:42.886672
6336491,28181139,Entire home/apt,,Bay Street Corridor (76),5,4.5,4,1.0,58.0,,43.666603,-79.388823,2017-03-12 15:02:41.723376
16506847,62254257,Entire home/apt,,Palmerston-Little Italy (80),0,0.0,3,3.0,61.0,,43.65842,-79.412388,2017-03-12 15:02:41.714451
8255071,6693994,Entire home/apt,,Waterfront Communities-The Island (77),1,0.0,2,1.0,53.0,,43.650043,-79.38947,2017-03-12 15:02:41.707730
13436270,40551369,Entire home/apt,,Bay Street Corridor (76),7,4.5,2,1.0,59.0,,43.65176,-79.382554,2017-03-12 15:02:41.701429
13274931,74809341,Entire home/apt,,Playter Estates-Danforth (67),11,5.0,2,1.0,58.0,,43.680249,-79.360976,2017-03-12 15:02:41.698330
1143885,6271916,Entire home/apt,,Kensington-Chinatown (78),9,5.0,2,1.0,55.0,,43.654665,-79.39089,2017-03-12 15:02:41.685470
13476193,10065239,Entire home/apt,,Annex (95),1,0.0,2,0.0,61.0,,43.66931,-79.399482,2017-03-12 15:02:40.822069
6226435,30354718,Entire home/apt,,Waterfront Communities-The Island (77),0,0.0,1,1.0,54.0,,43.64891,-79.388334,2017-03-12 15:02:40.815187
16180066,103698287,Entire home/apt,,Bay Street Corridor (76),0,0.0,4,1.0,60.0,,43.66807,-79.387116,2017-03-12 15:02:39.474398
3951306,20479453,Entire home/apt,,Trinity-Bellwoods (81),3,5.0,1,0.0,58.0,,43.65135,-79.409832,2017-03-12 15:02:39.465113
4933277,377040,Entire home/apt,,Kensington-Chinatown (78),31,4.5,2,0.0,49.0,,43.648635,-79.400524,2017-03-12 15:02:39.456444
6337453,3941039,Entire home/apt,,Kensington-Chinatown (78),16,5.0,3,1.0,61.0,,43.651931,-79.39025,2017-03-12 15:02:39.451354
3433957,17306531,Entire home/apt,,Rosedale-Moore Park (98),1,0.0,3,2.0,52.0,,43.674122,-79.386335,2017-03-12 15:02:39.443070
6119077,3652409,Entire home/apt,,Trinity-Bellwoods (81),41,5.0,2,1.0,58.0,,43.648829,-79.4075,2017-03-12 15:02:38.422446
17406344,19509784,Entire home/apt,,Bay Street Corridor (76),0,0.0,4,1.0,61.0,,43.649784,-79.382834,2017-03-12 15:02:38.419697
10689777,32304883,Entire home/apt,,Bay Street Corridor (76),0,0.0,2,0.0,54.0,,43.649757,-79.378453,2017-03-12 15:02:38.415587
8760673,21936860,Entire home/apt,,Annex (95),0,0.0,2,1.0,54.0,,43.67157,-79.389213,2017-03-12 15:02:33.653432
2935549,534666,Entire home/apt,,Oakwood Village (107),6,3.5,4,2.0,61.0,,43.681833,-79.431934,2017-03-12 15:02:25.849988
1524783,8135652,Entire home/apt,,Corso Italia-Davenport (92),1,0.0,2,2.0,54.0,,43.681941,-79.450178,2017-03-12 15:02:25.843191
12068676,17976889,Entire home/apt,,Oakwood Village (107),6,4.0,3,2.0,50.0,,43.690849,-79.445464,2017-03-12 15:02:25.837337
9813907,40879868,Entire home/apt,,Wychwood (94),0,0.0,4,1.0,49.0,,43.681135,-79.429605,2017-03-12 15:02:24.514229
13162966,73514916,Entire home/apt,,Oakwood Village (107),9,5.0,4,2.0,52.0,,43.685913,-79.44495,2017-03-12 15:02:24.507141
3563823,2515227,Entire home/apt,,Humewood-Cedarvale (106),9,4.5,3,1.0,46.0,,43.686758,-79.42058,2017-03-12 15:02:24.499615
15186902,30053002,Entire home/apt,,Humewood-Cedarvale (106),4,5.0,2,1.0,58.0,,43.685027,-79.4204,2017-03-12 15:02:23.110591
13352688,75705922,Entire home/apt,,Yorkdale-Glen Park (31),3,4.0,2,1.0,49.0,,43.713607,-79.452038,2017-03-12 15:02:21.608216
16782638,26384854,Entire home/apt,,Yonge-St.Clair (97),0,0.0,2,1.0,58.0,,43.682369,-79.398998,2017-03-12 15:02:18.854692
11037621,57278041,Entire home/apt,,Lawrence Park South (103),1,0.0,2,2.0,58.0,,43.711453,-79.410322,2017-03-12 15:02:17.664520
17499433,118597797,Entire home/apt,,Palmerston-Little Italy (80),0,0.0,2,0.0,61.0,,43.658533,-79.425722,2017-03-12 15:02:12.866939
12265271,66057765,Entire home/apt,,Annex (95),8,3.5,3,0.0,61.0,,43.665461,-79.411277,2017-03-12 15:02:12.855696
15665752,20408425,Entire home/apt,,Palmerston-Little Italy (80),0,0.0,3,1.0,58.0,,43.659654,-79.41807,2017-03-12 15:02:12.853520
8147623,43017328,Entire home/apt,,Dovercourt-Wallace Emerson-Junction (93),46,4.5,5,2.0,61.0,,43.659142,-79.441464,2017-03-12 15:02:12.844476
12761270,21091701,Entire home/apt,,Dufferin Grove (83),1,0.0,1,0.0,61.0,,43.656875,-79.446419,2017-03-12 15:02:12.842143
10598925,27079474,Entire home/apt,,Dovercourt-Wallace Emerson-Junction (93),4,5.0,2,0.0,54.0,,43.665702,-79.433648,2017-03-12 15:02:11.400722
14267696,5211865,Entire home/apt,,Palmerston-Little Italy (80),19,5.0,3,1.0,61.0,,43.66378,-79.412515,2017-03-12 15:02:11.398527
15835280,20408425,Entire home/apt,,Palmerston-Little Italy (80),1,0.0,4,2.0,49.0,,43.658111,-79.416181,2017-03-12 15:02:11.396199
13354238,20768996,Entire home/apt,,Dovercourt-Wallace Emerson-Junction (93),1,0.0,4,1.0,54.0,,43.662233,-79.441044,2017-03-12 15:02:11.381108
14981133,43222872,Entire home/apt,,Wychwood (94),2,0.0,2,1.0,58.0,,43.676647,-79.433886,2017-03-12 15:02:11.377527
4423737,22963537,Entire home/apt,,Annex (95),7,4.5,2,0.0,61.0,,43.667429,-79.404147,2017-03-12 15:02:11.373133
7868885,41471025,Entire home/apt,,Annex (95),0,0.0,1,0.0,61.0,,43.673508,-79.388389,2017-03-12 15:02:10.158630
12624364,27895063,Entire home/apt,,Dovercourt-Wallace Emerson-Junction (93),11,4.5,3,1.0,58.0,,43.669204,-79.427521,2017-03-12 15:02:10.153653
16734125,108180,Entire home/apt,,Dovercourt-Wallace Emerson-Junction (93),0,0.0,2,1.0,49.0,,43.666913,-79.436485,2017-03-12 15:02:10.150851
14933114,93911914,Entire home/apt,,Wychwood (94),1,0.0,5,2.0,61.0,,43.682408,-79.419445,2017-03-12 15:02:10.147995
7180919,7529280,Entire home/apt,,Corso Italia-Davenport (92),2,0.0,2,1.0,49.0,,43.677679,-79.440483,2017-03-12 15:02:10.143692
14592346,90500091,Entire home/apt,,Church-Yonge Corridor (75),0,0.0,2,1.0,61.0,,43.666707,-79.385062,2017-03-12 15:02:10.141421
10475419,20368168,Entire home/apt,,Annex (95),0,0.0,3,1.0,61.0,,43.667346,-79.404912,2017-03-12 15:02:10.138520
1062690,4806305,Entire home/apt,,Dovercourt-Wallace Emerson-Junction (93),15,4.5,3,1.0,61.0,,43.672296,-79.441613,2017-03-12 15:02:08.573918
3859494,4888729,Entire home/apt,,Corso Italia-Davenport (92),81,5.0,3,0.0,61.0,,43.679134,-79.439344,2017-03-12 15:02:08.566527
9633662,42048792,Entire home/apt,,Annex (95),15,4.5,4,0.0,61.0,,43.671758,-79.396753,2017-03-12 15:02:08.551630
15395376,2723838,Entire home/apt,,Palmerston-Little Italy (80),2,0.0,4,1.0,48.0,,43.662696,-79.410606,2017-03-12 15:02:08.548443
4543817,4789501,Entire home/apt,,Palmerston-Little Italy (80),27,4.5,4,1.0,43.0,,43.661656,-79.410829,2017-03-12 15:02:07.327581
13705622,79710102,Entire home/apt,,Mount Pleasant West (104),2,0.0,3,1.0,61.0,,43.70565,-79.39476,2017-03-12 15:02:07.324799
9590428,48026385,Entire home/apt,,Annex (95),0,0.0,2,0.0,61.0,,43.66715,-79.407156,2017-03-12 15:02:07.319761
10967242,1575627,Entire home/apt,,Palmerston-Little Italy (80),0,0.0,3,1.0,46.0,,43.659512,-79.411955,2017-03-12 15:02:07.317736
7029953,36854786,Entire home/apt,,Wychwood (94),17,5.0,4,1.0,61.0,,43.674721,-79.432683,2017-03-12 15:02:07.315021
7481269,37580623,Entire home/apt,,Dufferin Grove (83),6,4.5,2,1.0,46.0,,43.659223,-79.429099,2017-03-12 15:02:07.306290
15898131,66057765,Entire home/apt,,Annex (95),0,0.0,2,0.0,46.0,,43.665159,-79.411201,2017-03-12 15:02:07.300297
8209074,43108722,Entire home/apt,,Palmerston-Little Italy (80),0,0.0,1,0.0,45.0,,43.66068,-79.411289,2017-03-12 15:02:07.297537
9090507,34203071,Entire home/apt,,Dovercourt-Wallace Emerson-Junction (93),3,5.0,2,1.0,46.0,,43.662884,-79.445045,2017-03-12 15:02:07.294727
16439804,16725722,Entire home/apt,,Englemount-Lawrence (32),0,0.0,2,1.0,58.0,,43.717477,-79.441059,2017-03-12 15:02:07.289103
7553435,39589730,Entire home/apt,,Dufferin Grove (83),1,0.0,3,3.0,49.0,,43.655798,-79.440566,2017-03-12 15:02:07.286701
9365510,14564828,Entire home/apt,,Casa Loma (96),15,4.5,2,0.0,49.0,,43.674621,-79.411658,2017-03-12 15:02:05.650747
8666401,45529466,Entire home/apt,,Dovercourt-Wallace Emerson-Junction (93),67,4.5,4,0.0,56.0,,43.660662,-79.439216,2017-03-12 15:02:05.634589
358663,1815434,Entire home/apt,,Palmerston-Little Italy (80),20,4.5,1,1.0,57.0,,43.661947,-79.411414,2017-03-12 15:02:04.326612
10994303,19749678,Entire home/apt,,Wychwood (94),1,0.0,2,1.0,46.0,,43.677631,-79.426382,2017-03-12 15:02:04.322353
6646847,29002074,Entire home/apt,,Annex (95),0,0.0,2,1.0,61.0,,43.67001,-79.402148,2017-03-12 15:02:04.300608
16449256,103698287,Entire home/apt,,Church-Yonge Corridor (75),5,5.0,4,1.0,61.0,,43.669691,-79.386551,2017-03-12 15:02:04.287990
3623351,18252368,Entire home/apt,,Corso Italia-Davenport (92),10,4.5,1,1.0,49.0,,43.682223,-79.447444,2017-03-12 15:02:02.805713
5692553,3212906,Entire home/apt,,Annex (95),5,5.0,4,1.0,46.0,,43.6676,-79.419098,2017-03-12 15:02:02.802611
11189160,58248390,Entire home/apt,,Annex (95),0,0.0,2,0.0,42.0,,43.673214,-79.403907,2017-03-12 15:02:02.793708
3857803,19901761,Entire home/apt,,Annex (95),1,0.0,2,1.0,58.0,,43.668293,-79.410889,2017-03-12 15:02:02.786412
4321434,2192751,Entire home/apt,,Annex (95),1,0.0,2,1.0,62.0,,43.674332,-79.409625,2017-03-12 15:02:02.783641
16189833,89258061,Entire home/apt,,Dovercourt-Wallace Emerson-Junction (93),6,4.0,3,1.0,46.0,,43.669583,-79.445359,2017-03-12 15:02:02.780987
4226957,21936860,Entire home/apt,,Annex (95),2,0.0,2,1.0,54.0,,43.673019,-79.389179,2017-03-12 15:02:02.776362
4080082,20941455,Entire home/apt,,Corso Italia-Davenport (92),20,5.0,3,1.0,61.0,,43.675271,-79.444703,2017-03-12 15:02:01.228877
11414866,34075107,Entire home/apt,,Annex (95),7,5.0,2,1.0,49.0,,43.671111,-79.398171,2017-03-12 15:02:01.223645
14355264,87792021,Entire home/apt,,Dovercourt-Wallace Emerson-Junction (93),6,4.5,6,2.0,61.0,,43.672797,-79.44042,2017-03-12 15:01:59.664524
16061893,7510357,Entire home/apt,,Forest Hill North (102),2,0.0,4,2.0,50.0,,43.701356,-79.439796,2017-03-12 15:01:59.662288
16647065,110021813,Entire home/apt,,Dovercourt-Wallace Emerson-Junction (93),0,0.0,2,1.0,46.0,,43.666435,-79.444499,2017-03-12 15:01:58.464122
17364451,117324732,Entire home/apt,,Dovercourt-Wallace Emerson-Junction (93),0,0.0,4,1.0,52.0,,43.659801,-79.441726,2017-03-12 15:01:58.456342
8355095,4411715,Entire home/apt,,Wychwood (94),0,0.0,2,0.0,49.0,,43.680553,-79.429957,2017-03-12 15:01:58.450475
3513714,3687037,Entire home/apt,,Dovercourt-Wallace Emerson-Junction (93),131,4.0,4,1.0,46.0,,43.667581,-79.428883,2017-03-12 15:01:56.862866
15663375,33136002,Entire home/apt,,Oakwood Village (107),2,0.0,3,0.0,52.0,,43.683067,-79.444173,2017-03-12 15:01:56.855074
13180583,12522930,Entire home/apt,,Dovercourt-Wallace Emerson-Junction (93),15,5.0,2,0.0,55.0,,43.668206,-79.436333,2017-03-12 15:01:56.836423
4144753,12767398,Entire home/apt,,Humewood-Cedarvale (106),1,0.0,4,1.0,55.0,,43.687761,-79.423053,2017-03-12 15:01:55.451058
14715527,377962,Entire home/apt,,Humewood-Cedarvale (106),0,0.0,2,1.0,58.0,,43.683297,-79.424411,2017-03-12 15:01:55.432333
14375289,38366310,Entire home/apt,,Annex (95),17,4.5,2,0.0,59.0,,43.668924,-79.418193,2017-03-12 15:01:55.427018
4205524,4315269,Entire home/apt,,Oakwood Village (107),11,4.5,4,1.0,54.0,,43.683646,-79.43665,2017-03-12 15:01:55.424799
4853419,13444491,Entire home/apt,,Annex (95),15,5.0,4,1.0,61.0,,43.674469,-79.403303,2017-03-12 15:01:54.284722
5850736,30377962,Entire home/apt,,Dovercourt-Wallace Emerson-Junction (93),28,5.0,2,0.0,62.0,,43.661055,-79.435056,2017-03-12 15:01:54.272584
14414777,3058259,Entire home/apt,,Dovercourt-Wallace Emerson-Junction (93),9,5.0,2,1.0,55.0,,43.660068,-79.443212,2017-03-12 15:01:54.262403
14741323,91833837,Entire home/apt,,Wychwood (94),1,0.0,6,3.0,58.0,,43.68031,-79.43026,2017-03-12 15:01:51.382382
14745288,6298098,Entire home/apt,,Annex (95),13,4.0,4,1.0,54.0,,43.668196,-79.408019,2017-03-12 15:01:51.359467
1094362,4315269,Entire home/apt,,Oakwood Village (107),99,4.5,4,0.0,46.0,,43.683049,-79.435225,2017-03-12 15:01:51.349832
1162890,6369663,Entire home/apt,,Dovercourt-Wallace Emerson-Junction (93),170,5.0,2,1.0,46.0,,43.671535,-79.439309,2017-03-12 15:01:50.073819
15144994,39851850,Entire home/apt,,Wychwood (94),9,4.5,3,0.0,46.0,,43.681711,-79.420369,2017-03-12 15:01:50.051779
9879872,28314869,Entire home/apt,,Oakwood Village (107),30,4.5,2,2.0,46.0,,43.690888,-79.447376,2017-03-12 15:01:48.718326
10293648,10492797,Entire home/apt,,Oakwood Village (107),37,5.0,3,1.0,53.0,,43.6817,-79.436352,2017-03-12 15:01:46.953327
17279434,18197310,Entire home/apt,,Annex (95),5,5.0,2,1.0,56.0,,43.669964,-79.40473,2017-03-12 15:01:46.932017
10982574,56980889,Entire home/apt,,Cabbagetown-South St.James Town (71),1,0.0,2,1.0,61.0,,43.666175,-79.377257,2017-03-12 15:01:45.788286
4251104,22059903,Entire home/apt,,Church-Yonge Corridor (75),20,4.5,3,0.0,61.0,,43.663748,-79.383606,2017-03-12 15:01:45.785963
11693943,41464692,Entire home/apt,,Church-Yonge Corridor (75),20,4.5,3,0.0,61.0,,43.659088,-79.379973,2017-03-12 15:01:45.783188
14711350,50690700,Entire home/apt,,Church-Yonge Corridor (75),5,4.0,4,0.0,61.0,,43.660609,-79.380576,2017-03-12 15:01:45.778531
7174588,17511468,Entire home/apt,,Church-Yonge Corridor (75),0,0.0,2,1.0,61.0,,43.669914,-79.380262,2017-03-12 15:01:45.776059
13957005,1367540,Entire home/apt,,Moss Park (73),15,3.5,4,1.0,46.0,,43.655823,-79.370937,2017-03-12 15:01:45.772950
6985037,15284263,Entire home/apt,,North Riverdale (68),0,0.0,2,0.0,61.0,,43.674261,-79.355622,2017-03-12 15:01:45.768823
10709533,39299847,Entire home/apt,,Church-Yonge Corridor (75),1,0.0,2,0.0,62.0,,43.662922,-79.378432,2017-03-12 15:01:45.766449
11412292,34950992,Entire home/apt,,Church-Yonge Corridor (75),3,4.0,2,1.0,60.0,,43.65913,-79.381916,2017-03-12 15:01:45.763924
13965892,1367540,Entire home/apt,,Moss Park (73),11,4.0,4,1.0,54.0,,43.656073,-79.372553,2017-03-12 15:01:45.761819
15842893,3910705,Entire home/apt,,Cabbagetown-South St.James Town (71),0,0.0,2,0.0,61.0,,43.66327,-79.363153,2017-03-12 15:01:45.759703
14442913,88915384,Entire home/apt,,Regent Park (72),5,4.5,2,1.0,61.0,,43.659429,-79.361706,2017-03-12 15:01:45.757302
10235633,52606356,Entire home/apt,,Bay Street Corridor (76),0,0.0,2,1.0,62.0,,43.657839,-79.38306,2017-03-12 15:01:45.754848
1533607,8178835,Entire home/apt,,Church-Yonge Corridor (75),12,5.0,2,0.0,58.0,,43.670469,-79.383783,2017-03-12 15:01:44.235841
15720764,38061775,Entire home/apt,,Church-Yonge Corridor (75),6,5.0,2,1.0,61.0,,43.661496,-79.381301,2017-03-12 15:01:44.233681
4808096,1367540,Entire home/apt,,Moss Park (73),4,4.0,4,1.0,58.0,,43.656962,-79.371131,2017-03-12 15:01:44.230044
8722749,16602271,Entire home/apt,,Regent Park (72),6,4.5,3,0.0,45.0,,43.65915,-79.365565,2017-03-12 15:01:44.227677
6303860,27084021,Entire home/apt,,Church-Yonge Corridor (75),3,4.5,3,0.0,58.0,,43.667339,-79.383739,2017-03-12 15:01:44.225090
16013029,95308305,Entire home/apt,,Bay Street Corridor (76),0,0.0,3,2.0,58.0,,43.664101,-79.384762,2017-03-12 15:01:44.222719
11624546,61572299,Entire home/apt,,Church-Yonge Corridor (75),10,4.0,2,1.0,58.0,,43.65675,-79.376331,2017-03-12 15:01:44.220383
2524068,12923455,Entire home/apt,,Church-Yonge Corridor (75),58,5.0,4,1.0,61.0,,43.665587,-79.380006,2017-03-12 15:01:44.214763
13029057,39379566,Entire home/apt,,Church-Yonge Corridor (75),2,0.0,4,0.0,54.0,,43.662491,-79.381525,2017-03-12 15:01:44.210818
13533869,55357443,Entire home/apt,,North St.James Town (74),10,4.0,3,1.0,58.0,,43.67009,-79.372303,2017-03-12 15:01:44.208125
11442108,60139433,Entire home/apt,,Church-Yonge Corridor (75),30,4.5,4,1.0,58.0,,43.668238,-79.384387,2017-03-12 15:01:44.203921
7693091,38271758,Entire home/apt,,Church-Yonge Corridor (75),0,0.0,1,1.0,46.0,,43.665259,-79.382591,2017-03-12 15:01:44.201163
4278443,22211053,Entire home/apt,,North Riverdale (68),9,4.0,5,2.0,61.0,,43.673707,-79.343474,2017-03-12 15:01:42.631664
2113585,1783164,Entire home/apt,,North St.James Town (74),12,4.0,2,1.0,49.0,,43.668516,-79.374929,2017-03-12 15:01:42.627752
15745290,12858250,Entire home/apt,,Church-Yonge Corridor (75),2,0.0,4,2.0,54.0,,43.666797,-79.383026,2017-03-12 15:01:42.618445
1348067,377846,Entire home/apt,,East End-Danforth (62),4,5.0,3,1.0,52.0,,43.682866,-79.305382,2017-03-12 15:01:41.199177
16019574,104185170,Entire home/apt,,South Riverdale (70),0,0.0,2,1.0,54.0,,43.661218,-79.339973,2017-03-12 15:01:41.193866
10707985,55332257,Entire home/apt,,South Riverdale (70),0,0.0,1,1.0,53.0,,43.657323,-79.349256,2017-03-12 15:01:41.191584
2642948,7963022,Entire home/apt,,Greenwood-Coxwell (65),36,5.0,4,1.0,46.0,,43.667956,-79.318407,2017-03-12 15:01:41.187428
1651958,6044009,Entire home/apt,,Church-Yonge Corridor (75),38,4.5,3,0.0,45.0,,43.668141,-79.379381,2017-03-12 15:01:41.181531
16443926,107205165,Entire home/apt,,Moss Park (73),1,0.0,3,1.0,61.0,,43.65956,-79.366825,2017-03-12 15:01:39.729072
5390674,16602271,Entire home/apt,,Moss Park (73),48,4.0,3,0.0,45.0,,43.660277,-79.366945,2017-03-12 15:01:38.461632
12428447,9487518,Entire home/apt,,North Riverdale (68),1,0.0,2,1.0,53.0,,43.67106,-79.3445,2017-03-12 15:01:38.437123
14366371,88119417,Entire home/apt,,Church-Yonge Corridor (75),0,0.0,4,1.0,58.0,,43.665095,-79.380662,2017-03-12 15:01:36.802321
8104443,16602271,Entire home/apt,,Regent Park (72),4,3.5,2,0.0,61.0,,43.659025,-79.365599,2017-03-12 15:01:36.771482
14944126,16598164,Entire home/apt,,Rosedale-Moore Park (98),11,4.5,4,1.0,60.0,,43.671735,-79.383206,2017-03-12 15:01:35.532400
2384854,12181404,Entire home/apt,,Playter Estates-Danforth (67),4,4.5,2,1.0,58.0,,43.682165,-79.352969,2017-03-12 15:01:34.163578
929686,2073941,Entire home/apt,,Blake-Jones (69),25,4.5,2,1.0,61.0,,43.673017,-79.341108,2017-03-12 15:01:34.150358
16071894,1338600,Entire home/apt,,North Riverdale (68),1,0.0,2,1.0,61.0,,43.673242,-79.353235,2017-03-12 15:01:34.143127
3782502,10890289,Entire home/apt,,North Riverdale (68),18,4.5,2,1.0,49.0,,43.678438,-79.346602,2017-03-12 15:01:32.921003
11225180,34592431,Entire home/apt,,Danforth East York (59),1,0.0,3,1.0,49.0,,43.685332,-79.341955,2017-03-12 15:01:32.901373
8311777,37789480,Entire home/apt,,Niagara (82),2,0.0,3,1.0,58.0,,43.642445,-79.40695,2017-03-12 15:04:47.762165
10059956,8422328,Entire home/apt,,Waterfront Communities-The Island (77),2,0.0,4,2.0,61.0,,43.642618,-79.392627,2017-03-12 15:04:46.798649
10133569,37507069,Entire home/apt,,Bay Street Corridor (76),5,5.0,2,0.0,59.0,,43.65388,-79.387353,2017-03-12 15:04:46.781551
10513735,25629394,Entire home/apt,,Waterfront Communities-The Island (77),0,0.0,3,1.0,60.0,,43.642726,-79.380091,2017-03-12 15:04:45.589864
13135249,54613663,Entire home/apt,,Waterfront Communities-The Island (77),3,4.5,4,1.0,58.0,,43.63696,-79.397911,2017-03-12 15:04:43.545181
16104617,8900449,Entire home/apt,,Waterfront Communities-The Island (77),1,0.0,1,0.0,61.0,,43.646147,-79.391959,2017-03-12 15:04:43.515412
9877141,42060037,Entire home/apt,,Kensington-Chinatown (78),10,4.5,4,1.0,53.0,,43.653076,-79.3896,2017-03-12 15:04:40.574832
15966226,103698287,Entire home/apt,,Bay Street Corridor (76),6,5.0,4,1.0,62.0,,43.651372,-79.381743,2017-03-12 15:04:40.566829
16049759,334012,Entire home/apt,,Little Portugal (84),1,0.0,2,1.0,56.0,,43.641999,-79.42394,2017-03-12 15:04:30.627952
8888225,16453587,Entire home/apt,,Little Portugal (84),1,0.0,2,2.0,45.0,,43.642666,-79.423788,2017-03-12 15:04:29.199261
11210371,58386524,Entire home/apt,,Waterfront Communities-The Island (77),0,0.0,2,0.0,58.0,,43.645469,-79.398331,2017-03-12 15:04:29.190827
17206596,13066292,Entire home/apt,,Little Portugal (84),0,0.0,4,2.0,61.0,,43.649394,-79.431913,2017-03-12 15:04:29.176834
15530358,7702480,Entire home/apt,,Waterfront Communities-The Island (77),0,0.0,3,1.0,44.0,,43.645619,-79.39035,2017-03-12 15:04:27.934360
13512653,3461761,Entire home/apt,,Waterfront Communities-The Island (77),19,5.0,2,0.0,52.0,,43.645834,-79.399078,2017-03-12 15:04:27.928465
11889098,3788738,Entire home/apt,,South Parkdale (85),16,5.0,2,1.0,49.0,,43.638072,-79.430631,2017-03-12 15:04:27.132822
9630080,29694706,Entire home/apt,,Waterfront Communities-The Island (77),0,0.0,2,1.0,61.0,,43.63982,-79.395468,2017-03-12 15:04:27.122624
6835863,4365924,Entire home/apt,,Little Portugal (84),17,5.0,2,1.0,61.0,,43.641123,-79.424298,2017-03-12 15:04:27.116862
8637244,6505353,Entire home/apt,,Niagara (82),0,0.0,2,1.0,49.0,,43.64099,-79.404298,2017-03-12 15:04:27.107977
9999278,39085258,Entire home/apt,,Niagara (82),0,0.0,2,1.0,61.0,,43.643301,-79.404006,2017-03-12 15:04:25.721934
1290415,6964666,Entire home/apt,,Roncesvalles (86),0,0.0,2,1.0,46.0,,43.643139,-79.432363,2017-03-12 15:04:25.712263
9645438,4241550,Entire home/apt,,South Parkdale (85),1,0.0,2,0.0,42.0,,43.638837,-79.439477,2017-03-12 15:04:25.708716
12307356,66365163,Entire home/apt,,Waterfront Communities-The Island (77),2,0.0,4,1.0,61.0,,43.638074,-79.399421,2017-03-12 15:04:25.697100
16796441,11669247,Entire home/apt,,Waterfront Communities-The Island (77),0,0.0,2,1.0,58.0,,43.637446,-79.396601,2017-03-12 15:04:25.694852
2653324,8797360,Entire home/apt,,Niagara (82),16,4.5,4,1.0,61.0,,43.641039,-79.414469,2017-03-12 15:04:25.691122
17155700,115373624,Entire home/apt,,Little Portugal (84),2,0.0,4,1.0,61.0,,43.642881,-79.423223,2017-03-12 15:04:25.688284
8582033,11932780,Entire home/apt,,South Parkdale (85),1,0.0,4,1.0,54.0,,43.637848,-79.430277,2017-03-12 15:04:24.345071
11635646,44079488,Entire home/apt,,Waterfront Communities-The Island (77),6,5.0,2,1.0,56.0,,43.641562,-79.395557,2017-03-12 15:04:24.330473
11937159,9777571,Entire home/apt,,South Parkdale (85),5,4.5,2,0.0,61.0,,43.636711,-79.427992,2017-03-12 15:04:23.040208
13435785,20564409,Entire home/apt,,South Parkdale (85),19,4.5,2,0.0,49.0,,43.635796,-79.427244,2017-03-12 15:04:23.029061
15931038,36383587,Entire home/apt,,Roncesvalles (86),2,0.0,2,1.0,58.0,,43.641942,-79.440242,2017-03-12 15:04:23.025113
3423261,15064659,Entire home/apt,,Niagara (82),13,4.0,2,1.0,53.0,,43.64134,-79.413251,2017-03-12 15:04:21.670013
15025903,94863924,Entire home/apt,,South Parkdale (85),9,4.5,3,1.0,58.0,,43.63523,-79.434411,2017-03-12 15:04:20.465025
16352926,65464580,Entire home/apt,,Niagara (82),8,4.5,2,0.0,62.0,,43.63795,-79.401195,2017-03-12 15:04:20.436926
3712557,2670362,Entire home/apt,,Waterfront Communities-The Island (77),106,4.5,4,1.0,46.0,,43.643518,-79.398398,2017-03-12 15:04:19.328027
3594801,8236457,Entire home/apt,,Little Portugal (84),172,4.5,2,0.0,54.0,,43.646351,-79.435353,2017-03-12 15:04:19.311104
8919257,1912665,Entire home/apt,,Niagara (82),2,0.0,2,1.0,58.0,,43.636931,-79.400104,2017-03-12 15:04:19.308817
16123477,26442166,Entire home/apt,,Roncesvalles (86),1,0.0,1,0.0,53.0,,43.642054,-79.446376,2017-03-12 15:04:18.037184
4565753,1394880,Entire home/apt,,Niagara (82),15,4.5,2,0.0,49.0,,43.641774,-79.413249,2017-03-12 15:04:18.023598
16634233,109875109,Entire home/apt,,Waterfront Communities-The Island (77),1,0.0,1,0.0,57.0,,43.646209,-79.398613,2017-03-12 15:04:16.791976
11297662,56755710,Entire home/apt,,Niagara (82),14,5.0,1,1.0,61.0,,43.639092,-79.411321,2017-03-12 15:04:16.789553
17209375,33402072,Entire home/apt,,South Parkdale (85),0,0.0,3,1.0,46.0,,43.635138,-79.43606,2017-03-12 15:04:16.782813
16463774,10624881,Entire home/apt,,Little Portugal (84),2,0.0,3,2.0,46.0,,43.642962,-79.424449,2017-03-12 15:04:16.768883
16232343,106087855,Entire home/apt,,Little Portugal (84),1,0.0,3,2.0,61.0,,43.641514,-79.42411,2017-03-12 15:04:13.215163
15531372,99890373,Entire home/apt,,South Parkdale (85),16,5.0,4,1.0,61.0,,43.635774,-79.43037,2017-03-12 15:04:11.583198
6357166,5926631,Entire home/apt,,Little Portugal (84),71,5.0,4,1.0,61.0,,43.643611,-79.42622,2017-03-12 15:04:10.225572
14335126,38555023,Entire home/apt,,Little Portugal (84),25,4.5,4,1.0,46.0,,43.640818,-79.422676,2017-03-12 15:04:08.043282
13063214,2472761,Entire home/apt,,South Riverdale (70),3,5.0,4,1.0,45.0,,43.672389,-79.328784,2017-03-12 15:04:05.699684
12204931,51943705,Entire home/apt,,Waterfront Communities-The Island (77),6,4.0,2,1.0,61.0,,43.645415,-79.374925,2017-03-12 15:04:04.711626
4164744,21615875,Entire home/apt,,North St.James Town (74),1,0.0,2,1.0,52.0,,43.669539,-79.377567,2017-03-12 15:04:04.706137
14086845,15872545,Entire home/apt,,South Riverdale (70),12,5.0,2,1.0,54.0,,43.665122,-79.341329,2017-03-12 15:03:59.965502
6271995,9909027,Entire home/apt,,Moss Park (73),0,0.0,4,2.0,46.0,,43.654557,-79.367906,2017-03-12 15:03:59.955565
788710,844281,Entire home/apt,,High Park-Swansea (87),1,0.0,2,1.0,61.0,,43.645031,-79.452538,2017-03-12 15:03:51.373328
2947976,15049277,Entire home/apt,,Dovercourt-Wallace Emerson-Junction (93),0,0.0,3,1.0,61.0,,43.665538,-79.456236,2017-03-12 15:03:50.421764
13745449,6630293,Entire home/apt,,Palmerston-Little Italy (80),1,0.0,3,1.0,42.0,,43.657164,-79.426202,2017-03-12 15:03:50.416065
7177340,37598602,Entire home/apt,,Dufferin Grove (83),2,0.0,2,0.0,61.0,,43.652248,-79.435971,2017-03-12 15:03:50.409175
12366650,35025029,Entire home/apt,,Little Portugal (84),12,4.0,6,2.0,54.0,,43.64788,-79.436285,2017-03-12 15:03:49.376098
16148133,6738021,Entire home/apt,,Little Portugal (84),0,0.0,2,1.0,57.0,,43.643919,-79.424586,2017-03-12 15:03:49.368095
11967649,36136703,Entire home/apt,,Dovercourt-Wallace Emerson-Junction (93),0,0.0,1,1.0,44.0,,43.664684,-79.430222,2017-03-12 15:03:49.360466
4137783,21466433,Entire home/apt,,Dovercourt-Wallace Emerson-Junction (93),27,5.0,2,0.0,61.0,,43.661585,-79.449157,2017-03-12 15:03:49.353766
3264691,11048824,Entire home/apt,,Little Portugal (84),20,4.5,2,0.0,58.0,,43.645279,-79.430981,2017-03-12 15:03:49.351021
985072,1019538,Entire home/apt,,Little Portugal (84),70,5.0,2,1.0,61.0,,43.645874,-79.433863,2017-03-12 15:03:49.348317
14296811,3501030,Entire home/apt,,Dovercourt-Wallace Emerson-Junction (93),5,4.5,2,1.0,61.0,,43.665268,-79.455369,2017-03-12 15:03:49.346119
16830467,14711154,Entire home/apt,,Dovercourt-Wallace Emerson-Junction (93),0,0.0,2,1.0,58.0,,43.662521,-79.435169,2017-03-12 15:03:49.341196
16732243,110948763,Entire home/apt,,Annex (95),1,0.0,3,1.0,54.0,,43.665896,-79.412157,2017-03-12 15:01:25.254924
10082852,826656,Entire home/apt,,Niagara (82),0,0.0,2,1.0,54.0,,43.644399,-79.413089,2017-03-12 15:01:25.249720
15788414,93626034,Entire home/apt,,Roncesvalles (86),0,0.0,2,1.0,58.0,,43.644938,-79.433991,2017-03-12 15:01:25.238581
3888558,8349056,Entire home/apt,,Little Portugal (84),60,5.0,2,0.0,62.0,,43.648795,-79.431432,2017-03-12 15:01:25.236102
11959689,44362573,Entire home/apt,,Rosedale-Moore Park (98),2,0.0,2,1.0,53.0,,43.671979,-79.385768,2017-03-12 15:01:25.231786
16267754,17070560,Entire home/apt,,Casa Loma (96),2,0.0,2,1.0,46.0,,43.678956,-79.408723,2017-03-12 15:01:22.505135
1289926,6293331,Entire home/apt,,Dovercourt-Wallace Emerson-Junction (93),9,5.0,2,1.0,49.0,,43.665001,-79.422244,2017-03-12 15:01:22.500689
13738928,9283725,Entire home/apt,,Niagara (82),42,5.0,5,0.0,61.0,,43.644479,-79.409998,2017-03-12 15:01:22.496817
7870797,3127496,Entire home/apt,,Church-Yonge Corridor (75),0,0.0,4,2.0,61.0,,43.661879,-79.378052,2017-03-12 15:01:21.119904
16338878,76137509,Entire home/apt,,Dovercourt-Wallace Emerson-Junction (93),6,4.0,2,1.0,43.0,,43.668581,-79.421838,2017-03-12 15:01:21.114552
11163109,13066292,Entire home/apt,,Little Portugal (84),39,4.5,2,1.0,58.0,,43.650598,-79.435316,2017-03-12 15:01:21.105559
16449269,86172773,Entire home/apt,,Waterfront Communities-The Island (77),1,0.0,3,1.0,48.0,,43.6425,-79.382115,2017-03-12 15:01:21.101788
17499685,111826268,Entire home/apt,,Church-Yonge Corridor (75),0,0.0,2,1.0,46.0,,43.669974,-79.38008,2017-03-12 15:01:19.630917
13828780,38263945,Entire home/apt,,North St.James Town (74),2,0.0,4,1.0,54.0,,43.670732,-79.37793,2017-03-12 15:01:19.628260
15174042,5471201,Entire home/apt,,Trinity-Bellwoods (81),2,0.0,6,3.0,46.0,,43.648865,-79.405317,2017-03-12 15:01:19.624234
472599,2246119,Entire home/apt,,Church-Yonge Corridor (75),7,5.0,2,0.0,53.0,,43.668067,-79.382592,2017-03-12 15:01:19.618348
6575851,644491,Entire home/apt,,Church-Yonge Corridor (75),4,4.5,2,0.0,49.0,,43.668516,-79.382906,2017-03-12 15:01:19.614479
1470735,690696,Entire home/apt,,Cabbagetown-South St.James Town (71),60,4.5,2,1.0,58.0,,43.666762,-79.367277,2017-03-12 15:01:19.606490
13977666,68449903,Entire home/apt,,Moss Park (73),37,4.5,2,1.0,57.0,,43.656323,-79.370731,2017-03-12 15:01:19.600574
12926509,21529743,Entire home/apt,,Rosedale-Moore Park (98),0,0.0,2,1.0,54.0,,43.671197,-79.385708,2017-03-12 15:01:18.127104
14552235,66057765,Entire home/apt,,Annex (95),4,4.0,4,1.0,54.0,,43.665792,-79.410238,2017-03-12 15:01:18.121695
17255252,103698287,Entire home/apt,,Bay Street Corridor (76),0,0.0,4,1.0,55.0,,43.648973,-79.380095,2017-03-12 15:01:18.114620
13989894,76137509,Entire home/apt,,Dovercourt-Wallace Emerson-Junction (93),51,5.0,4,2.0,61.0,,43.668548,-79.42069,2017-03-12 15:01:18.112162
1747269,9195402,Entire home/apt,,Regent Park (72),37,4.5,2,1.0,50.0,,43.657985,-79.362395,2017-03-12 15:01:18.109335
12793968,41505590,Entire home/apt,,Niagara (82),0,0.0,2,1.0,56.0,,43.637573,-79.404917,2017-03-12 15:01:18.104776
11212868,55357443,Entire home/apt,,North St.James Town (74),10,4.0,3,1.0,54.0,,43.669429,-79.372389,2017-03-12 15:01:18.097619
16795237,6530361,Entire home/apt,,Bay Street Corridor (76),2,0.0,2,1.0,61.0,,43.668154,-79.388972,2017-03-12 15:01:18.091370
9447725,277757,Entire home/apt,,Humewood-Cedarvale (106),2,0.0,4,1.0,56.0,,43.685624,-79.429252,2017-03-12 15:01:16.980783
713970,3676504,Entire home/apt,,Church-Yonge Corridor (75),16,4.5,5,1.0,45.0,,43.662874,-79.38227,2017-03-12 15:01:16.978361
6276955,4763862,Entire home/apt,,Annex (95),47,4.5,2,0.0,54.0,,43.67046,-79.416856,2017-03-12 15:01:16.970429
15677711,7800061,Entire home/apt,,Waterfront Communities-The Island (77),2,0.0,2,0.0,55.0,,43.644346,-79.392958,2017-03-12 15:01:16.958263
8635971,39256205,Entire home/apt,,Trinity-Bellwoods (81),2,0.0,2,0.0,49.0,,43.65501,-79.417379,2017-03-12 15:01:16.946981
16552698,3352803,Entire home/apt,,Church-Yonge Corridor (75),1,0.0,2,0.0,61.0,,43.665595,-79.380046,2017-03-12 15:01:16.944299
16779923,38592651,Entire home/apt,,Kensington-Chinatown (78),1,0.0,5,0.0,54.0,,43.655514,-79.391401,2017-03-12 15:01:15.441085
16407797,63968705,Entire home/apt,,Palmerston-Little Italy (80),4,4.5,4,2.0,54.0,,43.660777,-79.416557,2017-03-12 15:01:15.429384
3530015,2543303,Entire home/apt,,Church-Yonge Corridor (75),61,4.5,4,1.0,62.0,,43.658943,-79.381647,2017-03-12 15:01:15.423900
8273070,24800708,Entire home/apt,,Roncesvalles (86),32,5.0,2,1.0,45.0,,43.645016,-79.434368,2017-03-12 15:01:15.421533
15902518,103057733,Entire home/apt,,Waterfront Communities-The Island (77),0,0.0,2,1.0,53.0,,43.639002,-79.396524,2017-03-12 15:01:15.416406
15567251,39697587,Entire home/apt,,Church-Yonge Corridor (75),0,0.0,1,0.0,49.0,,43.656217,-79.375213,2017-03-12 15:01:15.409576
16867915,112403897,Entire home/apt,,Waterfront Communities-The Island (77),0,0.0,2,1.0,61.0,,43.645981,-79.389217,2017-03-12 15:01:13.930760
13296948,2394124,Entire home/apt,,Little Portugal (84),8,5.0,2,1.0,55.0,,43.641055,-79.422143,2017-03-12 15:01:13.924049
16904122,58697862,Entire home/apt,,Annex (95),0,0.0,4,2.0,61.0,,43.672036,-79.410189,2017-03-12 15:01:13.902770
4240983,1402232,Entire home/apt,,South Parkdale (85),202,5.0,5,1.0,49.0,,43.639539,-79.427938,2017-03-12 15:01:12.368334
15841025,92635593,Entire home/apt,,Annex (95),16,4.5,2,0.0,61.0,,43.673547,-79.401273,2017-03-12 15:01:12.366135
16519421,4068231,Entire home/apt,,Moss Park (73),0,0.0,2,0.0,52.0,,43.657579,-79.37115,2017-03-12 15:01:12.346628
3526663,15495101,Entire home/apt,,Dovercourt-Wallace Emerson-Junction (93),58,5.0,2,1.0,47.0,,43.670276,-79.429913,2017-03-12 15:01:11.010075
13732381,44944135,Entire home/apt,,Trinity-Bellwoods (81),17,5.0,2,1.0,53.0,,43.651397,-79.416218,2017-03-12 15:01:11.000998
4782768,1024756,Entire home/apt,,Waterfront Communities-The Island (77),141,5.0,4,1.0,61.0,,43.642752,-79.376284,2017-03-12 15:01:10.984213
15967341,37261812,Entire home/apt,,Niagara (82),8,5.0,4,1.0,55.0,,43.643081,-79.422158,2017-03-12 15:01:09.933281
4100292,2645602,Entire home/apt,,Wychwood (94),39,4.5,2,0.0,55.0,,43.672219,-79.433315,2017-03-12 15:01:09.930773
16807754,8109677,Entire home/apt,,Cabbagetown-South St.James Town (71),9,5.0,2,2.0,46.0,,43.666047,-79.377245,2017-03-12 15:01:09.914067
16192323,105740677,Entire home/apt,,Waterfront Communities-The Island (77),3,4.5,2,1.0,46.0,,43.643924,-79.40265,2017-03-12 15:01:08.765286
17017566,3131060,Entire home/apt,,Waterfront Communities-The Island (77),1,0.0,2,0.0,58.0,,43.654573,-79.354314,2017-03-12 15:01:08.738992
16172347,103698287,Entire home/apt,,Church-Yonge Corridor (75),2,0.0,2,0.0,45.0,,43.66268,-79.383403,2017-03-12 15:01:07.715478
16811457,44609654,Entire home/apt,,North St.James Town (74),5,5.0,4,0.0,61.0,,43.66755,-79.378571,2017-03-12 15:01:07.700613
12108120,64925736,Entire home/apt,,Waterfront Communities-The Island (77),45,5.0,3,2.0,61.0,,43.647382,-79.395907,2017-03-12 15:01:06.373203
6037790,15433871,Entire home/apt,,Church-Yonge Corridor (75),19,4.5,4,1.0,60.0,,43.667457,-79.384019,2017-03-12 15:01:06.326696
13075056,72494712,Entire home/apt,,Trinity-Bellwoods (81),32,5.0,2,1.0,61.0,,43.645726,-79.421732,2017-03-12 15:01:04.876940
13412750,72721077,Entire home/apt,,Annex (95),6,5.0,2,1.0,58.0,,43.670621,-79.41356,2017-03-12 15:01:03.849962
16633225,109872368,Entire home/apt,,Little Portugal (84),5,5.0,3,1.0,42.0,,43.650073,-79.432352,2017-03-12 15:01:03.842427
181819,528948,Entire home/apt,,Kensington-Chinatown (78),183,4.5,3,1.0,44.0,,43.654801,-79.403941,2017-03-12 15:01:01.795248
15461790,45372441,Entire home/apt,,Palmerston-Little Italy (80),14,4.5,2,1.0,49.0,,43.663171,-79.411165,2017-03-12 15:01:01.789893
16337877,53955322,Entire home/apt,,Kensington-Chinatown (78),17,4.5,3,1.0,52.0,,43.65514,-79.402621,2017-03-12 15:01:01.781411
14722831,91644709,Entire home/apt,,Annex (95),21,4.5,3,1.0,45.0,,43.671907,-79.389509,2017-03-12 15:01:01.776566
14238612,86557013,Entire home/apt,,South Riverdale (70),4,3.0,3,1.0,61.0,,43.665966,-79.338523,2017-03-12 15:00:59.100358
13709194,10549313,Entire home/apt,,Danforth (66),5,4.5,2,0.0,58.0,,43.68172,-79.339222,2017-03-12 15:00:59.089753
985003,2396097,Entire home/apt,,South Riverdale (70),47,4.5,2,1.0,61.0,,43.66699,-79.337572,2017-03-12 15:00:58.144612
10031800,36366325,Entire home/apt,,South Riverdale (70),0,0.0,3,1.0,54.0,,43.673551,-79.329215,2017-03-12 15:00:58.142188
1924109,9793415,Entire home/apt,,Blake-Jones (69),45,5.0,4,1.0,61.0,,43.675204,-79.334212,2017-03-12 15:00:58.132597
4810306,24759793,Entire home/apt,,Woodbine-Lumsden (60),23,5.0,2,1.0,46.0,,43.691802,-79.309157,2017-03-12 15:00:58.123594
1110760,377846,Entire home/apt,,East End-Danforth (62),21,4.5,2,1.0,43.0,,43.682259,-79.306847,2017-03-12 15:00:58.114156
3442291,1495855,Entire home/apt,,Greenwood-Coxwell (65),2,0.0,2,1.0,44.0,,43.666472,-79.316913,2017-03-12 15:00:56.884854
666670,377846,Entire home/apt,,East End-Danforth (62),25,4.5,3,1.0,43.0,,43.685244,-79.2911,2017-03-12 15:00:56.876253
12233086,8903918,Entire home/apt,,Danforth (66),19,4.5,2,1.0,61.0,,43.683229,-79.330359,2017-03-12 15:00:56.858530
11162658,32092710,Entire home/apt,,Birchcliffe-Cliffside (122),0,0.0,2,1.0,58.0,,43.677319,-79.279504,2017-03-12 15:00:55.613343
7671420,10952375,Entire home/apt,,South Riverdale (70),3,4.5,2,1.0,58.0,,43.659543,-79.335004,2017-03-12 15:00:53.014687
3476476,17510834,Entire home/apt,,Yonge-St.Clair (97),4,4.0,1,0.0,61.0,,43.684745,-79.39652,2017-03-12 15:00:48.816017
14433188,16527941,Entire home/apt,,Forest Hill South (101),3,3.5,2,1.0,46.0,,43.700322,-79.412954,2017-03-12 15:00:48.806211
11654622,6414861,Entire home/apt,,Forest Hill South (101),3,4.5,3,1.0,58.0,,43.687493,-79.420006,2017-03-12 15:00:48.802998
15917412,103272298,Entire home/apt,,Broadview North (57),2,0.0,2,0.0,46.0,,43.689316,-79.353499,2017-03-12 15:00:47.444817
5955539,8165163,Entire home/apt,,Humewood-Cedarvale (106),27,4.5,4,1.0,54.0,,43.684988,-79.429582,2017-03-12 15:00:47.438838
13968157,81665015,Entire home/apt,,Casa Loma (96),10,4.5,4,1.0,61.0,,43.688371,-79.41154,2017-03-12 15:00:47.432606
7278811,38110784,Entire home/apt,,Casa Loma (96),1,0.0,2,1.0,49.0,,43.688118,-79.412531,2017-03-12 15:00:47.429428
17014494,34634794,Entire home/apt,,Yonge-St.Clair (97),0,0.0,4,1.0,49.0,,43.693301,-79.397148,2017-03-12 15:00:46.086085
9512679,49045726,Entire home/apt,,Oakwood Village (107),17,5.0,2,0.0,42.0,,43.688418,-79.431873,2017-03-12 15:00:46.075559
16576512,24051929,Entire home/apt,,Willowdale West (37),2,0.0,2,1.0,46.0,,43.774733,-79.415026,2017-03-12 15:00:46.061291
1231007,1794715,Entire home/apt,,Humewood-Cedarvale (106),1,0.0,2,0.0,46.0,,43.688565,-79.424857,2017-03-12 15:00:44.954687
13978044,62459741,Entire home/apt,,Willowdale East (51),4,4.5,4,2.0,57.0,,43.755167,-79.405728,2017-03-12 15:00:44.950728
10265929,52783397,Entire home/apt,,Humewood-Cedarvale (106),1,0.0,2,1.0,54.0,,43.685354,-79.42053,2017-03-12 15:00:44.948103
13030039,6965830,Entire home/apt,,Humewood-Cedarvale (106),13,5.0,2,1.0,61.0,,43.6866,-79.421134,2017-03-12 15:00:44.939787
13273607,15355723,Entire home/apt,,Yonge-Eglinton (100),3,4.5,2,1.0,55.0,,43.702834,-79.407515,2017-03-12 15:00:44.933382
9523140,12415230,Entire home/apt,,Forest Hill South (101),0,0.0,2,0.0,54.0,,43.703161,-79.411363,2017-03-12 15:00:43.469112
13770419,19061675,Entire home/apt,,Henry Farm (53),1,0.0,2,1.0,46.0,,43.775946,-79.342109,2017-03-12 15:00:43.466279
16621373,57017893,Entire home/apt,,Humewood-Cedarvale (106),0,0.0,2,1.0,61.0,,43.684576,-79.420853,2017-03-12 15:00:43.464297
11770353,62655329,Entire home/apt,,Don Valley Village (47),4,5.0,2,1.0,61.0,,43.774105,-79.35612,2017-03-12 15:00:43.450144
6853434,35912777,Entire home/apt,,Casa Loma (96),1,0.0,2,1.0,53.0,,43.687129,-79.412706,2017-03-12 15:00:43.445878
13263337,12742095,Entire home/apt,,Willowdale East (51),7,4.5,4,1.0,61.0,,43.762295,-79.409368,2017-03-12 15:00:41.884284
17559002,893099,Entire home/apt,,Humewood-Cedarvale (106),0,0.0,2,0.0,46.0,,43.686524,-79.430595,2017-03-12 15:00:41.879026
16632873,8707915,Entire home/apt,,Forest Hill South (101),5,4.5,2,0.0,42.0,,43.690048,-79.41267,2017-03-12 15:00:41.873867
14164224,54718394,Entire home/apt,,Casa Loma (96),18,5.0,3,1.0,49.0,,43.685064,-79.403029,2017-03-12 15:00:41.870361
9504565,46952709,Entire home/apt,,Humewood-Cedarvale (106),1,0.0,2,1.0,58.0,,43.685207,-79.420543,2017-03-12 15:00:41.859549
7368315,38609344,Entire home/apt,,Yonge-St.Clair (97),3,3.5,2,1.0,59.0,,43.687549,-79.400528,2017-03-12 15:00:40.489089
4377456,6654535,Entire home/apt,,Flemingdon Park (44),0,0.0,1,1.0,54.0,,43.719817,-79.333207,2017-03-12 15:00:35.747224
4816720,15203276,Entire home/apt,,Henry Farm (53),3,4.0,2,0.0,61.0,,43.774282,-79.337559,2017-03-12 15:00:34.525434
13311794,21449445,Entire home/apt,,Danforth (66),0,0.0,2,1.0,54.0,,43.686279,-79.316504,2017-03-12 15:00:34.516110
9393058,25345305,Entire home/apt,,Danforth (66),2,0.0,4,1.0,54.0,,43.684753,-79.318929,2017-03-12 15:00:34.509562
6523633,21496303,Entire home/apt,,Danforth (66),0,0.0,2,1.0,61.0,,43.685744,-79.320392,2017-03-12 15:00:34.501726
13548151,74991268,Entire home/apt,,East End-Danforth (62),3,4.5,5,2.0,46.0,,43.684508,-79.309428,2017-03-12 15:00:32.850628
14725241,91665739,Entire home/apt,,Danforth East York (59),3,4.5,2,1.0,53.0,,43.689966,-79.338841,2017-03-12 15:00:32.827051
17368603,117372455,Entire home/apt,,Tam O'Shanter-Sullivan (118),0,0.0,4,1.0,52.0,,43.775361,-79.297052,2017-03-12 15:00:31.493299
9974111,34235149,Entire home/apt,,Church-Yonge Corridor (75),2,0.0,2,1.0,61.0,,43.660758,-79.380821,2017-03-12 15:00:24.222168
12586974,68270605,Entire home/apt,,Moss Park (73),1,0.0,1,2.0,58.0,,43.653242,-79.36827,2017-03-12 15:00:24.201236
13652181,57969579,Entire home/apt,,Annex (95),45,4.5,2,1.0,49.0,,43.670643,-79.405775,2017-03-12 15:00:24.196602
820177,149566,Entire home/apt,,Palmerston-Little Italy (80),24,4.5,3,1.0,60.0,,43.656955,-79.420026,2017-03-12 15:00:24.189767
15900006,42256008,Entire home/apt,,North St.James Town (74),2,0.0,2,0.0,53.0,,43.669198,-79.373681,2017-03-12 15:00:23.473107
14608253,5229062,Entire home/apt,,Greenwood-Coxwell (65),2,0.0,2,1.0,61.0,,43.669896,-79.318663,2017-03-12 15:00:23.461345
10538036,54342000,Entire home/apt,,Playter Estates-Danforth (67),6,5.0,4,1.0,44.0,,43.678997,-79.357268,2017-03-12 15:00:23.454150
15405811,55815777,Entire home/apt,,Trinity-Bellwoods (81),25,4.5,2,0.0,53.0,,43.644729,-79.418622,2017-03-12 15:00:22.152144
2182306,725614,Entire home/apt,,Woodbine-Lumsden (60),22,4.5,2,0.0,49.0,,43.68904,-79.31407,2017-03-12 15:00:22.147081
6093467,31623208,Entire home/apt,,Moss Park (73),15,4.5,2,1.0,48.0,,43.661141,-79.372774,2017-03-12 15:00:22.142287
17564927,63297078,Entire home/apt,,Waterfront Communities-The Island (77),0,0.0,6,1.0,58.0,,43.645692,-79.401071,2017-03-12 15:00:22.139503
6452493,33692973,Entire home/apt,,Palmerston-Little Italy (80),116,5.0,2,0.0,46.0,,43.660667,-79.424043,2017-03-12 15:00:22.136737
13961131,30067143,Entire home/apt,,Church-Yonge Corridor (75),13,5.0,2,1.0,58.0,,43.668316,-79.380415,2017-03-12 15:00:22.134200
17641708,63297078,Entire home/apt,,Waterfront Communities-The Island (77),0,0.0,6,1.0,58.0,,43.643212,-79.37288,2017-03-12 15:00:22.131862
9543175,49288354,Entire home/apt,,North St.James Town (74),11,4.5,3,1.0,49.0,,43.669587,-79.373626,2017-03-12 15:00:22.120556
16913030,89164066,Entire home/apt,,Niagara (82),5,4.5,2,0.0,46.0,,43.640693,-79.405798,2017-03-12 15:00:20.972251
5257530,16602271,Entire home/apt,,Moss Park (73),28,4.0,3,0.0,45.0,,43.658159,-79.367539,2017-03-12 15:00:20.958657
8771696,17602902,Entire home/apt,,Church-Yonge Corridor (75),85,4.5,6,1.0,61.0,,43.664943,-79.382305,2017-03-12 15:00:20.952650
1851507,9669365,Entire home/apt,,Palmerston-Little Italy (80),107,4.5,3,2.0,58.0,,43.656683,-79.41216,2017-03-12 15:00:20.945868
6948046,174367,Entire home/apt,,Danforth East York (59),28,5.0,3,1.0,58.0,,43.689704,-79.345784,2017-03-12 15:00:19.801763
8953011,9683261,Entire home/apt,,Humewood-Cedarvale (106),15,5.0,2,1.0,57.0,,43.684842,-79.420495,2017-03-12 15:00:19.795435
11239943,9923100,Entire home/apt,,Church-Yonge Corridor (75),22,4.5,2,0.0,46.0,,43.665986,-79.382003,2017-03-12 15:00:19.793119
4204205,16290105,Entire home/apt,,Waterfront Communities-The Island (77),18,5.0,3,1.0,58.0,,43.643861,-79.393518,2017-03-12 15:00:19.789639
15732781,97321849,Entire home/apt,,North St.James Town (74),3,4.5,4,1.0,58.0,,43.668022,-79.370691,2017-03-12 15:00:18.390004
17481771,19388282,Entire home/apt,,Trinity-Bellwoods (81),0,0.0,2,1.0,54.0,,43.647789,-79.41908,2017-03-12 15:00:17.736218
17546262,119040862,Entire home/apt,,Kensington-Chinatown (78),2,0.0,6,3.0,56.0,,43.655034,-79.394547,2017-03-12 15:00:17.725858
13883417,65091239,Entire home/apt,,Waterfront Communities-The Island (77),7,5.0,2,1.0,61.0,,43.64085,-79.396992,2017-03-12 15:00:17.717613
6228027,17681415,Entire home/apt,,Greenwood-Coxwell (65),26,5.0,2,1.0,61.0,,43.675355,-79.322286,2017-03-12 15:00:16.735284
3403484,17164091,Entire home/apt,,Trinity-Bellwoods (81),76,5.0,2,1.0,61.0,,43.652256,-79.407278,2017-03-12 15:00:15.585512
6882907,2902583,Entire home/apt,,South Riverdale (70),6,4.5,2,1.0,55.0,,43.667254,-79.328426,2017-03-12 15:00:14.539902
2964842,15128004,Entire home/apt,,University (79),126,5.0,2,0.0,44.0,,43.661167,-79.404284,2017-03-12 15:00:14.537366
16993630,76420203,Entire home/apt,,Flemingdon Park (44),1,0.0,2,1.0,54.0,,43.716404,-79.336219,2017-03-12 15:00:14.531156
14556089,12767398,Entire home/apt,,Church-Yonge Corridor (75),1,0.0,3,1.0,54.0,,43.668806,-79.380373,2017-03-12 15:00:13.079709
1570675,8352000,Entire home/apt,,Oakridge (121),89,5.0,2,1.0,60.0,,43.700721,-79.273181,2017-03-12 15:00:06.499201
17319601,24593297,Entire home/apt,,Greenwood-Coxwell (65),2,0.0,2,1.0,61.0,,43.665117,-79.324138,2017-03-12 15:00:05.407656
13826362,50667793,Entire home/apt,,South Riverdale (70),22,4.5,2,1.0,53.0,,43.659901,-79.338642,2017-03-12 15:00:04.162463
13001726,69358188,Entire home/apt,,South Riverdale (70),67,5.0,2,0.0,49.0,,43.660263,-79.340901,2017-03-12 15:00:02.895951
15256925,93358127,Entire home/apt,,Kennedy Park (124),10,4.5,4,2.0,42.0,,43.724019,-79.264725,2017-03-12 15:00:01.793564
12542937,67964790,Entire home/apt,,North St.James Town (74),19,4.5,3,0.0,61.0,,43.671601,-79.371634,2017-03-12 15:00:00.609628
16987105,89418692,Entire home/apt,,Waterfront Communities-The Island (77),0,0.0,2,1.0,61.0,,43.644867,-79.394722,2017-03-12 14:59:55.576981
10437675,52183791,Entire home/apt,,Moss Park (73),8,5.0,2,1.0,54.0,,43.65707,-79.371647,2017-03-12 14:59:55.573226
13559244,74305470,Entire home/apt,,The Beaches (63),19,4.5,2,1.0,61.0,,43.673903,-79.306913,2017-03-12 14:59:55.568767
14084357,394329,Entire home/apt,,Annex (95),8,5.0,2,1.0,58.0,,43.674179,-79.404395,2017-03-12 14:59:55.565854
429943,377846,Entire home/apt,,East End-Danforth (62),31,4.5,3,1.0,44.0,,43.684986,-79.291311,2017-03-12 14:59:55.558922
15143572,3299475,Entire home/apt,,South Riverdale (70),2,0.0,5,2.0,58.0,,43.664418,-79.350784,2017-03-12 14:59:54.208112
7801902,40997771,Entire home/apt,,Waterfront Communities-The Island (77),44,5.0,2,1.0,58.0,,43.645039,-79.388448,2017-03-12 14:59:54.205024
13299039,4590889,Entire home/apt,,Blake-Jones (69),3,4.5,4,2.0,61.0,,43.680183,-79.33188,2017-03-12 14:59:54.202519
14561775,68662677,Entire home/apt,,Waterfront Communities-The Island (77),16,5.0,3,0.0,61.0,,43.64274,-79.401982,2017-03-12 14:59:54.195520
13624825,23614215,Entire home/apt,,Annex (95),36,4.5,2,0.0,42.0,,43.672227,-79.392257,2017-03-12 14:59:54.191615
15478450,97766929,Entire home/apt,,Niagara (82),2,0.0,2,0.0,58.0,,43.637164,-79.405083,2017-03-12 14:59:54.189231
4066221,3437189,Entire home/apt,,Banbury-Don Mills (42),3,5.0,3,1.0,58.0,,43.726127,-79.327222,2017-03-12 14:59:54.185165
6662510,34874347,Entire home/apt,,Woodbine Corridor (64),11,4.5,3,1.0,61.0,,43.667879,-79.312438,2017-03-12 14:59:54.182362
5833586,2208107,Entire home/apt,,Regent Park (72),2,0.0,2,1.0,42.0,,43.659829,-79.357462,2017-03-12 14:59:54.179482
13771490,29895706,Entire home/apt,,The Beaches (63),8,5.0,3,1.0,62.0,,43.672338,-79.29084,2017-03-12 14:59:52.945276
7181166,37621445,Entire home/apt,,Woodbine Corridor (64),11,5.0,4,2.0,61.0,,43.683999,-79.313088,2017-03-12 14:59:52.943213
7007310,35647442,Entire home/apt,,Danforth East York (59),53,4.5,2,0.0,54.0,,43.686489,-79.345894,2017-03-12 14:59:52.940325
14360661,14964549,Entire home/apt,,Playter Estates-Danforth (67),3,5.0,6,2.0,53.0,,43.680022,-79.346382,2017-03-12 14:59:52.934280
17461893,73577366,Entire home/apt,,Moss Park (73),0,0.0,4,1.0,61.0,,43.655843,-79.355799,2017-03-12 14:59:52.932324
4149739,21526358,Entire home/apt,,Annex (95),53,4.5,2,1.0,61.0,,43.673092,-79.403841,2017-03-12 14:59:52.928669
17092316,99662270,Entire home/apt,,Waterfront Communities-The Island (77),5,4.5,4,1.0,61.0,,43.643512,-79.388455,2017-03-12 14:59:52.926498
16392987,107385705,Entire home/apt,,Regent Park (72),9,5.0,4,2.0,61.0,,43.657267,-79.358685,2017-03-12 14:59:52.920152
14407173,49306637,Entire home/apt,,North St.James Town (74),18,4.5,2,1.0,49.0,,43.671113,-79.379291,2017-03-12 14:59:52.917087
9666421,2026312,Entire home/apt,,South Riverdale (70),10,5.0,2,1.0,58.0,,43.666823,-79.338663,2017-03-12 14:59:51.383785
1877396,725614,Entire home/apt,,Playter Estates-Danforth (67),17,4.5,2,0.0,61.0,,43.682028,-79.346128,2017-03-12 14:59:51.380815
5204607,1372066,Entire home/apt,,South Riverdale (70),2,0.0,2,1.0,58.0,,43.659855,-79.351266,2017-03-12 14:59:51.372731
8185393,29825210,Entire home/apt,,Moss Park (73),0,0.0,2,1.0,45.0,,43.657426,-79.371115,2017-03-12 14:59:51.369843
1033151,377846,Entire home/apt,,East End-Danforth (62),28,4.5,2,1.0,49.0,,43.681417,-79.305189,2017-03-12 14:59:51.366746
9330322,11246045,Entire home/apt,,South Riverdale (70),8,5.0,4,1.0,55.0,,43.665277,-79.325741,2017-03-12 14:59:51.360616
7600332,39850488,Entire home/apt,,North Riverdale (68),6,5.0,2,0.0,50.0,,43.667941,-79.34718,2017-03-12 14:59:51.357581
706332,1783164,Entire home/apt,,Moss Park (73),20,4.0,4,1.0,58.0,,43.65348,-79.37302,2017-03-12 14:59:50.317540
830516,4350429,Entire home/apt,,North Riverdale (68),49,4.5,1,1.0,49.0,,43.676853,-79.346245,2017-03-12 14:59:50.310328
13031045,40510045,Entire home/apt,,Annex (95),53,4.5,4,1.0,61.0,,43.673638,-79.399527,2017-03-12 14:59:50.307988
12601359,3737226,Entire home/apt,,Moss Park (73),4,5.0,2,1.0,61.0,,43.663258,-79.368451,2017-03-12 14:59:50.305454
1851460,725614,Entire home/apt,,Danforth (66),23,5.0,2,0.0,61.0,,43.682297,-79.345123,2017-03-12 14:59:50.300459
17242800,31397994,Entire home/apt,,Church-Yonge Corridor (75),6,5.0,4,1.0,61.0,,43.655804,-79.379974,2017-03-12 14:59:50.298370
17175439,66631663,Entire home/apt,,Church-Yonge Corridor (75),2,0.0,2,0.0,61.0,,43.652666,-79.374908,2017-03-12 14:59:50.292676
16202177,30535149,Entire home/apt,,Moss Park (73),8,5.0,2,1.0,61.0,,43.655005,-79.365214,2017-03-12 14:59:50.290097
7048325,36955628,Entire home/apt,,Woodbine Corridor (64),3,4.5,3,1.0,61.0,,43.677284,-79.317317,2017-03-12 14:59:50.285603
17477872,61464792,Entire home/apt,,Bay Street Corridor (76),0,0.0,3,1.0,61.0,,43.662924,-79.386766,2017-03-12 14:59:50.281453
10357520,1311028,Entire home/apt,,South Riverdale (70),0,0.0,2,1.0,58.0,,43.658806,-79.344185,2017-03-12 14:59:48.977165
13434274,18010704,Entire home/apt,,Church-Yonge Corridor (75),8,4.5,2,0.0,58.0,,43.666408,-79.384597,2017-03-12 14:59:48.972890
8722881,16602271,Entire home/apt,,Regent Park (72),27,4.0,2,0.0,45.0,,43.65933,-79.364892,2017-03-12 14:59:48.970646
15866436,62543180,Entire home/apt,,Waterfront Communities-The Island (77),19,5.0,4,1.0,53.0,,43.647658,-79.396162,2017-03-12 14:59:48.966722
1092407,377846,Entire home/apt,,East End-Danforth (62),24,4.5,3,0.0,52.0,,43.681567,-79.305147,2017-03-12 14:59:48.963802
16147609,18116963,Entire home/apt,,Birchcliffe-Cliffside (122),2,0.0,5,3.0,61.0,,43.686013,-79.277644,2017-03-12 14:59:48.950090
15830543,6671943,Entire home/apt,,Waterfront Communities-The Island (77),4,5.0,2,1.0,47.0,,43.640929,-79.382251,2017-03-12 14:59:48.946894
15059285,75271183,Entire home/apt,,Cabbagetown-South St.James Town (71),32,5.0,3,1.0,61.0,,43.667557,-79.370277,2017-03-12 14:59:47.542292
8590322,16602271,Entire home/apt,,Moss Park (73),13,4.0,3,0.0,53.0,,43.660628,-79.367091,2017-03-12 14:59:47.539262
15182044,2129309,Entire home/apt,,Woodbine Corridor (64),1,0.0,2,0.0,61.0,,43.671143,-79.317448,2017-03-12 14:59:47.536804
13390700,2723198,Entire home/apt,,Broadview North (57),35,5.0,2,1.0,54.0,,43.684706,-79.354439,2017-03-12 14:59:47.532418
1718363,8478072,Entire home/apt,,Waterfront Communities-The Island (77),40,5.0,2,0.0,57.0,,43.650127,-79.389725,2017-03-12 14:59:47.529055
13270650,1018683,Entire home/apt,,Danforth (66),0,0.0,1,1.0,46.0,,43.682064,-79.345843,2017-03-12 14:59:47.520524
17032377,142682,Entire home/apt,,Old East York (58),0,0.0,5,2.0,61.0,,43.697904,-79.329418,2017-03-12 14:59:47.513058
9695241,50067653,Entire home/apt,,Blake-Jones (69),7,4.5,2,1.0,49.0,,43.679405,-79.338465,2017-03-12 14:59:47.505204
9670752,1863201,Entire home/apt,,Danforth (66),2,0.0,4,2.0,53.0,,43.682057,-79.340436,2017-03-12 14:59:47.501744
7349220,38504281,Entire home/apt,,South Riverdale (70),174,5.0,2,0.0,43.0,,43.658056,-79.346003,2017-03-12 14:59:45.897927
13920634,81683390,Entire home/apt,,Greenwood-Coxwell (65),5,5.0,2,1.0,61.0,,43.677594,-79.321348,2017-03-12 14:59:45.892789
15320772,55199836,Entire home/apt,,Blake-Jones (69),13,5.0,3,1.0,61.0,,43.67382,-79.3366,2017-03-12 14:59:45.889858
15413004,97866619,Entire home/apt,,Cabbagetown-South St.James Town (71),1,0.0,2,1.0,49.0,,43.664467,-79.35856,2017-03-12 14:59:45.884097
16677847,104138558,Entire home/apt,,Bay Street Corridor (76),1,0.0,2,0.0,50.0,,43.649318,-79.382633,2017-03-12 14:59:45.878679
3761128,19260167,Entire home/apt,,Blake-Jones (69),4,5.0,3,1.0,49.0,,43.677313,-79.33887,2017-03-12 14:59:45.873873
3932510,20374225,Entire home/apt,,South Riverdale (70),26,4.5,3,2.0,49.0,,43.66902,-79.334822,2017-03-12 14:59:45.871032
9064412,24656278,Entire home/apt,,O'Connor-Parkview (54),30,5.0,4,1.0,42.0,,43.710435,-79.307835,2017-03-12 14:59:45.868272
12131603,39635975,Entire home/apt,,The Beaches (63),30,4.5,2,1.0,46.0,,43.669761,-79.28898,2017-03-12 14:59:45.853830
13673201,14332523,Entire home/apt,,Church-Yonge Corridor (75),1,0.0,3,1.0,58.0,,43.659141,-79.380908,2017-03-12 14:59:44.605170
14748128,65367025,Entire home/apt,,Waterfront Communities-The Island (77),1,0.0,3,1.0,58.0,,43.642477,-79.381401,2017-03-12 14:59:44.602941
14837847,16110884,Entire home/apt,,Corso Italia-Davenport (92),18,4.5,4,1.0,61.0,,43.674677,-79.436776,2017-03-12 15:02:01.220701
13861118,10410336,Entire home/apt,,Corso Italia-Davenport (92),12,5.0,4,1.0,52.0,,43.682324,-79.447283,2017-03-12 15:02:01.216126
1220466,6657591,Entire home/apt,,Dovercourt-Wallace Emerson-Junction (93),57,4.5,2,0.0,61.0,,43.669272,-79.426381,2017-03-12 15:02:01.210992
6090639,20771745,Entire home/apt,,Dovercourt-Wallace Emerson-Junction (93),68,4.5,3,0.0,54.0,,43.663317,-79.433874,2017-03-12 15:02:01.207435
8503877,44778949,Entire home/apt,,Dovercourt-Wallace Emerson-Junction (93),3,4.0,2,1.0,42.0,,43.665575,-79.436548,2017-03-12 15:02:01.204248
6659067,7747607,Entire home/apt,,Dovercourt-Wallace Emerson-Junction (93),45,5.0,3,1.0,58.0,,43.661824,-79.443809,2017-03-12 15:02:01.201057
4509643,23382776,Entire home/apt,,Wychwood (94),34,4.5,2,1.0,60.0,,43.680253,-79.43006,2017-03-12 15:02:01.192445
7010281,36751031,Entire home/apt,,Dovercourt-Wallace Emerson-Junction (93),6,3.5,2,1.0,54.0,,43.662497,-79.423418,2017-03-12 15:02:01.189545
6595192,34503245,Entire home/apt,,Annex (95),11,4.5,2,1.0,61.0,,43.674076,-79.392338,2017-03-12 15:02:01.179735
11325234,8835918,Entire home/apt,,East End-Danforth (62),19,4.5,2,1.0,41.0,,43.679714,-79.297425,2017-03-12 14:59:44.589580
3873403,9249824,Entire home/apt,,O'Connor-Parkview (54),100,5.0,2,1.0,54.0,,43.712091,-79.304164,2017-03-12 14:59:43.352558
14919570,8126456,Entire home/apt,,The Beaches (63),8,5.0,2,1.0,58.0,,43.670802,-79.288522,2017-03-12 14:59:43.346428
7263158,33748222,Entire home/apt,,The Beaches (63),33,4.5,2,1.0,61.0,,43.667682,-79.307834,2017-03-12 14:59:43.325967
7822532,7734352,Entire home/apt,,East End-Danforth (62),17,3.5,4,2.0,46.0,,43.684202,-79.286414,2017-03-12 14:59:42.022189
6290257,11652227,Entire home/apt,,The Beaches (63),36,5.0,2,1.0,61.0,,43.668762,-79.309338,2017-03-12 14:59:42.016769
14047925,62976285,Entire home/apt,,The Beaches (63),12,5.0,7,3.0,61.0,,43.673319,-79.306077,2017-03-12 14:59:42.012929
15774200,48429377,Entire home/apt,,Waterfront Communities-The Island (77),14,5.0,2,1.0,58.0,,43.64278,-79.383204,2017-03-12 14:59:42.008366
12367262,25537948,Entire home/apt,,Greenwood-Coxwell (65),9,5.0,2,0.0,49.0,,43.674422,-79.32857,2017-03-12 14:59:42.006171
13823365,20077710,Entire home/apt,,Woodbine Corridor (64),32,4.5,2,1.0,49.0,,43.672206,-79.315342,2017-03-12 14:59:42.003042
17495837,53760371,Entire home/apt,,South Riverdale (70),0,0.0,2,1.0,45.0,,43.665334,-79.331397,2017-03-12 14:59:41.993169
3319040,16757099,Entire home/apt,,The Beaches (63),3,5.0,2,1.0,45.0,,43.671253,-79.290087,2017-03-12 14:59:41.982924
15511080,99660232,Entire home/apt,,Bay Street Corridor (76),17,5.0,2,0.0,58.0,,43.664752,-79.385191,2017-03-12 14:59:41.979911
15436524,3607242,Entire home/apt,,The Beaches (63),1,0.0,2,0.0,53.0,,43.673743,-79.286052,2017-03-12 14:59:41.976952
1910685,725614,Entire home/apt,,Danforth (66),33,4.5,2,0.0,49.0,,43.682325,-79.345045,2017-03-12 14:59:40.690174
13506547,21245388,Entire home/apt,,The Beaches (63),10,4.5,2,1.0,53.0,,43.673768,-79.305166,2017-03-12 14:59:40.684922
16980696,32305436,Entire home/apt,,Church-Yonge Corridor (75),5,5.0,2,1.0,46.0,,43.666772,-79.383203,2017-03-12 14:59:40.682602
6716274,743216,Entire home/apt,,Blake-Jones (69),23,4.5,2,1.0,52.0,,43.67451,-79.341563,2017-03-12 14:59:40.674284
7583417,14695415,Entire home/apt,,Oakridge (121),63,5.0,2,0.0,61.0,,43.692856,-79.285903,2017-03-12 14:59:40.670150
11167367,58097934,Entire home/apt,,The Beaches (63),19,5.0,2,1.0,61.0,,43.671262,-79.305915,2017-03-12 14:59:40.664763
7559466,32089316,Entire home/apt,,Birchcliffe-Cliffside (122),1,0.0,2,1.0,58.0,,43.680062,-79.283524,2017-03-12 14:59:39.242631
8007804,7734352,Entire home/apt,,East End-Danforth (62),5,4.5,4,2.0,46.0,,43.685921,-79.287004,2017-03-12 14:59:39.240095
13757865,8142107,Entire home/apt,,Moss Park (73),27,4.5,5,1.0,53.0,,43.657917,-79.367087,2017-03-12 14:59:39.236879
2187769,725614,Entire home/apt,,Woodbine-Lumsden (60),24,4.5,2,1.0,58.0,,43.689293,-79.312581,2017-03-12 14:59:39.230499
17317312,21449371,Entire home/apt,,The Beaches (63),0,0.0,3,1.0,54.0,,43.668015,-79.303884,2017-03-12 14:59:39.222676
16942837,80840683,Entire home/apt,,Birchcliffe-Cliffside (122),1,0.0,2,1.0,49.0,,43.676276,-79.278684,2017-03-12 14:59:39.219521
11123445,57791518,Entire home/apt,,The Beaches (63),31,5.0,4,2.0,55.0,,43.675502,-79.298556,2017-03-12 14:59:39.211423
11345032,17225208,Entire home/apt,,The Beaches (63),18,4.5,3,1.0,42.0,,43.671411,-79.306135,2017-03-12 14:59:39.207204
732835,1572211,Entire home/apt,,The Beaches (63),58,4.5,3,1.0,61.0,,43.67466,-79.305001,2017-03-12 14:59:37.913195
14547904,90025223,Entire home/apt,,Greenwood-Coxwell (65),3,5.0,3,1.0,54.0,,43.671562,-79.32026,2017-03-12 14:59:37.905233
10609206,54743026,Entire home/apt,,Danforth (66),33,5.0,2,0.0,42.0,,43.683623,-79.333154,2017-03-12 14:59:37.899661
6986169,36628490,Entire home/apt,,Moss Park (73),6,5.0,2,0.0,58.0,,43.656933,-79.357123,2017-03-12 14:59:37.891196
11533218,60834822,Entire home/apt,,Waterfront Communities-The Island (77),97,5.0,4,1.0,53.0,,43.642516,-79.396171,2017-03-12 14:59:36.682188
14290626,80498164,Entire home/apt,,Greenwood-Coxwell (65),25,4.5,2,1.0,49.0,,43.673696,-79.324177,2017-03-12 14:59:36.673064
15058674,6671943,Entire home/apt,,Waterfront Communities-The Island (77),37,5.0,5,1.0,53.0,,43.654628,-79.354479,2017-03-12 14:59:36.650921
8649463,3001771,Entire home/apt,,East End-Danforth (62),35,4.5,2,1.0,58.0,,43.685657,-79.305351,2017-03-12 14:59:36.646640
13532558,16019277,Entire home/apt,,Waterfront Communities-The Island (77),5,5.0,3,1.0,49.0,,43.639135,-79.397109,2017-03-12 14:59:35.468234
15132033,12099669,Entire home/apt,,South Riverdale (70),7,4.5,3,1.0,58.0,,43.663595,-79.335504,2017-03-12 14:59:35.463537
17604203,21980053,Entire home/apt,,Danforth East York (59),0,0.0,2,1.0,42.0,,43.684726,-79.336185,2017-03-12 14:59:35.457897
17461301,1180145,Entire home/apt,,South Riverdale (70),1,0.0,3,1.0,45.0,,43.660113,-79.342517,2017-03-12 14:59:35.455860
5560972,1149835,Entire home/apt,,The Beaches (63),50,5.0,2,0.0,53.0,,43.670322,-79.309792,2017-03-12 14:59:35.441056
1803281,9454044,Entire home/apt,,Blake-Jones (69),35,5.0,3,1.0,61.0,,43.671878,-79.340439,2017-03-12 14:59:35.434884
4279852,22220385,Entire home/apt,,Humewood-Cedarvale (106),25,4.5,4,1.0,49.0,,43.699084,-79.425526,2017-03-12 14:59:32.928479
3877521,5731888,Entire home/apt,,Oakwood Village (107),12,5.0,4,2.0,61.0,,43.692812,-79.44599,2017-03-12 14:59:32.923670
5145722,23662338,Entire home/apt,,Weston (113),3,5.0,4,2.0,58.0,,43.704628,-79.526497,2017-03-12 14:59:32.914433
5669953,20514535,Entire home/apt,,Willowdale West (37),0,0.0,2,1.0,61.0,,43.77011,-79.413869,2017-03-12 14:59:32.902235
13872984,82055628,Entire home/apt,,Clanton Park (33),4,5.0,4,1.0,61.0,,43.747261,-79.451403,2017-03-12 14:59:32.897060
6933301,24668216,Entire home/apt,,Bathurst Manor (34),1,0.0,2,1.0,61.0,,43.75755,-79.459278,2017-03-12 14:59:31.215266
10551021,52718158,Entire home/apt,,York University Heights (27),2,0.0,3,1.0,61.0,,43.763063,-79.465914,2017-03-12 14:59:31.212307
10255272,52718158,Entire home/apt,,York University Heights (27),0,0.0,2,1.0,55.0,,43.764492,-79.466107,2017-03-12 14:59:31.206195
4701737,24304818,Entire home/apt,,Forest Hill North (102),18,4.5,2,1.0,61.0,,43.702702,-79.437844,2017-03-12 14:59:31.196114
5719879,12742095,Entire home/apt,,Willowdale East (51),7,4.5,4,1.0,58.0,,43.763145,-79.409289,2017-03-12 14:59:31.191613
7224526,37821131,Entire home/apt,,Mount Pleasant West (104),1,0.0,4,1.0,54.0,,43.710382,-79.39261,2017-03-12 14:59:31.188426
10281401,44442575,Entire home/apt,,Forest Hill South (101),6,5.0,2,1.0,61.0,,43.699301,-79.420691,2017-03-12 14:59:31.185649
4567868,18771455,Entire home/apt,,Lawrence Park South (103),18,5.0,2,0.0,58.0,,43.714544,-79.405953,2017-03-12 14:59:31.180508
14066642,84463655,Entire home/apt,,Maple Leaf (29),15,4.5,2,1.0,46.0,,43.709442,-79.483523,2017-03-12 14:59:29.939559
12323960,66491253,Entire home/apt,,Forest Hill North (102),1,0.0,4,2.0,53.0,,43.703547,-79.438192,2017-03-12 14:59:29.934347
16964591,13204520,Entire home/apt,,Oakwood Village (107),3,5.0,4,2.0,61.0,,43.696368,-79.442532,2017-03-12 14:59:29.926847
8646574,12742095,Entire home/apt,,Willowdale East (51),4,5.0,4,1.0,61.0,,43.76228,-79.408524,2017-03-12 14:59:29.921342
16855414,106559515,Entire home/apt,,Clanton Park (33),2,0.0,5,2.0,61.0,,43.74432,-79.449226,2017-03-12 14:59:29.917116
17403015,117448695,Entire home/apt,,Humber Heights-Westmount (8),0,0.0,1,1.0,61.0,,43.699698,-79.527312,2017-03-12 14:59:29.909284
15929142,52607832,Entire home/apt,,Hillcrest Village (48),6,4.0,3,1.0,54.0,,43.80971,-79.363877,2017-03-12 14:59:28.527242
13714976,79584648,Entire home/apt,,Lawrence Park North (105),5,4.5,4,1.0,53.0,,43.724473,-79.410026,2017-03-12 14:59:28.523135
17022343,60841951,Entire home/apt,,Oakwood Village (107),0,0.0,4,1.0,49.0,,43.693534,-79.446596,2017-03-12 14:59:28.520724
1856109,1989442,Entire home/apt,,Englemount-Lawrence (32),148,4.5,3,1.0,61.0,,43.717909,-79.437255,2017-03-12 14:59:28.517436
11904666,534666,Entire home/apt,,Newtonbrook East (50),4,4.0,3,1.0,58.0,,43.799421,-79.413326,2017-03-12 14:59:28.515079
8686883,31043845,Entire home/apt,,Forest Hill South (101),11,4.5,1,1.0,54.0,,43.700261,-79.416862,2017-03-12 14:59:28.512750
11691625,7992575,Entire home/apt,,Forest Hill North (102),0,0.0,4,3.0,54.0,,43.703374,-79.417394,2017-03-12 14:59:28.507402
3330285,6029682,Entire home/apt,,Mount Pleasant West (104),3,4.5,3,1.0,58.0,,43.705097,-79.396607,2017-03-12 14:59:28.502655
17559847,119192887,Entire home/apt,,West Humber-Clairville (1),0,0.0,5,2.0,58.0,,43.72517,-79.617021,2017-03-12 14:59:28.498816
16237368,103603081,Entire home/apt,,Willowdale West (37),1,0.0,3,2.0,60.0,,43.769707,-79.42388,2017-03-12 14:59:27.332472
16390882,8439242,Entire home/apt,,Forest Hill South (101),0,0.0,4,1.0,58.0,,43.701183,-79.421067,2017-03-12 14:59:27.330321
12022696,64291892,Entire home/apt,,Willowdale West (37),0,0.0,2,1.0,42.0,,43.771804,-79.416604,2017-03-12 14:59:27.326147
9478161,18449205,Entire home/apt,,Newtonbrook East (50),20,4.5,3,1.0,61.0,,43.781154,-79.415359,2017-03-12 14:59:27.322188
7855383,40434152,Entire home/apt,,Black Creek (24),0,0.0,3,1.0,43.0,,43.763408,-79.517367,2017-03-12 14:59:27.313143
11492861,7992575,Entire home/apt,,Forest Hill North (102),2,0.0,4,3.0,54.0,,43.704195,-79.417816,2017-03-12 14:59:27.310647
6353861,33100782,Entire home/apt,,York University Heights (27),1,0.0,6,6.0,53.0,,43.768126,-79.499916,2017-03-12 14:59:27.306089
13777804,19357925,Entire home/apt,,Willowdale East (51),1,0.0,4,1.0,58.0,,43.755969,-79.405605,2017-03-12 14:59:27.302292
2336683,11933948,Entire home/apt,,Clanton Park (33),1,0.0,4,1.0,55.0,,43.748893,-79.45284,2017-03-12 14:59:27.297648
7481532,39178709,Entire home/apt,,Willowdale East (51),34,5.0,2,0.0,61.0,,43.758148,-79.407655,2017-03-12 14:59:27.292552
12382271,26468345,Entire home/apt,,Willowdale East (51),10,5.0,2,1.0,52.0,,43.758815,-79.409786,2017-03-12 14:59:25.782808
17541171,33055097,Entire home/apt,,Willowdale East (51),0,0.0,3,2.0,61.0,,43.770838,-79.411377,2017-03-12 14:59:25.763654
6357730,12742095,Entire home/apt,,Willowdale East (51),11,5.0,4,1.0,58.0,,43.763216,-79.410359,2017-03-12 14:59:25.755904
16038335,104369661,Entire home/apt,,Oakwood Village (107),0,0.0,4,2.0,46.0,,43.695785,-79.438382,2017-03-12 14:59:25.753614
11528381,38923473,Entire home/apt,,Bathurst Manor (34),0,0.0,4,2.0,42.0,,43.754071,-79.449056,2017-03-12 14:59:25.748662
17477578,103603081,Entire home/apt,,Willowdale West (37),0,0.0,4,1.0,61.0,,43.773793,-79.420944,2017-03-12 14:59:24.648785
762427,1591140,Entire home/apt,,Mount Pleasant West (104),21,5.0,4,0.0,58.0,,43.705413,-79.395083,2017-03-12 14:59:24.642387
10962364,56861040,Entire home/apt,,Weston (113),0,0.0,3,3.0,58.0,,43.707218,-79.530132,2017-03-12 14:59:24.639350
9909126,1200958,Entire home/apt,,Bayview Village (52),15,5.0,2,1.0,61.0,,43.764023,-79.384046,2017-03-12 14:59:24.633893
7927697,16811022,Entire home/apt,,Clanton Park (33),16,5.0,2,0.0,55.0,,43.738379,-79.44621,2017-03-12 14:59:23.595723
14301924,67050878,Entire home/apt,,Caledonia-Fairbank (109),16,5.0,2,1.0,46.0,,43.693533,-79.45012,2017-03-12 14:59:23.591027
14279755,80288389,Entire home/apt,,West Humber-Clairville (1),27,5.0,4,2.0,45.0,,43.730526,-79.609247,2017-03-12 14:59:23.582278
15195728,4741079,Entire home/apt,,Lansing-Westgate (38),0,0.0,2,1.0,50.0,,43.755606,-79.419657,2017-03-12 14:59:23.575986
13777352,41905604,Entire home/apt,,Oakwood Village (107),13,4.5,2,1.0,54.0,,43.697111,-79.442649,2017-03-12 14:59:23.570321
15888115,103039584,Entire home/apt,,York University Heights (27),2,0.0,3,1.0,46.0,,43.750819,-79.465304,2017-03-12 14:59:23.565141
12401318,26329832,Entire home/apt,,Willowdale West (37),4,4.5,2,1.0,49.0,,43.774238,-79.414286,2017-03-12 14:59:22.559519
15634307,51772578,Entire home/apt,,Humber Heights-Westmount (8),17,5.0,4,1.0,43.0,,43.697304,-79.525224,2017-03-12 14:59:22.554526
6862452,14243352,Entire home/apt,,Willowdale West (37),8,4.5,3,1.0,49.0,,43.767398,-79.437571,2017-03-12 14:59:22.548068
5786216,30020511,Entire home/apt,,Willowdale East (51),20,5.0,3,1.0,61.0,,43.765315,-79.390736,2017-03-12 14:59:21.244778
15859307,102786488,Entire home/apt,,Downsview-Roding-CFB (26),0,0.0,2,1.0,52.0,,43.725213,-79.48037,2017-03-12 14:59:21.240914
17417805,117797678,Entire home/apt,,Mount Pleasant West (104),0,0.0,2,0.0,43.0,,43.709882,-79.39808,2017-03-12 14:59:21.238787
9842943,50683042,Entire home/apt,,York University Heights (27),1,0.0,3,1.0,54.0,,43.750327,-79.464908,2017-03-12 14:59:21.232426
10433926,53741847,Entire home/apt,,Willowdale East (51),9,5.0,2,1.0,54.0,,43.779319,-79.4137,2017-03-12 14:59:21.227926
14598970,90569389,Entire home/apt,,Yorkdale-Glen Park (31),4,5.0,2,1.0,54.0,,43.713914,-79.453221,2017-03-12 14:59:21.223829
15282382,8258262,Entire home/apt,,Willowdale East (51),9,5.0,6,2.0,49.0,,43.75701,-79.406406,2017-03-12 14:59:19.909075
16345834,32044025,Entire home/apt,,Pelmo Park-Humberlea (23),0,0.0,2,1.0,61.0,,43.709959,-79.520377,2017-03-12 14:59:19.906902
12401113,67050878,Entire home/apt,,Oakwood Village (107),22,5.0,2,1.0,50.0,,43.69082,-79.448152,2017-03-12 14:59:19.904170
12070085,21518941,Entire home/apt,,Glenfield-Jane Heights (25),9,5.0,3,1.0,46.0,,43.755624,-79.514727,2017-03-12 14:59:19.901966
16833290,37683342,Entire home/apt,,Newtonbrook East (50),0,0.0,1,0.0,49.0,,43.78351,-79.410301,2017-03-12 14:59:19.899784
14254406,62518325,Entire home/apt,,Newtonbrook West (36),3,5.0,2,1.0,58.0,,43.778109,-79.442061,2017-03-12 14:59:19.887613
10524086,54262606,Entire home/apt,,Willowdale East (51),0,0.0,2,1.0,58.0,,43.756722,-79.405756,2017-03-12 14:59:19.883070
17000380,41441016,Entire home/apt,,Yorkdale-Glen Park (31),3,4.5,2,1.0,54.0,,43.707112,-79.443442,2017-03-12 14:59:19.879088
12129574,22307605,Entire home/apt,,Thistletown-Beaumond Heights (3),27,4.5,4,2.0,46.0,,43.739038,-79.560833,2017-03-12 14:59:19.874317
15604983,17794094,Entire home/apt,,Forest Hill North (102),0,0.0,1,1.0,46.0,,43.703522,-79.416649,2017-03-12 14:59:19.870487
6086403,11423032,Entire home/apt,,Clanton Park (33),36,5.0,2,1.0,58.0,,43.741315,-79.445225,2017-03-12 14:59:18.414989
16336655,21020219,Entire home/apt,,York University Heights (27),1,0.0,2,1.0,43.0,,43.751767,-79.464393,2017-03-12 14:59:18.410396
11735427,6369703,Entire home/apt,,Thistletown-Beaumond Heights (3),3,4.5,4,1.0,50.0,,43.74002,-79.558265,2017-03-12 14:59:18.405240
6949688,26542502,Entire home/apt,,Yonge-St.Clair (97),15,4.5,3,1.0,58.0,,43.695421,-79.398336,2017-03-12 14:59:17.007992
3798290,2809519,Entire home/apt,,Yonge-Eglinton (100),0,0.0,2,1.0,54.0,,43.708166,-79.40264,2017-03-12 14:59:17.005094
14173109,29604658,Entire home/apt,,Yonge-Eglinton (100),3,4.5,4,1.0,58.0,,43.710072,-79.402211,2017-03-12 14:59:17.000769
4354998,18950329,Entire home/apt,,Yonge-Eglinton (100),0,0.0,2,1.0,43.0,,43.709017,-79.400229,2017-03-12 14:59:16.997964
4508653,12742095,Entire home/apt,,Mount Pleasant West (104),17,5.0,3,1.0,53.0,,43.70699,-79.394778,2017-03-12 14:59:16.994115
2872621,12742095,Entire home/apt,,Mount Pleasant West (104),15,5.0,4,1.0,61.0,,43.70746,-79.394747,2017-03-12 14:59:16.991204
9378306,40028323,Entire home/apt,,Mount Pleasant West (104),0,0.0,4,1.0,58.0,,43.706283,-79.393013,2017-03-12 14:59:16.988215
12408509,17292834,Entire home/apt,,Mount Pleasant East (99),0,0.0,2,1.0,58.0,,43.701248,-79.381867,2017-03-12 14:59:16.985622
2660151,1627132,Entire home/apt,,Mount Pleasant West (104),6,4.5,3,1.0,49.0,,43.713103,-79.393977,2017-03-12 14:59:16.982768
17314344,115321189,Entire home/apt,,Lawrence Park South (103),0,0.0,4,1.0,49.0,,43.723284,-79.401801,2017-03-12 14:59:16.980448
1830310,6808974,Entire home/apt,,Broadview North (57),3,5.0,2,1.0,54.0,,43.69093,-79.352868,2017-03-12 14:59:16.977836
15797227,102205222,Entire home/apt,,Taylor-Massey (61),1,0.0,4,1.0,49.0,,43.695272,-79.29385,2017-03-12 14:59:15.436166
15742590,56598592,Entire home/apt,,Pleasant View (46),1,0.0,5,2.0,43.0,,43.800126,-79.336863,2017-03-12 14:59:15.432381
14844289,32985430,Entire home/apt,,Bendale (127),5,5.0,8,1.0,54.0,,43.746768,-79.245962,2017-03-12 14:59:15.429759
6091835,31614465,Entire home/apt,,Agincourt North (129),16,4.5,4,2.0,58.0,,43.810873,-79.259619,2017-03-12 14:59:15.425953
8595279,10900294,Entire home/apt,,Yonge-St.Clair (97),0,0.0,3,1.0,49.0,,43.691573,-79.396173,2017-03-12 14:59:15.423576
12364221,66790642,Entire home/apt,,Hillcrest Village (48),0,0.0,4,4.0,61.0,,43.793105,-79.363708,2017-03-12 14:59:15.420834
17047463,9637145,Entire home/apt,,Mount Pleasant West (104),0,0.0,2,1.0,58.0,,43.712398,-79.393467,2017-03-12 14:59:15.418173
6134082,15018199,Entire home/apt,,Birchcliffe-Cliffside (122),7,4.5,4,1.0,46.0,,43.707018,-79.251849,2017-03-12 14:59:15.415564
14755503,4506113,Entire home/apt,,Lawrence Park North (105),3,4.5,3,1.0,58.0,,43.726952,-79.404505,2017-03-12 14:59:15.413316
16032393,52597476,Entire home/apt,,Parkwoods-Donalda (45),1,0.0,3,2.0,62.0,,43.758862,-79.317326,2017-03-12 14:59:15.410065
15758249,97788611,Entire home/apt,,Rouge (131),13,4.0,6,3.0,62.0,,43.782434,-79.129922,2017-03-12 14:59:15.400785
13039357,59477190,Entire home/apt,,Mount Pleasant West (104),11,4.5,4,0.0,61.0,,43.706627,-79.395581,2017-03-12 14:59:14.002182
10909324,39476480,Entire home/apt,,Mount Pleasant West (104),5,4.5,4,0.0,42.0,,43.71143,-79.397887,2017-03-12 14:59:13.995706
15265740,95100708,Entire home/apt,,Parkwoods-Donalda (45),0,0.0,2,2.0,52.0,,43.761904,-79.33784,2017-03-12 14:59:13.993764
16947102,93214813,Entire home/apt,,Mount Pleasant West (104),0,0.0,1,0.0,46.0,,43.71115,-79.398315,2017-03-12 14:59:13.991811
7128823,11647237,Entire home/apt,,O'Connor-Parkview (54),3,4.0,3,1.0,52.0,,43.698816,-79.300551,2017-03-12 14:59:13.989115
13922384,20736403,Entire home/apt,,O'Connor-Parkview (54),1,0.0,2,1.0,49.0,,43.711325,-79.298849,2017-03-12 14:59:13.986951
11438453,17429756,Entire home/apt,,Yonge-Eglinton (100),20,5.0,2,0.0,61.0,,43.707656,-79.40098,2017-03-12 14:59:13.984802
4762494,24075151,Entire home/apt,,Woodbine-Lumsden (60),42,5.0,4,1.0,61.0,,43.691676,-79.304697,2017-03-12 14:59:13.982146
5900597,11494010,Entire home/apt,,Woodbine-Lumsden (60),1,0.0,3,2.0,46.0,,43.692214,-79.304757,2017-03-12 14:59:13.978353
16664135,13734807,Entire home/apt,,Mount Pleasant East (99),2,0.0,2,1.0,45.0,,43.712077,-79.389691,2017-03-12 14:59:13.976305
16912502,108581680,Entire home/apt,,Taylor-Massey (61),0,0.0,3,1.0,58.0,,43.695611,-79.294661,2017-03-12 14:59:13.974274
7156517,23972294,Entire home/apt,,Woodbine-Lumsden (60),9,5.0,2,1.0,42.0,,43.692603,-79.314737,2017-03-12 14:59:13.969713
14203592,62761900,Entire home/apt,,Ionview (125),13,4.5,4,2.0,62.0,,43.731406,-79.275327,2017-03-12 14:59:13.960286
16633255,2437606,Entire home/apt,,Old East York (58),0,0.0,3,1.0,43.0,,43.695539,-79.349726,2017-03-12 14:59:12.441139
8940534,46735059,Entire home/apt,,Hillcrest Village (48),2,0.0,1,1.0,46.0,,43.792611,-79.367385,2017-03-12 14:59:12.429753
14756757,91813195,Entire home/apt,,Mount Pleasant West (104),2,0.0,2,1.0,58.0,,43.698398,-79.391718,2017-03-12 14:59:12.426989
6785350,5828763,Entire home/apt,,Yonge-Eglinton (100),2,0.0,3,1.0,61.0,,43.706265,-79.401043,2017-03-12 14:59:12.423761
14688728,69111249,Entire home/apt,,Old East York (58),10,4.5,4,2.0,61.0,,43.696112,-79.340773,2017-03-12 14:59:12.421552
14934254,93924817,Entire home/apt,,Banbury-Don Mills (42),3,5.0,2,1.0,61.0,,43.725626,-79.348064,2017-03-12 14:59:12.419171
15297953,97402111,Entire home/apt,,Oakridge (121),1,0.0,2,1.0,61.0,,43.697316,-79.271796,2017-03-12 14:59:12.416829
9365343,6806197,Entire home/apt,,Bridle Path-Sunnybrook-York Mills (41),1,0.0,3,1.0,49.0,,43.713169,-79.379179,2017-03-12 14:59:12.412856
15577534,100353662,Entire home/apt,,Clairlea-Birchmount (120),1,0.0,2,1.0,53.0,,43.709761,-79.293448,2017-03-12 14:59:12.410408
7526456,12100411,Entire home/apt,,Mount Pleasant West (104),0,0.0,1,0.0,46.0,,43.711334,-79.39686,2017-03-12 14:59:12.407323
6748812,35333559,Entire home/apt,,Danforth East York (59),41,5.0,3,1.0,43.0,,43.694058,-79.323099,2017-03-12 14:59:11.047640
708663,3645159,Entire home/apt,,Broadview North (57),18,4.5,1,1.0,45.0,,43.692592,-79.350367,2017-03-12 14:59:11.041158
7326421,38380350,Entire home/apt,,Birchcliffe-Cliffside (122),25,4.5,4,1.0,60.0,,43.692448,-79.266718,2017-03-12 14:59:11.038758
17460790,44681987,Entire home/apt,,Wexford/Maryvale (119),0,0.0,3,1.0,46.0,,43.756298,-79.306136,2017-03-12 14:59:11.034880
8653596,45477535,Entire home/apt,,Mount Pleasant West (104),2,0.0,3,0.0,58.0,,43.709994,-79.39506,2017-03-12 14:59:11.032141
9752448,50301373,Entire home/apt,,Mount Pleasant West (104),2,0.0,3,0.0,46.0,,43.711652,-79.394947,2017-03-12 14:59:11.027724
9072036,24112557,Entire home/apt,,Willowdale East (51),17,4.5,2,1.0,49.0,,43.768267,-79.38865,2017-03-12 14:59:11.024776
11787230,23774650,Entire home/apt,,Mount Pleasant West (104),0,0.0,2,1.0,61.0,,43.70579,-79.391378,2017-03-12 14:59:11.019970
17463118,118264356,Entire home/apt,,Mount Pleasant East (99),0,0.0,2,1.0,61.0,,43.710119,-79.380989,2017-03-12 14:59:11.014992
3832790,3583058,Entire home/apt,,Mount Pleasant East (99),44,4.5,2,1.0,61.0,,43.708124,-79.385461,2017-03-12 14:59:11.009756
16200682,105809866,Entire home/apt,,Willowdale East (51),13,4.0,2,1.0,62.0,,43.758567,-79.404385,2017-03-12 14:59:09.528829
16928420,90068148,Entire home/apt,,Birchcliffe-Cliffside (122),2,0.0,2,1.0,42.0,,43.692464,-79.262052,2017-03-12 14:59:09.525210
5815645,30177247,Entire home/apt,,O'Connor-Parkview (54),24,4.5,2,1.0,49.0,,43.709009,-79.304147,2017-03-12 14:59:09.523146
13637349,3608125,Entire home/apt,,Taylor-Massey (61),7,5.0,2,1.0,49.0,,43.694009,-79.303066,2017-03-12 14:59:09.520604
8403600,3707612,Entire home/apt,,Wexford/Maryvale (119),2,0.0,3,3.0,61.0,,43.753482,-79.295185,2017-03-12 14:59:09.515052
5666775,16853533,Entire home/apt,,Parkwoods-Donalda (45),89,4.5,6,1.0,54.0,,43.764274,-79.336211,2017-03-12 14:59:09.498173
14760481,48821560,Entire home/apt,,O'Connor-Parkview (54),8,5.0,3,1.0,49.0,,43.707559,-79.29931,2017-03-12 14:59:09.493425
43964,192364,Entire home/apt,,Wexford/Maryvale (119),2,0.0,2,1.0,60.0,,43.748584,-79.291115,2017-03-12 14:59:08.379413
10041293,14435124,Entire home/apt,,Parkwoods-Donalda (45),9,5.0,5,2.0,61.0,,43.759383,-79.337979,2017-03-12 14:59:08.374169
14556694,29395026,Entire home/apt,,Rouge (131),1,0.0,2,1.0,54.0,,43.819883,-79.202266,2017-03-12 14:59:08.364433
14399559,88508504,Entire home/apt,,Lawrence Park North (105),25,4.5,2,1.0,44.0,,43.728316,-79.393567,2017-03-12 14:59:08.358646
17343926,116150057,Entire home/apt,,Tam O'Shanter-Sullivan (118),1,0.0,4,2.0,46.0,,43.772712,-79.31111,2017-03-12 14:59:08.349440
9050336,47219710,Entire home/apt,,Woburn (137),0,0.0,4,2.0,54.0,,43.777996,-79.225435,2017-03-12 14:59:08.346795
11943375,63763172,Entire home/apt,,Oakridge (121),23,5.0,2,1.0,42.0,,43.692011,-79.284637,2017-03-12 14:59:08.343276
6966606,36527420,Entire home/apt,,Agincourt South-Malvern West (128),0,0.0,4,2.0,62.0,,43.79192,-79.285163,2017-03-12 14:59:08.337583
16314605,106758636,Entire home/apt,,Danforth East York (59),1,0.0,3,2.0,43.0,,43.692447,-79.332381,2017-03-12 14:59:08.335198
16482277,23472830,Entire home/apt,,Eglinton East (138),0,0.0,3,1.0,45.0,,43.738162,-79.243889,2017-03-12 14:59:08.332782
13926487,14655644,Entire home/apt,,Danforth East York (59),19,5.0,2,0.0,52.0,,43.693138,-79.31844,2017-03-12 14:59:08.328348
11881710,41933058,Entire home/apt,,Bayview Village (52),11,4.0,3,1.0,58.0,,43.769885,-79.370827,2017-03-12 14:59:06.937428
13726823,5235166,Entire home/apt,,Mount Pleasant West (104),8,5.0,2,1.0,61.0,,43.697065,-79.394622,2017-03-12 14:59:06.934856
12890328,68120562,Entire home/apt,,Bayview Village (52),9,5.0,2,0.0,45.0,,43.769795,-79.370433,2017-03-12 14:59:06.929356
10813165,40335031,Entire home/apt,,Bayview Village (52),9,5.0,2,0.0,55.0,,43.765795,-79.383406,2017-03-12 14:59:06.923517
16245320,74393671,Entire home/apt,,Church-Yonge Corridor (75),21,5.0,3,0.0,49.0,,43.666617,-79.383836,2017-03-12 15:00:00.607121
1321398,7173548,Entire home/apt,,The Beaches (63),50,5.0,4,1.0,60.0,,43.672865,-79.285351,2017-03-12 15:00:00.599269
10743375,51511100,Entire home/apt,,Cabbagetown-South St.James Town (71),1,0.0,2,1.0,58.0,,43.666888,-79.370505,2017-03-12 15:00:00.592922
16464473,107157336,Entire home/apt,,Kensington-Chinatown (78),4,4.5,4,1.0,47.0,,43.652395,-79.392937,2017-03-12 15:00:00.587411
17222561,5264859,Entire home/apt,,Church-Yonge Corridor (75),0,0.0,2,1.0,61.0,,43.668777,-79.381074,2017-03-12 15:00:00.582335
16447885,5967259,Entire home/apt,,The Beaches (63),1,0.0,2,0.0,61.0,,43.670173,-79.292484,2017-03-12 15:00:00.578841
2483875,12621649,Entire home/apt,,Kensington-Chinatown (78),5,5.0,2,1.0,58.0,,43.654278,-79.39368,2017-03-12 15:00:00.569355
5363412,459531,Entire home/apt,,East End-Danforth (62),13,4.5,2,0.0,49.0,,43.679879,-79.298493,2017-03-12 14:59:58.178088
2468156,2112835,Entire home/apt,,Danforth (66),2,0.0,4,1.0,53.0,,43.685162,-79.325224,2017-03-12 14:59:58.175644
12086042,21409416,Entire home/apt,,Annex (95),4,5.0,2,1.0,61.0,,43.668084,-79.402195,2017-03-12 14:59:58.171871
12386530,23411297,Entire home/apt,,North St.James Town (74),68,5.0,2,0.0,47.0,,43.669946,-79.376598,2017-03-12 14:59:58.166276
14298694,44994555,Entire home/apt,,Church-Yonge Corridor (75),6,3.5,4,1.0,61.0,,43.658424,-79.377451,2017-03-12 14:59:58.163621
17028304,21422118,Entire home/apt,,Kensington-Chinatown (78),1,0.0,3,1.0,49.0,,43.648932,-79.401439,2017-03-12 14:59:58.161316
9661542,1230739,Entire home/apt,,University (79),0,0.0,2,1.0,58.0,,43.662071,-79.402821,2017-03-12 14:59:58.158555
14474310,103128024,Entire home/apt,,Niagara (82),16,5.0,2,0.0,62.0,,43.637384,-79.401324,2017-03-12 14:59:58.152862
12704169,5617620,Entire home/apt,,Church-Yonge Corridor (75),2,0.0,2,0.0,61.0,,43.662439,-79.382238,2017-03-12 14:59:58.146652
14316277,41809179,Entire home/apt,,Waterfront Communities-The Island (77),7,4.5,2,1.0,53.0,,43.647606,-79.39756,2017-03-12 14:59:56.808935
11656678,37513408,Entire home/apt,,North St.James Town (74),0,0.0,2,0.0,58.0,,43.668618,-79.376083,2017-03-12 14:59:56.800235
227435,725614,Entire home/apt,,Woodbine-Lumsden (60),18,5.0,2,0.0,49.0,,43.688821,-79.314029,2017-03-12 14:59:56.791620
3585714,9559903,Entire home/apt,,Niagara (82),26,5.0,2,1.0,46.0,,43.635143,-79.399036,2017-03-12 14:59:55.591558
8035404,15156363,Entire home/apt,,Church-Yonge Corridor (75),8,5.0,4,1.0,58.0,,43.659591,-79.381124,2017-03-12 14:59:55.585016
12132553,38043696,Entire home/apt,,Playter Estates-Danforth (67),1,0.0,2,1.0,56.0,,43.677455,-79.354829,2017-03-12 14:59:55.581990
11688733,47350896,Entire home/apt,,Tam O'Shanter-Sullivan (118),11,5.0,3,2.0,61.0,,43.776522,-79.312484,2017-03-12 14:59:06.915065
9977664,1218816,Entire home/apt,,Leaside-Bennington (56),4,5.0,2,1.0,48.0,,43.713449,-79.366291,2017-03-12 14:59:06.912934
17516125,38102548,Entire home/apt,,Mount Pleasant West (104),0,0.0,2,1.0,43.0,,43.705602,-79.395627,2017-03-12 14:59:06.910448
15253095,92327329,Entire home/apt,,O'Connor-Parkview (54),2,0.0,2,1.0,53.0,,43.701366,-79.312709,2017-03-12 14:59:06.905058
16175725,7030642,Entire home/apt,,Woodbine-Lumsden (60),1,0.0,4,2.0,58.0,,43.691607,-79.311127,2017-03-12 14:59:06.902076
7734057,40644973,Entire home/apt,,Bayview Village (52),11,4.5,3,1.0,49.0,,43.775893,-79.380869,2017-03-12 14:59:05.342100
16132768,66967463,Entire home/apt,,Woodbine-Lumsden (60),3,5.0,2,1.0,49.0,,43.694642,-79.307273,2017-03-12 14:59:05.338102
14857399,89523842,Entire home/apt,,Oakridge (121),24,4.5,3,2.0,49.0,,43.696955,-79.276752,2017-03-12 14:59:05.335097
10234286,52597476,Entire home/apt,,Parkwoods-Donalda (45),19,4.5,2,1.0,46.0,,43.758018,-79.31786,2017-03-12 14:59:05.330311
1732392,9127235,Entire home/apt,,Bendale (127),41,5.0,4,2.0,49.0,,43.757838,-79.261737,2017-03-12 14:59:05.327929
3709290,18804581,Entire home/apt,,Wexford/Maryvale (119),22,5.0,5,2.0,53.0,,43.741044,-79.293352,2017-03-12 14:59:05.325237
8151342,16471038,Entire home/apt,,Clairlea-Birchmount (120),23,5.0,2,1.0,46.0,,43.701193,-79.275521,2017-03-12 14:59:05.319784
13980959,83416817,Entire home/apt,,Don Valley Village (47),15,4.5,7,3.0,54.0,,43.784545,-79.341799,2017-03-12 14:59:05.317554
179578,545074,Entire home/apt,,Woburn (137),0,0.0,4,2.0,61.0,,43.780765,-79.247879,2017-03-12 14:59:05.314516
15878720,102948990,Entire home/apt,,Steeles (116),7,5.0,4,2.0,52.0,,43.810594,-79.329158,2017-03-12 14:59:05.312437
667595,3377580,Entire home/apt,,Ionview (125),7,5.0,2,1.0,44.0,,43.732406,-79.273599,2017-03-12 14:59:05.307761
5431514,16853533,Entire home/apt,,Parkwoods-Donalda (45),111,5.0,4,1.0,49.0,,43.759875,-79.331637,2017-03-12 14:59:05.305143
16914306,25278998,Entire home/apt,,Malvern (132),0,0.0,4,2.0,61.0,,43.79978,-79.21633,2017-03-12 14:59:05.302254
8759844,45853807,Entire home/apt,,Eglinton East (138),29,5.0,4,2.0,58.0,,43.739741,-79.256227,2017-03-12 14:59:04.284506
13226219,48821560,Entire home/apt,,O'Connor-Parkview (54),29,4.5,3,1.0,49.0,,43.708889,-79.30041,2017-03-12 14:59:04.277899
2666562,13647990,Entire home/apt,,Cliffcrest (123),156,5.0,2,1.0,42.0,,43.733342,-79.231332,2017-03-12 14:59:04.275137
5879122,30530063,Entire home/apt,,Guildwood (140),128,5.0,2,2.0,50.0,,43.757289,-79.177807,2017-03-12 14:59:04.258599
3139987,4550179,Entire home/apt,,Taylor-Massey (61),162,5.0,2,1.0,61.0,,43.692925,-79.300251,2017-03-12 14:59:04.251541
15192970,5091705,Entire home/apt,,West Hill (136),10,4.5,2,0.0,52.0,,43.77278,-79.184615,2017-03-12 14:59:04.245547
16429884,107720908,Entire home/apt,,Roncesvalles (86),10,4.5,6,1.0,61.0,,43.650839,-79.4507,2017-03-12 14:59:03.220336
13327497,7271877,Entire home/apt,,South Parkdale (85),12,4.0,2,2.0,46.0,,43.638713,-79.437597,2017-03-12 14:59:03.217228
6805201,35624074,Entire home/apt,,Mount Pleasant West (104),11,5.0,2,1.0,58.0,,43.699104,-79.388802,2017-03-12 14:59:03.214041
16010645,95030989,Entire home/apt,,North St.James Town (74),9,4.5,4,2.0,44.0,,43.670385,-79.377901,2017-03-12 14:59:03.211599
13837290,23269121,Entire home/apt,,Danforth (66),16,5.0,2,0.0,55.0,,43.688246,-79.316795,2017-03-12 14:59:03.209166
3946492,1146366,Entire home/apt,,Dovercourt-Wallace Emerson-Junction (93),75,4.5,4,1.0,61.0,,43.669802,-79.424448,2017-03-12 14:59:03.206467
832458,4357559,Entire home/apt,,Palmerston-Little Italy (80),135,4.5,2,0.0,58.0,,43.654743,-79.425316,2017-03-12 14:59:03.201921
1124771,6169927,Entire home/apt,,Palmerston-Little Italy (80),136,4.5,2,1.0,54.0,,43.658012,-79.419311,2017-03-12 14:59:03.199034
16948208,113317106,Entire home/apt,,Cliffcrest (123),0,0.0,3,2.0,58.0,,43.732267,-79.234199,2017-03-12 14:59:03.196468
15581731,100386881,Entire home/apt,,North St.James Town (74),16,5.0,4,1.0,58.0,,43.669333,-79.376841,2017-03-12 14:59:03.191675
2564164,13127380,Entire home/apt,,Danforth East York (59),17,4.0,2,1.0,46.0,,43.683635,-79.34305,2017-03-12 14:59:03.188763
17155270,7248585,Entire home/apt,,Oakwood Village (107),2,0.0,4,1.0,58.0,,43.695181,-79.442157,2017-03-12 14:59:03.186252
5965609,4913223,Entire home/apt,,Dovercourt-Wallace Emerson-Junction (93),21,4.5,2,0.0,46.0,,43.670386,-79.423823,2017-03-12 14:59:03.183152
8226634,43380584,Entire home/apt,,Bendale (127),96,5.0,4,1.0,58.0,,43.769745,-79.257119,2017-03-12 14:59:03.178176
10068718,459531,Entire home/apt,,East End-Danforth (62),14,4.5,2,0.0,54.0,,43.679716,-79.297587,2017-03-12 14:59:03.175369
13661927,79416194,Entire home/apt,,Clairlea-Birchmount (120),31,5.0,2,1.0,53.0,,43.704401,-79.271392,2017-03-12 14:59:00.516344
13578275,78350931,Entire home/apt,,Waterfront Communities-The Island (77),0,0.0,3,2.0,58.0,,43.640487,-79.382907,2017-03-12 14:59:00.513815
541161,725614,Entire home/apt,,Woodbine-Lumsden (60),42,4.5,2,1.0,61.0,,43.688842,-79.314064,2017-03-12 14:59:00.511023
14016436,42345138,Entire home/apt,,Ionview (125),56,5.0,4,2.0,61.0,,43.730427,-79.274297,2017-03-12 14:59:00.508889
11555724,48670392,Entire home/apt,,Newtonbrook West (36),11,5.0,4,1.0,53.0,,43.786134,-79.435798,2017-03-12 14:59:00.503585
17434932,62669804,Entire home/apt,,Church-Yonge Corridor (75),1,0.0,3,0.0,44.0,,43.66893,-79.38022,2017-03-12 14:59:00.499652
15865829,62543180,Entire home/apt,,Waterfront Communities-The Island (77),23,5.0,4,1.0,58.0,,43.646951,-79.393591,2017-03-12 14:59:00.495937
6291995,32715101,Entire home/apt,,Clairlea-Birchmount (120),43,4.5,2,0.0,58.0,,43.717327,-79.276458,2017-03-12 14:59:00.493152
9732211,50218173,Entire home/apt,,South Riverdale (70),17,5.0,2,1.0,49.0,,43.662747,-79.340962,2017-03-12 14:59:00.488137
16029445,1034869,Entire home/apt,,Henry Farm (53),0,0.0,2,0.0,46.0,,43.775102,-79.34478,2017-03-12 14:59:00.486053
8848368,8541438,Entire home/apt,,Trinity-Bellwoods (81),29,4.5,3,1.0,52.0,,43.648449,-79.406833,2017-03-12 14:59:00.483242
5755647,6803352,Entire home/apt,,Waterfront Communities-The Island (77),8,4.5,2,1.0,59.0,,43.644019,-79.393228,2017-03-12 14:59:00.480576
14122940,85149414,Entire home/apt,,Newtonbrook West (36),10,5.0,3,2.0,49.0,,43.778986,-79.421966,2017-03-12 14:59:00.478358
11695264,45681551,Entire home/apt,,South Riverdale (70),36,5.0,2,1.0,58.0,,43.658709,-79.333907,2017-03-12 14:58:59.078728
5125600,11124754,Entire home/apt,,Niagara (82),14,5.0,3,0.0,54.0,,43.637188,-79.401267,2017-03-12 14:58:59.070607
16913821,10041792,Entire home/apt,,Roncesvalles (86),6,5.0,2,1.0,54.0,,43.645345,-79.435278,2017-03-12 14:58:59.067504
10473316,15304154,Entire home/apt,,Waterfront Communities-The Island (77),13,4.5,2,0.0,61.0,,43.649851,-79.389006,2017-03-12 14:58:59.064541
16985851,29595867,Entire home/apt,,Bay Street Corridor (76),1,0.0,2,0.0,46.0,,43.648067,-79.378967,2017-03-12 14:58:59.057151
15255804,41317284,Entire home/apt,,Englemount-Lawrence (32),11,5.0,2,1.0,48.0,,43.725491,-79.433449,2017-03-12 14:58:59.054395
7709198,18942204,Entire home/apt,,Annex (95),10,4.5,2,1.0,45.0,,43.66758,-79.404952,2017-03-12 14:58:59.047411
13838135,20761713,Entire home/apt,,Dovercourt-Wallace Emerson-Junction (93),20,5.0,3,1.0,61.0,,43.665913,-79.455869,2017-03-12 14:58:59.044244
13476773,77130768,Entire home/apt,,South Riverdale (70),52,4.5,2,0.0,42.0,,43.660349,-79.340762,2017-03-12 14:58:59.041834
17403662,19509784,Entire home/apt,,Bay Street Corridor (76),1,0.0,4,1.0,61.0,,43.649504,-79.383306,2017-03-12 14:58:57.781745
16557067,51110419,Entire home/apt,,Old East York (58),11,4.5,8,3.0,57.0,,43.697332,-79.330889,2017-03-12 14:58:57.777443
5261334,26590851,Entire home/apt,,Trinity-Bellwoods (81),20,5.0,2,1.0,60.0,,43.648223,-79.416304,2017-03-12 14:58:57.773914
4880455,25107462,Entire home/apt,,Bayview Village (52),1,0.0,2,1.0,53.0,,43.766343,-79.38678,2017-03-12 14:58:57.771336
11575466,32542633,Entire home/apt,,Palmerston-Little Italy (80),51,5.0,4,1.0,53.0,,43.659644,-79.412044,2017-03-12 14:58:57.769316
13342733,75466888,Entire home/apt,,High Park North (88),12,4.0,2,1.0,44.0,,43.658991,-79.4528,2017-03-12 14:58:57.767064
8932293,8304046,Entire home/apt,,Junction Area (90),39,5.0,2,1.0,61.0,,43.663312,-79.468281,2017-03-12 14:58:57.764803
3282729,16590728,Entire home/apt,,Palmerston-Little Italy (80),49,5.0,2,1.0,61.0,,43.654415,-79.424719,2017-03-12 14:58:57.759875
2719136,13915034,Entire home/apt,,North Riverdale (68),109,5.0,2,1.0,61.0,,43.67379,-79.343697,2017-03-12 14:58:57.756937
16274228,105384246,Entire home/apt,,Niagara (82),9,5.0,4,2.0,54.0,,43.638314,-79.409286,2017-03-12 14:58:57.755019
15374143,64234677,Entire home/apt,,Roncesvalles (86),12,5.0,4,1.0,61.0,,43.645215,-79.439851,2017-03-12 14:58:57.750373
14825259,87790100,Entire home/apt,,Annex (95),5,5.0,2,1.0,49.0,,43.670895,-79.394196,2017-03-12 14:58:57.746579
198037,965557,Entire home/apt,,Palmerston-Little Italy (80),87,5.0,5,2.0,61.0,,43.655962,-79.420065,2017-03-12 14:58:57.744297
13734509,80369796,Entire home/apt,,Playter Estates-Danforth (67),6,4.5,4,1.0,58.0,,43.679288,-79.357323,2017-03-12 14:58:57.740469
11587757,61280014,Entire home/apt,,Wychwood (94),4,5.0,2,0.0,47.0,,43.681282,-79.423276,2017-03-12 14:58:57.737629
14088602,57170337,Entire home/apt,,Wychwood (94),19,4.5,2,1.0,52.0,,43.675241,-79.415281,2017-03-12 14:58:56.133050
9574039,49562092,Entire home/apt,,Willowdale East (51),3,5.0,4,2.0,58.0,,43.766431,-79.411808,2017-03-12 14:58:56.128907
1289006,7010570,Entire home/apt,,Waterfront Communities-The Island (77),108,4.5,4,1.0,61.0,,43.639123,-79.383487,2017-03-12 14:58:56.126174
16559496,88005083,Entire home/apt,,Leaside-Bennington (56),0,0.0,3,1.0,61.0,,43.712768,-79.364898,2017-03-12 14:58:56.124076
7887415,16811022,Entire home/apt,,Clanton Park (33),51,4.5,4,1.0,58.0,,43.737758,-79.439568,2017-03-12 14:58:56.121933
10070087,19379600,Entire home/apt,,Kensington-Chinatown (78),58,4.5,4,1.0,61.0,,43.65179,-79.390369,2017-03-12 14:58:56.119102
13525382,21245388,Entire home/apt,,The Beaches (63),11,4.5,4,1.0,46.0,,43.675477,-79.303746,2017-03-12 14:58:56.112725
16560977,87322705,Entire home/apt,,Waterfront Communities-The Island (77),10,5.0,6,1.0,54.0,,43.639384,-79.382683,2017-03-12 14:58:56.108947
16964756,21737657,Entire home/apt,,Willowdale East (51),1,0.0,2,0.0,42.0,,43.771711,-79.412521,2017-03-12 14:58:56.106652
17668748,69450805,Entire home/apt,,York University Heights (27),0,0.0,2,0.0,42.0,,43.748636,-79.490814,2017-03-12 14:58:56.102699
196584,957466,Entire home/apt,,Oakridge (121),5,5.0,2,1.0,49.0,,43.694465,-79.287937,2017-03-12 14:58:56.099896
9393740,16572510,Entire home/apt,,Mount Pleasant East (99),1,0.0,4,1.0,54.0,,43.70795,-79.388738,2017-03-12 14:58:56.093791
16624722,109784388,Entire home/apt,,Niagara (82),8,4.5,2,1.0,59.0,,43.63666,-79.417814,2017-03-12 14:58:54.848606
15879616,12972241,Entire home/apt,,Broadview North (57),4,5.0,4,0.0,44.0,,43.68515,-79.348313,2017-03-12 14:58:54.846289
12761302,20803742,Entire home/apt,,Greenwood-Coxwell (65),10,4.5,2,1.0,50.0,,43.668445,-79.324616,2017-03-12 14:58:54.843797
14303459,87388581,Entire home/apt,,Dufferin Grove (83),10,5.0,3,2.0,61.0,,43.653831,-79.440755,2017-03-12 14:58:54.834952
17187955,7966571,Entire home/apt,,Regent Park (72),1,0.0,2,0.0,49.0,,43.655807,-79.364342,2017-03-12 14:58:54.832489
14652108,9336860,Entire home/apt,,Yonge-St.Clair (97),13,5.0,4,0.0,58.0,,43.694292,-79.398134,2017-03-12 14:58:54.830297
14664483,19588986,Entire home/apt,,South Riverdale (70),7,5.0,2,1.0,58.0,,43.662793,-79.340718,2017-03-12 14:58:54.827526
10710581,54795903,Entire home/apt,,Waterfront Communities-The Island (77),71,4.5,4,1.0,61.0,,43.642395,-79.380912,2017-03-12 14:58:54.822372
13065413,62976285,Entire home/apt,,The Beaches (63),19,5.0,3,1.0,57.0,,43.668286,-79.306248,2017-03-12 14:58:54.812906
16827789,595154,Entire home/apt,,Little Portugal (84),3,5.0,4,2.0,61.0,,43.645277,-79.433434,2017-03-12 14:58:54.808993
2618025,9923100,Entire home/apt,,Church-Yonge Corridor (75),58,4.5,4,1.0,57.0,,43.666983,-79.382149,2017-03-12 14:58:54.806630
16944815,103282404,Entire home/apt,,Downsview-Roding-CFB (26),5,5.0,3,1.0,61.0,,43.724845,-79.480369,2017-03-12 14:58:54.800697
15943730,89627166,Entire home/apt,,Church-Yonge Corridor (75),1,0.0,2,1.0,61.0,,43.669978,-79.385612,2017-03-12 14:58:54.796792
5025880,13647990,Entire home/apt,,Cliffcrest (123),152,5.0,2,0.0,42.0,,43.735447,-79.229904,2017-03-12 14:58:54.794302
15001630,38565480,Entire home/apt,,Mount Pleasant West (104),11,5.0,2,1.0,58.0,,43.710349,-79.391147,2017-03-12 14:58:53.068127
5891077,30593040,Entire home/apt,,Woodbine Corridor (64),22,5.0,4,1.0,54.0,,43.684621,-79.31275,2017-03-12 14:58:53.063340
13101345,40510045,Entire home/apt,,Annex (95),54,4.5,4,0.0,45.0,,43.671797,-79.402388,2017-03-12 14:58:53.056520
1433885,6066930,Entire home/apt,,Old East York (58),10,5.0,2,1.0,61.0,,43.69442,-79.345487,2017-03-12 14:58:53.053367
17016081,40510045,Entire home/apt,,Humewood-Cedarvale (106),3,4.5,6,0.0,53.0,,43.698875,-79.426193,2017-03-12 14:58:53.050886
7938130,41759278,Entire home/apt,,Waterfront Communities-The Island (77),13,4.5,2,1.0,54.0,,43.638803,-79.399325,2017-03-12 14:58:53.040402
2250623,725614,Entire home/apt,,Danforth (66),28,4.5,1,0.0,49.0,,43.682629,-79.344348,2017-03-12 14:58:53.037409
17262823,115960245,Entire home/apt,,South Parkdale (85),2,0.0,2,0.0,46.0,,43.63696,-79.43161,2017-03-12 14:58:53.035105
7345752,38468084,Entire home/apt,,Waterfront Communities-The Island (77),70,4.5,3,1.0,61.0,,43.641304,-79.395184,2017-03-12 14:58:53.031972
13258407,15024027,Entire home/apt,,Church-Yonge Corridor (75),11,5.0,2,1.0,54.0,,43.662951,-79.381232,2017-03-12 14:58:53.029465
1202734,2929374,Entire home/apt,,Kensington-Chinatown (78),177,4.5,4,1.0,61.0,,43.656231,-79.398596,2017-03-12 14:58:53.020951
17251660,115960245,Entire home/apt,,South Parkdale (85),0,0.0,4,1.0,58.0,,43.637413,-79.431987,2017-03-12 14:58:51.707011
11135880,1402232,Entire home/apt,,Dufferin Grove (83),85,5.0,4,1.0,49.0,,43.65416,-79.430159,2017-03-12 14:58:51.704205
13187061,73782545,Entire home/apt,,Waterfront Communities-The Island (77),24,4.0,2,1.0,49.0,,43.644109,-79.376911,2017-03-12 14:58:51.699732
14797899,92424876,Entire home/apt,,South Parkdale (85),15,4.0,2,1.0,58.0,,43.63916,-79.426191,2017-03-12 14:58:51.697204
14771941,76609374,Entire home/apt,,High Park-Swansea (87),18,5.0,2,1.0,53.0,,43.649875,-79.477732,2017-03-12 14:58:51.694700
15867502,48292411,Entire home/apt,,Dovercourt-Wallace Emerson-Junction (93),8,5.0,2,1.0,46.0,,43.661282,-79.447001,2017-03-12 14:58:51.686935
16063964,76420203,Entire home/apt,,Flemingdon Park (44),5,4.0,2,1.0,54.0,,43.71544,-79.335904,2017-03-12 14:58:51.684905
13066551,22059903,Entire home/apt,,North St.James Town (74),30,5.0,3,0.0,54.0,,43.667732,-79.378207,2017-03-12 14:58:51.682729
13891601,75466888,Entire home/apt,,High Park North (88),26,4.5,4,0.0,58.0,,43.658787,-79.452791,2017-03-12 14:58:51.680119
17555233,119136914,Entire home/apt,,Church-Yonge Corridor (75),0,0.0,2,0.0,46.0,,43.663631,-79.3832,2017-03-12 14:58:51.678184
6747167,33227912,Entire home/apt,,South Riverdale (70),19,4.5,3,1.0,58.0,,43.659639,-79.337297,2017-03-12 14:58:51.676048
13407993,76344118,Entire home/apt,,Palmerston-Little Italy (80),7,4.0,2,1.0,52.0,,43.661292,-79.421567,2017-03-12 14:58:51.673902
8181439,29943367,Entire home/apt,,Church-Yonge Corridor (75),36,4.5,2,1.0,54.0,,43.666046,-79.381479,2017-03-12 14:58:51.671553
15328932,97701363,Entire home/apt,,Willowdale West (37),20,5.0,2,1.0,58.0,,43.774557,-79.423977,2017-03-12 14:58:51.668854
16140709,105312034,Entire home/apt,,Kensington-Chinatown (78),6,5.0,3,1.0,54.0,,43.656462,-79.406041,2017-03-12 14:58:50.252225
16107945,30535149,Entire home/apt,,Oakwood Village (107),5,5.0,2,0.0,44.0,,43.693744,-79.439872,2017-03-12 14:58:50.244342
141152,528948,Entire home/apt,,Kensington-Chinatown (78),250,5.0,4,1.0,54.0,,43.65527,-79.402764,2017-03-12 14:58:50.241228
13357665,75761730,Entire home/apt,,Regent Park (72),0,0.0,1,2.0,52.0,,43.660326,-79.362307,2017-03-12 14:58:50.238510
14789848,39610003,Entire home/apt,,Rockcliffe-Smythe (111),7,5.0,3,2.0,54.0,,43.667737,-79.499118,2017-03-12 14:58:50.230660
654187,607709,Entire home/apt,,Trinity-Bellwoods (81),92,4.5,2,1.0,46.0,,43.652351,-79.422453,2017-03-12 14:58:50.227718
16336524,2527714,Entire home/apt,,East End-Danforth (62),16,5.0,3,1.0,44.0,,43.686035,-79.311677,2017-03-12 14:58:50.225153
295003,1524367,Entire home/apt,,Willowdale East (51),43,5.0,2,1.0,54.0,,43.757901,-79.409736,2017-03-12 14:58:50.222061
16944086,13223090,Entire home/apt,,University (79),0,0.0,2,1.0,45.0,,43.666076,-79.402159,2017-03-12 14:58:50.219669
13374702,53955322,Entire home/apt,,Kensington-Chinatown (78),51,4.5,2,1.0,44.0,,43.654879,-79.404552,2017-03-12 14:58:50.214657
14769530,86803127,Entire home/apt,,Dovercourt-Wallace Emerson-Junction (93),15,4.0,3,1.0,44.0,,43.660807,-79.432704,2017-03-12 14:58:50.212082
16739917,43124895,Entire home/apt,,Waterfront Communities-The Island (77),7,4.0,2,1.0,47.0,,43.64605,-79.375211,2017-03-12 14:58:50.206926
5434315,690627,Entire home/apt,,Roncesvalles (86),46,4.5,2,0.0,49.0,,43.640389,-79.440595,2017-03-12 14:58:48.786362
16367870,9335314,Entire home/apt,,Palmerston-Little Italy (80),3,4.5,2,1.0,61.0,,43.660171,-79.415728,2017-03-12 14:58:48.784142
3950705,20070003,Entire home/apt,,Trinity-Bellwoods (81),81,5.0,2,1.0,46.0,,43.649551,-79.410385,2017-03-12 14:58:48.781851
14894047,67351170,Entire home/apt,,North St.James Town (74),5,5.0,2,1.0,54.0,,43.667594,-79.378042,2017-03-12 14:58:48.777102
9352121,48537264,Entire home/apt,,Church-Yonge Corridor (75),16,4.5,2,1.0,60.0,,43.664778,-79.380174,2017-03-12 14:58:48.774451
7414709,10730973,Entire home/apt,,Greenwood-Coxwell (65),43,4.5,4,0.0,47.0,,43.678049,-79.327276,2017-03-12 14:58:45.966263
17074104,114539898,Entire home/apt,,University (79),0,0.0,2,0.0,58.0,,43.661614,-79.401896,2017-03-12 14:58:45.964106
12705726,40510045,Entire home/apt,,Forest Hill North (102),45,4.5,6,0.0,61.0,,43.704341,-79.42388,2017-03-12 14:58:45.960521
17479687,19509784,Entire home/apt,,Waterfront Communities-The Island (77),2,0.0,3,1.0,53.0,,43.640669,-79.37852,2017-03-12 14:58:45.957786
10141898,23459764,Entire home/apt,,North Riverdale (68),15,4.5,2,1.0,46.0,,43.670595,-79.34535,2017-03-12 14:58:45.955526
15866110,62543180,Entire home/apt,,Waterfront Communities-The Island (77),26,5.0,4,1.0,58.0,,43.647619,-79.392411,2017-03-12 14:58:45.951635
15288784,1198630,Entire home/apt,,Annex (95),12,5.0,4,2.0,45.0,,43.671904,-79.388857,2017-03-12 14:58:45.947560
12949020,49224579,Entire home/apt,,Lawrence Park South (103),30,4.5,3,0.0,49.0,,43.715657,-79.400946,2017-03-12 14:58:44.528724
16335447,106939256,Entire home/apt,,Greenwood-Coxwell (65),1,0.0,2,0.0,44.0,,43.67309,-79.319481,2017-03-12 14:58:44.526483
15912616,13066292,Entire home/apt,,Little Portugal (84),12,4.5,2,1.0,56.0,,43.649509,-79.431251,2017-03-12 14:58:44.524088
16702612,30654608,Entire home/apt,,Dufferin Grove (83),2,0.0,4,0.0,54.0,,43.659299,-79.43538,2017-03-12 14:58:44.521835
9756835,758098,Entire home/apt,,Dovercourt-Wallace Emerson-Junction (93),46,4.5,3,1.0,61.0,,43.663843,-79.435079,2017-03-12 14:58:44.517141
8237869,12358519,Entire home/apt,,Roncesvalles (86),109,4.5,4,1.0,52.0,,43.645578,-79.443154,2017-03-12 14:58:44.513716
8540178,44960350,Entire home/apt,,Forest Hill South (101),50,4.5,2,1.0,52.0,,43.685634,-79.412226,2017-03-12 14:58:44.508948
15913578,7010570,Entire home/apt,,Waterfront Communities-The Island (77),15,4.5,3,1.0,58.0,,43.642008,-79.382498,2017-03-12 14:58:44.506270
15803435,37340031,Entire home/apt,,Yorkdale-Glen Park (31),11,5.0,2,1.0,54.0,,43.714849,-79.45529,2017-03-12 14:58:44.503728
17528808,102893197,Entire home/apt,,Mount Pleasant West (104),0,0.0,3,1.0,49.0,,43.711463,-79.396706,2017-03-12 14:58:44.501163
17047357,40510045,Entire home/apt,,Annex (95),6,5.0,4,1.0,58.0,,43.673226,-79.400892,2017-03-12 14:58:44.498555
3812201,3208770,Entire home/apt,,Kensington-Chinatown (78),106,5.0,2,1.0,53.0,,43.648938,-79.401973,2017-03-12 14:58:44.496024
15165595,72292486,Entire home/apt,,High Park North (88),5,5.0,2,1.0,42.0,,43.659487,-79.457873,2017-03-12 14:58:44.493170
10107604,10210964,Entire home/apt,,Wychwood (94),48,4.5,2,0.0,58.0,,43.6738,-79.415608,2017-03-12 14:58:44.486765
16144684,4548429,Entire home/apt,,Dovercourt-Wallace Emerson-Junction (93),5,5.0,2,0.0,44.0,,43.663261,-79.450331,2017-03-12 14:58:43.016475
3400979,13066292,Entire home/apt,,Little Portugal (84),53,4.5,2,0.0,49.0,,43.64803,-79.430081,2017-03-12 14:58:43.012009
16407736,107500954,Entire home/apt,,South Parkdale (85),3,5.0,3,1.0,55.0,,43.63723,-79.444421,2017-03-12 14:58:43.009715
17284839,56058922,Entire home/apt,,South Parkdale (85),3,5.0,3,1.0,49.0,,43.641026,-79.431779,2017-03-12 14:58:43.007680
17641317,78644879,Entire home/apt,,Church-Yonge Corridor (75),1,0.0,1,0.0,42.0,,43.660381,-79.38079,2017-03-12 14:58:43.003902
15208096,71465348,Entire home/apt,,Oakwood Village (107),31,4.5,3,1.0,54.0,,43.680116,-79.442854,2017-03-12 14:58:43.001581
8614921,45318182,Entire home/apt,,Oakwood Village (107),131,5.0,2,0.0,61.0,,43.685646,-79.442028,2017-03-12 14:58:42.998897
6834155,34281493,Entire home/apt,,Casa Loma (96),38,4.5,2,1.0,49.0,,43.678411,-79.410407,2017-03-12 14:58:42.996509
7333252,38420335,Entire home/apt,,Dovercourt-Wallace Emerson-Junction (93),7,5.0,4,1.0,55.0,,43.664656,-79.436919,2017-03-12 14:58:42.991791
8761993,18422075,Entire home/apt,,Church-Yonge Corridor (75),45,4.5,5,0.0,58.0,,43.655622,-79.37881,2017-03-12 14:58:42.988128
7823702,41186280,Entire home/apt,,Kensington-Chinatown (78),127,4.5,2,0.0,58.0,,43.653371,-79.401802,2017-03-12 14:58:42.984156
17649923,30102160,Entire home/apt,,High Park North (88),0,0.0,2,0.0,49.0,,43.657506,-79.452862,2017-03-12 14:58:42.981648
8921021,46636935,Entire home/apt,,Waterfront Communities-The Island (77),71,4.5,4,1.0,58.0,,43.63986,-79.39906,2017-03-12 14:58:41.904409
15424774,38420335,Entire home/apt,,Dovercourt-Wallace Emerson-Junction (93),10,4.5,4,1.0,54.0,,43.666189,-79.437448,2017-03-12 14:58:41.901826
17565334,63297078,Entire home/apt,,Waterfront Communities-The Island (77),0,0.0,6,1.0,58.0,,43.643996,-79.390475,2017-03-12 14:58:41.898473
16632051,61864612,Entire home/apt,,Church-Yonge Corridor (75),23,5.0,2,1.0,54.0,,43.667782,-79.3806,2017-03-12 14:58:41.895159
13945427,31397994,Entire home/apt,,Waterfront Communities-The Island (77),72,5.0,4,1.0,61.0,,43.642468,-79.3819,2017-03-12 14:58:41.892880
17095538,41670792,Entire home/apt,,Little Portugal (84),4,5.0,2,1.0,58.0,,43.642852,-79.423124,2017-03-12 14:58:41.890781
6590551,1409949,Entire home/apt,,Junction Area (90),34,4.5,2,1.0,61.0,,43.665703,-79.462399,2017-03-12 14:58:41.888371
11695529,45681551,Entire home/apt,,South Riverdale (70),76,4.5,2,1.0,58.0,,43.6575,-79.332663,2017-03-12 14:58:41.886066
3638933,5269649,Entire home/apt,,Little Portugal (84),121,5.0,4,1.0,61.0,,43.648067,-79.424811,2017-03-12 14:58:41.883057
14600033,4143394,Entire home/apt,,Little Portugal (84),0,0.0,3,1.0,58.0,,43.649068,-79.434435,2017-03-12 14:58:41.880618
9708870,48204283,Entire home/apt,,Waterfront Communities-The Island (77),84,4.5,2,1.0,61.0,,43.638897,-79.398892,2017-03-12 14:58:41.877831
15675653,14087273,Entire home/apt,,The Beaches (63),4,5.0,2,1.0,61.0,,43.673991,-79.306253,2017-03-12 14:58:41.875371
14179138,51086362,Entire home/apt,,Annex (95),10,5.0,2,1.0,58.0,,43.675138,-79.391806,2017-03-12 14:58:41.873028
13174614,20938233,Entire home/apt,,Waterfront Communities-The Island (77),71,4.5,2,0.0,61.0,,43.641311,-79.396554,2017-03-12 14:58:41.870461
17208020,70081999,Entire home/apt,,Mimico (includes Humber Bay Shores) (17),0,0.0,3,1.0,52.0,,43.62466,-79.483446,2017-03-12 14:58:41.866203
17157632,96975391,Entire home/apt,,Mount Pleasant East (99),0,0.0,2,0.0,46.0,,43.709741,-79.390491,2017-03-12 14:58:41.860286
17029524,8815772,Entire home/apt,,Moss Park (73),1,0.0,2,1.0,58.0,,43.653035,-79.362886,2017-03-12 14:58:40.432530
2455129,672978,Entire home/apt,,Waterfront Communities-The Island (77),220,4.5,4,1.0,55.0,,43.641678,-79.37982,2017-03-12 14:58:40.429364
16389581,3127496,Entire home/apt,,Annex (95),1,0.0,3,1.0,58.0,,43.675879,-79.399832,2017-03-12 14:58:40.425210
16204975,105847574,Entire home/apt,,Mimico (includes Humber Bay Shores) (17),16,5.0,2,1.0,54.0,,43.605912,-79.493832,2017-03-12 14:58:40.422543
6927460,29692239,Entire home/apt,,Annex (95),65,5.0,2,0.0,58.0,,43.673767,-79.411622,2017-03-12 14:58:40.415893
14282462,86803127,Entire home/apt,,Dovercourt-Wallace Emerson-Junction (93),29,4.5,2,1.0,58.0,,43.658552,-79.448649,2017-03-12 14:58:40.413357
13137923,73207318,Entire home/apt,,Dufferin Grove (83),27,5.0,2,1.0,53.0,,43.657387,-79.440956,2017-03-12 14:58:40.410425
6993031,3860784,Entire home/apt,,Dufferin Grove (83),1,0.0,4,1.0,52.0,,43.652931,-79.438777,2017-03-12 14:58:40.403431
17333557,6472503,Entire home/apt,,Palmerston-Little Italy (80),0,0.0,2,1.0,54.0,,43.655879,-79.424713,2017-03-12 14:58:40.401154
16382939,17714786,Entire home/apt,,Little Portugal (84),3,4.5,2,1.0,54.0,,43.652979,-79.429154,2017-03-12 14:58:40.398546
14870665,86148211,Entire home/apt,,Dufferin Grove (83),21,5.0,3,2.0,54.0,,43.649968,-79.436341,2017-03-12 14:58:40.396237
15783791,43735813,Entire home/apt,,Little Portugal (84),7,5.0,3,1.0,57.0,,43.641701,-79.425858,2017-03-12 14:58:40.393643
8320722,43865587,Entire home/apt,,Trinity-Bellwoods (81),40,5.0,2,1.0,61.0,,43.650163,-79.421536,2017-03-12 14:58:40.390457
14384510,141165,Entire home/apt,,Kensington-Chinatown (78),13,4.5,2,0.0,58.0,,43.65356,-79.397068,2017-03-12 14:58:40.385601
14249340,32282693,Entire home/apt,,Willowdale East (51),11,5.0,2,1.0,58.0,,43.757059,-79.408698,2017-03-12 14:58:40.382790
14694749,91382765,Entire home/apt,,Little Portugal (84),20,5.0,2,0.0,54.0,,43.648869,-79.43588,2017-03-12 14:58:40.380571
1074366,167361,Entire home/apt,,South Parkdale (85),5,5.0,2,1.0,58.0,,43.640794,-79.424932,2017-03-12 14:58:40.377621
1036076,4468895,Entire home/apt,,Willowdale East (51),10,4.5,2,1.0,60.0,,43.766711,-79.404683,2017-03-12 14:59:16.973077
9584147,38155743,Entire home/apt,,Bayview Village (52),1,0.0,4,2.0,58.0,,43.769089,-79.388304,2017-03-12 14:59:16.970711
16481453,63968705,Entire home/apt,,Bayview Village (52),2,0.0,2,1.0,54.0,,43.76482,-79.384225,2017-03-12 14:59:15.441176
16813040,38632304,Entire home/apt,,Bayview Village (52),3,4.5,3,1.0,56.0,,43.764501,-79.384192,2017-03-12 14:58:39.231033
11675421,30654608,Entire home/apt,,Dufferin Grove (83),61,5.0,4,1.0,58.0,,43.657645,-79.435264,2017-03-12 14:58:39.228693
3588719,18080061,Entire home/apt,,Roncesvalles (86),53,5.0,2,0.0,61.0,,43.652139,-79.449633,2017-03-12 14:58:39.225843
11891630,27712712,Entire home/apt,,Kennedy Park (124),61,4.5,4,2.0,55.0,,43.722297,-79.263814,2017-03-12 14:58:39.222068
15806052,34917506,Entire home/apt,,Niagara (82),9,5.0,2,0.0,58.0,,43.637688,-79.404951,2017-03-12 14:58:39.218753
17605965,104413213,Entire home/apt,,Waterfront Communities-The Island (77),0,0.0,2,0.0,49.0,,43.648591,-79.361148,2017-03-12 14:58:39.216281
17157981,48107038,Entire home/apt,,Caledonia-Fairbank (109),4,4.5,2,1.0,58.0,,43.691598,-79.460828,2017-03-12 14:58:39.213724
12050691,64509538,Entire home/apt,,East End-Danforth (62),31,5.0,2,1.0,58.0,,43.68982,-79.29838,2017-03-12 14:58:39.209324
17533816,56602007,Entire home/apt,,University (79),4,5.0,2,1.0,58.0,,43.66633,-79.399887,2017-03-12 14:58:39.206932
10522327,54253114,Entire home/apt,,Danforth East York (59),93,5.0,2,1.0,61.0,,43.687333,-79.335594,2017-03-12 14:58:39.204381
17528010,115323494,Entire home/apt,,Waterfront Communities-The Island (77),0,0.0,2,1.0,49.0,,43.644458,-79.400106,2017-03-12 14:58:39.201963
17186859,7534264,Entire home/apt,,High Park-Swansea (87),3,5.0,2,1.0,58.0,,43.643601,-79.450697,2017-03-12 14:58:39.199636
16751622,30902884,Entire home/apt,,Oakwood Village (107),0,0.0,4,1.0,58.0,,43.68132,-79.441232,2017-03-12 14:58:39.195142
16064986,103895855,Entire home/apt,,University (79),21,4.5,3,1.0,61.0,,43.665027,-79.409025,2017-03-12 14:58:39.190443
12920949,70886149,Entire home/apt,,Church-Yonge Corridor (75),37,4.5,3,1.0,54.0,,43.656905,-79.375448,2017-03-12 14:58:39.185555
8473716,30733807,Entire home/apt,,Waterfront Communities-The Island (77),149,5.0,4,1.0,53.0,,43.640212,-79.397067,2017-03-12 14:58:38.124871
16930947,113117208,Entire home/apt,,Broadview North (57),6,5.0,3,1.0,49.0,,43.69028,-79.353039,2017-03-12 14:58:38.122484
16756260,1372040,Entire home/apt,,North Riverdale (68),3,4.5,4,1.0,54.0,,43.671546,-79.353191,2017-03-12 14:58:38.120172
16321844,94525676,Entire home/apt,,Church-Yonge Corridor (75),31,4.5,3,1.0,44.0,,43.663578,-79.380305,2017-03-12 14:58:38.117689
16005226,28284909,Entire home/apt,,Waterfront Communities-The Island (77),47,5.0,3,1.0,54.0,,43.642438,-79.382577,2017-03-12 14:58:38.115537
14471456,37448451,Entire home/apt,,Dovercourt-Wallace Emerson-Junction (93),37,5.0,2,0.0,58.0,,43.663414,-79.440862,2017-03-12 14:58:38.113386
17220189,2484138,Entire home/apt,,Oakwood Village (107),14,4.5,2,1.0,50.0,,43.692586,-79.435191,2017-03-12 14:58:38.111355
14965435,57121887,Entire home/apt,,Annex (95),24,5.0,3,1.0,54.0,,43.667138,-79.419621,2017-03-12 14:58:38.107370
13370172,69553556,Entire home/apt,,Blake-Jones (69),38,5.0,2,1.0,58.0,,43.678348,-79.338936,2017-03-12 14:58:38.103042
12175154,52071221,Entire home/apt,,Willowdale West (37),44,4.5,2,1.0,50.0,,43.769905,-79.414663,2017-03-12 14:58:38.091109
13546196,4010627,Entire home/apt,,Mount Pleasant West (104),31,4.5,4,1.0,54.0,,43.710259,-79.396156,2017-03-12 14:58:38.088735
16480550,71466109,Entire home/apt,,South Parkdale (85),17,4.5,4,1.0,42.0,,43.637632,-79.430309,2017-03-12 14:58:38.085419
16320573,43634586,Entire home/apt,,Mount Pleasant East (99),1,0.0,2,1.0,42.0,,43.701137,-79.377113,2017-03-12 14:58:38.083313
4823455,21541881,Entire home/apt,,Little Portugal (84),97,4.5,2,1.0,42.0,,43.650897,-79.435901,2017-03-12 14:58:38.077666
16739500,111026662,Entire home/apt,,Trinity-Bellwoods (81),30,5.0,4,1.0,58.0,,43.652406,-79.41401,2017-03-12 14:58:36.841675
14820061,92644277,Entire home/apt,,Yorkdale-Glen Park (31),41,5.0,2,1.0,55.0,,43.707524,-79.443687,2017-03-12 14:58:36.838681
16840238,43870788,Entire home/apt,,Yonge-St.Clair (97),8,4.5,2,0.0,55.0,,43.694311,-79.39802,2017-03-12 14:58:36.836363
14669960,91165557,Entire home/apt,,Englemount-Lawrence (32),22,5.0,3,1.0,58.0,,43.708546,-79.440134,2017-03-12 14:58:36.833548
17498178,82197204,Entire home/apt,,Waterfront Communities-The Island (77),1,0.0,2,0.0,54.0,,43.64714,-79.391345,2017-03-12 14:58:36.831477
15390258,90109662,Entire home/apt,,Wychwood (94),5,5.0,2,1.0,52.0,,43.678107,-79.420495,2017-03-12 14:58:36.826910
3939840,6969076,Entire home/apt,,South Riverdale (70),170,5.0,2,0.0,61.0,,43.667278,-79.330644,2017-03-12 14:58:36.824161
16269712,36980697,Entire home/apt,,Niagara (82),10,5.0,2,1.0,46.0,,43.639483,-79.416098,2017-03-12 14:58:36.821986
17639373,119979343,Entire home/apt,,Niagara (82),0,0.0,2,1.0,57.0,,43.641851,-79.414886,2017-03-12 14:58:36.820059
14071941,46636935,Entire home/apt,,Waterfront Communities-The Island (77),42,4.5,2,1.0,58.0,,43.641058,-79.396136,2017-03-12 14:58:36.817722
17285575,116596822,Entire home/apt,,Palmerston-Little Italy (80),6,5.0,2,0.0,58.0,,43.660498,-79.421512,2017-03-12 14:58:36.815629
16142448,97145794,Entire home/apt,,Willowdale West (37),22,4.5,2,1.0,48.0,,43.773003,-79.437599,2017-03-12 14:58:36.812799
11472952,11661457,Entire home/apt,,Little Portugal (84),62,4.5,2,0.0,54.0,,43.646439,-79.435041,2017-03-12 14:58:36.810028
16213715,46927081,Entire home/apt,,Roncesvalles (86),18,4.5,2,1.0,54.0,,43.642248,-79.431378,2017-03-12 14:58:36.807505
15866298,47349272,Entire home/apt,,Church-Yonge Corridor (75),1,0.0,2,0.0,42.0,,43.656994,-79.379389,2017-03-12 14:58:36.805292
16215864,61864612,Entire home/apt,,North St.James Town (74),36,5.0,2,0.0,54.0,,43.66891,-79.37831,2017-03-12 14:58:36.803090
17641222,63297078,Entire home/apt,,Waterfront Communities-The Island (77),0,0.0,6,1.0,58.0,,43.648262,-79.394148,2017-03-12 14:58:36.800897
16636986,109919377,Entire home/apt,,Waterfront Communities-The Island (77),25,5.0,2,0.0,54.0,,43.642761,-79.381245,2017-03-12 14:58:36.797846
6846217,11774511,Entire home/apt,,Mount Olive-Silverstone-Jamestown (2),4,3.0,2,0.0,11.0,,43.731682,-79.583786,2017-03-12 14:58:35.524014
7397395,11774511,Entire home/apt,,Mount Olive-Silverstone-Jamestown (2),2,0.0,1,0.0,13.0,,43.730256,-79.581943,2017-03-12 14:58:35.520743
112842,575127,Entire home/apt,,High Park North (88),11,5.0,2,1.0,41.0,,43.65623,-79.466669,2017-03-12 14:58:34.335979
14482100,3130150,Entire home/apt,,Long Branch (19),0,0.0,4,2.0,37.0,,43.592301,-79.529138,2017-03-12 14:58:34.333655
195011,808089,Entire home/apt,,Scarborough Village (139),230,4.5,5,1.0,40.0,,43.740342,-79.214813,2017-03-12 14:58:34.330844
16829283,43021942,Entire home/apt,,Mimico (includes Humber Bay Shores) (17),0,0.0,2,1.0,38.0,,43.621031,-79.488564,2017-03-12 14:58:34.326937
16439445,25715089,Entire home/apt,,Glenfield-Jane Heights (25),0,0.0,3,1.0,38.0,,43.749434,-79.506842,2017-03-12 14:58:34.323276
7280782,38117875,Entire home/apt,,Rouge (131),0,0.0,1,1.0,31.0,,43.818037,-79.213069,2017-03-12 14:58:34.320840
15824716,11463589,Entire home/apt,,Trinity-Bellwoods (81),2,0.0,8,2.0,31.0,,43.649144,-79.411158,2017-03-12 14:58:34.317790
17239489,30597584,Entire home/apt,,East End-Danforth (62),0,0.0,4,1.0,41.0,,43.68759,-79.307568,2017-03-12 14:58:34.303330
14499495,318911,Entire home/apt,,Palmerston-Little Italy (80),1,0.0,3,2.0,38.0,,43.660583,-79.426035,2017-03-12 14:58:34.301297
14386778,78014747,Entire home/apt,,Eglinton East (138),1,0.0,2,1.0,31.0,,43.737938,-79.248292,2017-03-12 14:58:34.298874
13359420,18342450,Entire home/apt,,Newtonbrook West (36),3,5.0,1,0.0,34.0,,43.779409,-79.423328,2017-03-12 14:58:32.578924
16947305,11463589,Entire home/apt,,Trinity-Bellwoods (81),0,0.0,4,0.0,38.0,,43.648697,-79.412415,2017-03-12 14:58:32.576300
16258170,29884220,Entire home/apt,,Oakwood Village (107),0,0.0,2,0.0,23.0,,43.686774,-79.439453,2017-03-12 14:58:32.573076
10624032,54834190,Entire home/apt,,Willowdale East (51),2,0.0,4,1.0,40.0,,43.771784,-79.40806,2017-03-12 14:58:32.566559
2355525,12028383,Entire home/apt,,Westminster-Branson (35),5,5.0,3,1.0,40.0,,43.788733,-79.461437,2017-03-12 14:58:32.564400
15281936,27775268,Entire home/apt,,Niagara (82),6,5.0,3,1.0,40.0,,43.642408,-79.416907,2017-03-12 14:58:32.562161
8435997,44417820,Entire home/apt,,O'Connor-Parkview (54),0,0.0,1,2.0,38.0,,43.708341,-79.301703,2017-03-12 14:58:32.559320
13529318,158614,Entire home/apt,,South Parkdale (85),0,0.0,2,0.0,38.0,,43.638048,-79.444857,2017-03-12 14:58:32.556925
5074952,8925040,Entire home/apt,,Briar Hill-Belgravia (108),10,4.5,1,1.0,31.0,,43.704689,-79.443628,2017-03-12 14:58:32.553985
9453269,39722870,Entire home/apt,,Trinity-Bellwoods (81),0,0.0,2,1.0,38.0,,43.645899,-79.413531,2017-03-12 14:58:32.548474
17458748,99335427,Entire home/apt,,Dufferin Grove (83),0,0.0,4,0.0,35.0,,43.65848,-79.430731,2017-03-12 14:58:32.544455
9669408,24967,Entire home/apt,,Dovercourt-Wallace Emerson-Junction (93),0,0.0,4,2.0,38.0,,43.666453,-79.427203,2017-03-12 14:58:32.541735
14869893,80377629,Entire home/apt,,O'Connor-Parkview (54),3,5.0,4,1.0,38.0,,43.699883,-79.299449,2017-03-12 14:58:32.536706
7006309,36729046,Entire home/apt,,Keelesdale-Eglinton West (110),2,0.0,3,2.0,38.0,,43.686572,-79.477832,2017-03-12 14:58:30.504336
5947100,30597584,Entire home/apt,,East End-Danforth (62),3,3.0,4,1.0,40.0,,43.687297,-79.305879,2017-03-12 14:58:30.501105
11607239,1120125,Entire home/apt,,Palmerston-Little Italy (80),2,0.0,2,1.0,38.0,,43.660558,-79.424327,2017-03-12 14:58:30.498629
15779774,34949099,Entire home/apt,,St.Andrew-Windfields (40),1,0.0,3,1.0,31.0,,43.752195,-79.404673,2017-03-12 14:58:30.496477
8780737,5856061,Entire home/apt,,Niagara (82),0,0.0,4,1.0,38.0,,43.637227,-79.405128,2017-03-12 14:58:30.491447
2893265,14787591,Entire home/apt,,Stonegate-Queensway (16),8,5.0,1,1.0,30.0,,43.647058,-79.50968,2017-03-12 14:58:30.482991
16120916,324764,Entire home/apt,,Dovercourt-Wallace Emerson-Junction (93),0,0.0,1,1.0,38.0,,43.659299,-79.447775,2017-03-12 14:58:30.480165
11527084,55704116,Entire home/apt,,Rosedale-Moore Park (98),1,0.0,2,1.0,41.0,,43.686178,-79.375673,2017-03-12 14:58:30.476772
2409263,12314572,Entire home/apt,,Morningside (135),7,3.5,5,2.0,37.0,,43.773711,-79.210963,2017-03-12 14:58:30.471858
14294858,63532528,Entire home/apt,,Keelesdale-Eglinton West (110),8,4.0,2,1.0,39.0,,43.686387,-79.475687,2017-03-12 14:58:28.882895
8015611,23662338,Entire home/apt,,Weston (113),1,0.0,3,1.0,23.0,,43.705643,-79.525958,2017-03-12 14:58:28.880502
1266352,6041037,Entire home/apt,,Alderwood (20),71,4.5,2,0.0,37.0,,43.602568,-79.539897,2017-03-12 14:58:28.875955
5298861,19987230,Entire home/apt,,Little Portugal (84),4,5.0,2,1.0,31.0,,43.649583,-79.430213,2017-03-12 14:58:28.871158
10627603,24826444,Entire home/apt,,Waterfront Communities-The Island (77),0,0.0,1,1.0,38.0,,43.642519,-79.400177,2017-03-12 14:58:28.868125
6994934,36677294,Entire home/apt,,Dovercourt-Wallace Emerson-Junction (93),28,4.5,3,1.0,38.0,,43.665978,-79.456989,2017-03-12 14:58:28.863275
16243023,30659343,Entire home/apt,,Rockcliffe-Smythe (111),0,0.0,6,2.0,40.0,,43.678806,-79.478138,2017-03-12 14:58:28.860579
9052835,47232657,Entire home/apt,,York University Heights (27),0,0.0,1,1.0,34.0,,43.765558,-79.5043,2017-03-12 14:58:28.858130
8169478,25136499,Entire home/apt,,Annex (95),5,5.0,3,0.0,38.0,,43.669495,-79.400979,2017-03-12 14:58:28.854845
9704770,9228300,Entire home/apt,,Rosedale-Moore Park (98),0,0.0,2,0.0,31.0,,43.685106,-79.392061,2017-03-12 14:58:28.851566
17441656,55016450,Entire home/apt,,Yonge-St.Clair (97),0,0.0,2,1.0,31.0,,43.695942,-79.401831,2017-03-12 14:58:28.849292
519845,1615266,Entire home/apt,,Parkwoods-Donalda (45),31,4.5,4,1.0,34.0,,43.758639,-79.317969,2017-03-12 14:58:28.846016
14546659,55768786,Entire home/apt,,North St.James Town (74),0,0.0,2,0.0,37.0,,43.669446,-79.371412,2017-03-12 14:58:28.843271
662562,3346401,Entire home/apt,,Regent Park (72),0,0.0,2,1.0,38.0,,43.656534,-79.362974,2017-03-12 14:58:28.835129
9754883,35500705,Entire home/apt,,Willowdale East (51),0,0.0,2,1.0,38.0,,43.763407,-79.408494,2017-03-12 14:58:26.999751
13140683,6656020,Entire home/apt,,Islington-City Centre West (14),5,4.5,2,0.0,38.0,,43.645976,-79.525537,2017-03-12 14:58:26.996651
1468092,7863853,Entire home/apt,,Newtonbrook East (50),2,0.0,2,1.0,38.0,,43.797954,-79.396017,2017-03-12 14:58:26.993473
9003758,12838611,Entire home/apt,,Briar Hill-Belgravia (108),0,0.0,3,1.0,40.0,,43.703525,-79.441619,2017-03-12 14:58:26.989265
5031311,23472830,Entire home/apt,,Dorset Park (126),1,0.0,2,1.0,23.0,,43.748739,-79.270305,2017-03-12 14:58:26.983134
10138741,11463589,Entire home/apt,,Trinity-Bellwoods (81),64,4.5,11,1.0,31.0,,43.648642,-79.412899,2017-03-12 14:58:26.979408
6272815,22303301,Entire home/apt,,Old East York (58),1,0.0,2,0.0,40.0,,43.692791,-79.337138,2017-03-12 14:58:26.971180
16776130,534666,Entire home/apt,,Newtonbrook West (36),2,0.0,2,1.0,38.0,,43.792188,-79.427329,2017-03-12 14:58:26.960910
13344593,35965162,Entire home/apt,,Rockcliffe-Smythe (111),6,3.5,2,0.0,37.0,,43.680213,-79.475269,2017-03-12 14:58:26.958675
14127811,85213450,Entire home/apt,,Morningside (135),7,5.0,1,2.0,23.0,,43.794658,-79.203953,2017-03-12 14:58:26.956397
13761273,1156997,Entire home/apt,,Dovercourt-Wallace Emerson-Junction (93),0,0.0,2,1.0,31.0,,43.661712,-79.433218,2017-03-12 14:58:26.953227
10471651,24085234,Entire home/apt,,Caledonia-Fairbank (109),5,4.0,3,1.0,27.0,,43.686793,-79.460651,2017-03-12 14:58:26.950724
13746306,14674493,Entire home/apt,,Palmerston-Little Italy (80),2,0.0,2,1.0,41.0,,43.658511,-79.412045,2017-03-12 14:58:25.256475
248941,1304211,Entire home/apt,,Caledonia-Fairbank (109),8,5.0,2,1.0,37.0,,43.682189,-79.459948,2017-03-12 14:58:25.247774
5569218,3576588,Entire home/apt,,Niagara (82),1,0.0,1,0.0,39.0,,43.644062,-79.403419,2017-03-12 14:58:25.240880
9434177,44612985,Entire home/apt,,The Beaches (63),1,0.0,1,1.0,34.0,,43.669666,-79.298332,2017-03-12 14:58:25.238595
17235451,99815702,Entire home/apt,,Kensington-Chinatown (78),0,0.0,2,1.0,27.0,,43.656114,-79.397307,2017-03-12 14:58:25.234906
13769278,80781691,Entire home/apt,,Weston (113),6,5.0,4,1.0,37.0,,43.699054,-79.514569,2017-03-12 14:58:25.232411
15191431,19990671,Entire home/apt,,Clanton Park (33),3,5.0,2,1.0,35.0,,43.735217,-79.447242,2017-03-12 14:58:25.227132
16883812,97148171,Entire home/apt,,Palmerston-Little Italy (80),0,0.0,1,0.0,23.0,,43.661938,-79.421723,2017-03-12 14:58:25.223436
9791291,50463398,Entire home/apt,,South Parkdale (85),0,0.0,2,1.0,41.0,,43.640304,-79.435489,2017-03-12 14:58:25.219906
13589949,51509434,Entire home/apt,,The Beaches (63),10,5.0,2,0.0,37.0,,43.667012,-79.304293,2017-03-12 14:58:25.217269
8843922,12661457,Entire home/apt,,North St.James Town (74),3,4.5,2,0.0,37.0,,43.667458,-79.376624,2017-03-12 14:58:23.590691
16426899,107692151,Entire home/apt,,Oakwood Village (107),3,5.0,4,0.0,34.0,,43.692728,-79.445994,2017-03-12 14:58:23.588453
9117089,36163882,Entire home/apt,,Church-Yonge Corridor (75),4,4.5,4,1.0,38.0,,43.666881,-79.385074,2017-03-12 14:58:23.585334
6515320,459531,Entire home/apt,,East End-Danforth (62),5,5.0,1,0.0,31.0,,43.684486,-79.302396,2017-03-12 14:58:23.582333
15344206,16210135,Entire home/apt,,Bay Street Corridor (76),1,0.0,2,0.0,41.0,,43.655503,-79.388121,2017-03-12 14:58:23.578173
13362222,121433,Entire home/apt,,South Parkdale (85),24,3.5,2,0.0,31.0,,43.634303,-79.425834,2017-03-12 14:58:23.574303
13493570,58651094,Entire home/apt,,Moss Park (73),1,0.0,1,0.0,22.0,,43.656236,-79.370479,2017-03-12 14:58:23.571452
796354,3568905,Entire home/apt,,South Parkdale (85),4,4.5,3,1.0,29.0,,43.637493,-79.428012,2017-03-12 14:58:23.566515
6925517,18043605,Entire home/apt,,Oakridge (121),56,4.5,6,3.0,38.0,,43.695885,-79.287162,2017-03-12 14:58:23.564464
14694632,91382108,Entire home/apt,,Lansing-Westgate (38),2,0.0,2,1.0,37.0,,43.753593,-79.41908,2017-03-12 14:58:23.560854
15583730,100402907,Entire home/apt,,Islington-City Centre West (14),0,0.0,1,1.0,20.0,,43.639787,-79.536683,2017-03-12 14:58:23.558892
15924489,45139705,Entire home/apt,,North St.James Town (74),2,0.0,2,0.0,37.0,,43.670617,-79.378328,2017-03-12 14:58:23.552489
7388237,9504670,Entire home/apt,,Casa Loma (96),3,0.0,2,0.0,38.0,,43.679619,-79.410348,2017-03-12 14:58:23.548989
7055109,29870983,Entire home/apt,,Greenwood-Coxwell (65),36,5.0,2,1.0,37.0,,43.675476,-79.329659,2017-03-12 14:58:22.042174
8467354,8142107,Entire home/apt,,New Toronto (18),30,5.0,2,1.0,38.0,,43.601041,-79.498437,2017-03-12 14:58:22.039823
15360576,377040,Entire home/apt,,Trinity-Bellwoods (81),1,0.0,3,0.0,38.0,,43.647686,-79.405497,2017-03-12 14:58:22.037456
9077488,1112766,Entire home/apt,,Corso Italia-Davenport (92),8,4.0,2,0.0,38.0,,43.677334,-79.445886,2017-03-12 14:58:22.034696
16252257,9581227,Entire home/apt,,Playter Estates-Danforth (67),1,0.0,4,1.0,38.0,,43.67712,-79.359404,2017-03-12 14:58:22.030307
12092316,3529889,Entire home/apt,,Palmerston-Little Italy (80),1,0.0,2,1.0,22.0,,43.656541,-79.413644,2017-03-12 14:58:22.027490
643389,3217095,Entire home/apt,,South Parkdale (85),1,0.0,2,0.0,37.0,,43.635143,-79.427359,2017-03-12 14:58:22.022911
2721128,377846,Entire home/apt,,East End-Danforth (62),45,4.5,2,0.0,34.0,,43.683197,-79.305105,2017-03-12 14:58:22.018352
10549356,18291276,Entire home/apt,,South Parkdale (85),5,4.5,4,2.0,38.0,,43.638979,-79.423086,2017-03-12 14:58:22.014216
3519997,670008,Entire home/apt,,Little Portugal (84),0,0.0,3,2.0,41.0,,43.647061,-79.434818,2017-03-12 14:58:22.011327
15678431,1717897,Entire home/apt,,Yonge-St.Clair (97),0,0.0,4,1.0,38.0,,43.692647,-79.39586,2017-03-12 14:58:22.005831
4686385,15285,Entire home/apt,,Woodbine-Lumsden (60),37,5.0,2,0.0,40.0,,43.69027,-79.307498,2017-03-12 14:58:22.002419
15802255,65854216,Entire home/apt,,Niagara (82),2,0.0,2,1.0,38.0,,43.644736,-79.410738,2017-03-12 14:58:21.998250
13913400,82405872,Entire home/apt,,Willowdale East (51),0,0.0,2,1.0,11.0,,43.762528,-79.407932,2017-03-12 14:58:20.566868
13407447,8546095,Entire home/apt,,Little Portugal (84),2,0.0,2,1.0,35.0,,43.64842,-79.432299,2017-03-12 14:58:20.562630
17423502,17573836,Entire home/apt,,Dufferin Grove (83),0,0.0,1,1.0,34.0,,43.659072,-79.432484,2017-03-12 14:58:20.559810
15529620,50321853,Entire home/apt,,Brookhaven-Amesbury (30),4,4.5,2,0.0,37.0,,43.699727,-79.47942,2017-03-12 14:58:18.960351
16895322,81248221,Entire home/apt,,Roncesvalles (86),3,4.5,3,1.0,38.0,,43.641975,-79.445525,2017-03-12 14:58:18.958038
16755037,25866612,Entire home/apt,,South Riverdale (70),22,5.0,2,0.0,23.0,,43.665978,-79.33951,2017-03-12 14:58:18.955646
17639560,107190879,Entire home/apt,,Thistletown-Beaumond Heights (3),0,0.0,2,1.0,39.0,,43.738747,-79.555178,2017-03-12 14:58:18.947700
16547885,2145632,Entire home/apt,,Clairlea-Birchmount (120),0,0.0,4,1.0,34.0,,43.716428,-79.277088,2017-03-12 14:58:18.945665
12710797,970712,Entire home/apt,,Islington-City Centre West (14),7,4.5,2,1.0,38.0,,43.645423,-79.530266,2017-03-12 14:58:18.943564
9297752,48269565,Entire home/apt,,Roncesvalles (86),1,0.0,1,0.0,40.0,,43.641969,-79.430698,2017-03-12 14:58:18.941492
10122087,51942892,Entire home/apt,,Mount Pleasant East (99),0,0.0,2,1.0,37.0,,43.714004,-79.395734,2017-03-12 14:58:18.934079
17653668,43137485,Entire home/apt,,Bayview Village (52),0,0.0,2,1.0,38.0,,43.768759,-79.369767,2017-03-12 14:58:18.931765
9575139,49567913,Entire home/apt,,Annex (95),2,0.0,2,2.0,31.0,,43.671201,-79.41326,2017-03-12 14:58:18.928406
16765231,42762610,Entire home/apt,,Waterfront Communities-The Island (77),0,0.0,3,1.0,38.0,,43.639769,-79.393145,2017-03-12 14:58:18.926332
248933,1304211,Entire home/apt,,Caledonia-Fairbank (109),37,4.5,3,2.0,35.0,,43.682032,-79.458523,2017-03-12 14:58:18.923650
17581604,89843199,Entire home/apt,,Willowdale West (37),0,0.0,4,1.0,31.0,,43.77747,-79.423843,2017-03-12 14:58:18.918263
14480801,75466888,Entire home/apt,,High Park North (88),26,4.5,4,0.0,37.0,,43.659246,-79.45379,2017-03-12 14:58:17.211638
14488659,75466888,Entire home/apt,,Junction Area (90),20,4.5,2,0.0,27.0,,43.662226,-79.469496,2017-03-12 14:58:17.208029
13882189,21737657,Entire home/apt,,Willowdale East (51),7,4.0,2,0.0,37.0,,43.772832,-79.412443,2017-03-12 14:58:17.205906
14926486,4243237,Entire home/apt,,Dovercourt-Wallace Emerson-Junction (93),0,0.0,2,1.0,30.0,,43.668402,-79.421463,2017-03-12 14:58:17.203842
12566780,57253748,Entire home/apt,,Casa Loma (96),0,0.0,3,2.0,31.0,,43.683907,-79.411994,2017-03-12 14:58:17.200785
13640412,41409941,Entire home/apt,,Banbury-Don Mills (42),0,0.0,3,1.0,39.0,,43.729732,-79.331204,2017-03-12 14:58:17.196166
13252036,53855867,Entire home/apt,,Oakwood Village (107),7,4.5,3,1.0,37.0,,43.68873,-79.445576,2017-03-12 14:58:17.194074
11531645,60819779,Entire home/apt,,Bendale (127),33,5.0,4,1.0,36.0,,43.750338,-79.250649,2017-03-12 14:58:17.188250
15248624,75472140,Entire home/apt,,Eringate-Centennial-West Deane (11),26,5.0,4,2.0,31.0,,43.658914,-79.571203,2017-03-12 14:58:17.185916
16604744,108760072,Entire home/apt,,Willowridge-Martingrove-Richview (7),5,5.0,2,1.0,31.0,,43.684638,-79.536088,2017-03-12 14:58:17.182028
15841094,102600087,Entire home/apt,,Mount Pleasant West (104),1,0.0,2,1.0,32.0,,43.698143,-79.391421,2017-03-12 14:58:17.178379
4603634,1813554,Entire home/apt,,Birchcliffe-Cliffside (122),41,4.5,3,0.0,40.0,,43.68891,-79.270228,2017-03-12 14:58:17.176111
10784626,34516904,Entire home/apt,,Niagara (82),10,4.5,2,1.0,31.0,,43.637674,-79.405467,2017-03-12 14:58:17.173838
15230489,96809956,Entire home/apt,,North Riverdale (68),1,0.0,2,0.0,40.0,,43.677682,-79.34862,2017-03-12 14:58:17.170534
15145233,96055761,Entire home/apt,,Rouge (131),5,5.0,2,1.0,23.0,,43.815395,-79.209362,2017-03-12 14:58:14.015065
6194603,16384347,Entire home/apt,,Dovercourt-Wallace Emerson-Junction (93),15,4.5,2,0.0,38.0,,43.66057,-79.44837,2017-03-12 14:58:14.011668
14149040,45224756,Entire home/apt,,Mount Pleasant West (104),4,5.0,2,1.0,37.0,,43.708201,-79.396645,2017-03-12 14:58:14.007900
1978673,10212280,Entire home/apt,,Briar Hill-Belgravia (108),25,4.5,1,1.0,37.0,,43.698238,-79.448704,2017-03-12 14:58:14.003864
16314725,106758636,Entire home/apt,,Danforth East York (59),4,5.0,3,1.0,38.0,,43.692599,-79.332989,2017-03-12 14:58:14.000144
12298825,66303736,Entire home/apt,,South Riverdale (70),2,0.0,1,1.0,32.0,,43.66472,-79.337731,2017-03-12 14:58:13.997505
16826725,93449446,Entire home/apt,,Dufferin Grove (83),19,4.5,4,2.0,34.0,,43.658854,-79.440291,2017-03-12 14:58:13.993707
13729032,80293939,Entire home/apt,,Woodbine-Lumsden (60),5,4.0,4,1.0,38.0,,43.692541,-79.307676,2017-03-12 14:58:13.985675
7634853,1863732,Entire home/apt,,Willowdale East (51),4,4.5,3,0.0,26.0,,43.757586,-79.408901,2017-03-12 14:58:13.983570
13391512,10640174,Entire home/apt,,Mount Pleasant West (104),1,0.0,2,0.0,31.0,,43.706357,-79.397256,2017-03-12 14:58:13.980587
16159012,11308438,Entire home/apt,,Tam O'Shanter-Sullivan (118),3,5.0,2,1.0,40.0,,43.77011,-79.31192,2017-03-12 14:58:13.978435
14388984,23472830,Entire home/apt,,Eglinton East (138),47,4.5,3,1.0,24.0,,43.737428,-79.247336,2017-03-12 14:58:13.976210
15753679,59327430,Entire home/apt,,North St.James Town (74),17,5.0,2,0.0,39.0,,43.669312,-79.37877,2017-03-12 14:58:13.972433
15989071,6117621,Entire home/apt,,Lawrence Park North (105),2,0.0,3,1.0,35.0,,43.725048,-79.403344,2017-03-12 14:58:13.970135
17601617,75466888,Entire home/apt,,High Park North (88),0,0.0,2,0.0,30.0,,43.659195,-79.453227,2017-03-12 14:58:13.967716
16893934,40322333,Entire home/apt,,North St.James Town (74),0,0.0,2,1.0,34.0,,43.669688,-79.377239,2017-03-12 14:58:12.387789
14893003,93449446,Entire home/apt,,Dufferin Grove (83),37,4.5,2,1.0,25.0,,43.657666,-79.441008,2017-03-12 14:58:12.381600
17654645,7963946,Entire home/apt,,Weston-Pellam Park (91),0,0.0,3,1.0,38.0,,43.670803,-79.463459,2017-03-12 14:58:12.379254
16197473,105784500,Entire home/apt,,Banbury-Don Mills (42),4,5.0,3,0.0,36.0,,43.727603,-79.32535,2017-03-12 14:58:12.376519
16809800,4013946,Entire home/apt,,Junction Area (90),0,0.0,2,1.0,38.0,,43.665191,-79.477948,2017-03-12 14:58:12.372721
17641066,6024814,Entire home/apt,,Dovercourt-Wallace Emerson-Junction (93),0,0.0,1,0.0,23.0,,43.668354,-79.42054,2017-03-12 14:58:12.368696
17528089,49825173,Entire home/apt,,Dovercourt-Wallace Emerson-Junction (93),0,0.0,1,1.0,31.0,,43.668627,-79.437727,2017-03-12 14:58:12.364616
16063953,7150057,Entire home/apt,,High Park-Swansea (87),3,4.5,2,1.0,37.0,,43.651924,-79.452527,2017-03-12 14:58:12.362420
6571733,34372245,Entire home/apt,,Tam O'Shanter-Sullivan (118),36,5.0,2,1.0,38.0,,43.780931,-79.317935,2017-03-12 14:58:12.359749
4839218,24905056,Entire home/apt,,Kensington-Chinatown (78),53,4.5,2,1.0,40.0,,43.657976,-79.398055,2017-03-12 14:58:12.356970
10176194,52250840,Entire home/apt,,Keelesdale-Eglinton West (110),51,4.5,2,1.0,40.0,,43.690943,-79.468951,2017-03-12 14:58:12.354641
5479285,16049496,Entire home/apt,,Annex (95),50,4.5,2,1.0,38.0,,43.672044,-79.3946,2017-03-12 14:58:11.041353
14282377,74216906,Entire home/apt,,Alderwood (20),22,4.5,2,1.0,34.0,,43.608956,-79.550677,2017-03-12 14:58:11.037826
17496513,5760737,Entire home/apt,,Cabbagetown-South St.James Town (71),0,0.0,2,1.0,38.0,,43.667583,-79.366474,2017-03-12 14:58:11.032206
13172729,15219229,Entire home/apt,,The Beaches (63),6,5.0,2,0.0,34.0,,43.675921,-79.302866,2017-03-12 14:58:11.029598
17538687,109792333,Entire home/apt,,Church-Yonge Corridor (75),0,0.0,2,1.0,15.0,,43.652874,-79.376603,2017-03-12 14:58:11.026844
16901265,108760072,Entire home/apt,,Willowridge-Martingrove-Richview (7),2,0.0,2,1.0,31.0,,43.684783,-79.537257,2017-03-12 14:58:11.023245
17477817,80360223,Entire home/apt,,Wychwood (94),0,0.0,1,1.0,34.0,,43.683169,-79.420181,2017-03-12 14:58:11.019367
15898901,62117193,Entire home/apt,,Weston-Pellam Park (91),1,0.0,2,1.0,36.0,,43.675919,-79.464697,2017-03-12 14:58:11.013224
6065820,17603603,Entire home/apt,,High Park-Swansea (87),34,5.0,3,1.0,55.0,,43.646996,-79.455721,2017-03-12 14:58:48.770396
16297997,55815777,Entire home/apt,,Trinity-Bellwoods (81),15,5.0,2,1.0,49.0,,43.646314,-79.418934,2017-03-12 14:58:48.766125
9576490,43037706,Entire home/apt,,North Riverdale (68),13,5.0,2,0.0,58.0,,43.667587,-79.349225,2017-03-12 14:58:48.763173
14771353,25280232,Entire home/apt,,Bridle Path-Sunnybrook-York Mills (41),17,4.5,3,1.0,46.0,,43.712124,-79.385027,2017-03-12 14:58:48.759955
14855853,92424876,Entire home/apt,,Dovercourt-Wallace Emerson-Junction (93),9,4.5,4,1.0,61.0,,43.664819,-79.447347,2017-03-12 14:58:48.757032
7113351,37257914,Entire home/apt,,North Riverdale (68),38,5.0,2,0.0,49.0,,43.67609,-79.358695,2017-03-12 14:58:48.752594
15269706,32796228,Entire home/apt,,South Riverdale (70),4,5.0,4,1.0,61.0,,43.667681,-79.33608,2017-03-12 14:58:48.750063
6774973,35468572,Entire home/apt,,Trinity-Bellwoods (81),29,5.0,3,2.0,54.0,,43.646335,-79.416175,2017-03-12 14:58:48.747678
16348523,107047051,Entire home/apt,,Yorkdale-Glen Park (31),0,0.0,2,1.0,61.0,,43.713525,-79.453472,2017-03-12 14:58:47.570112
13665026,32305436,Entire home/apt,,Church-Yonge Corridor (75),26,5.0,3,1.0,46.0,,43.659408,-79.379835,2017-03-12 14:58:47.567851
16112615,105057859,Entire home/apt,,Little Portugal (84),8,5.0,2,1.0,50.0,,43.650268,-79.426249,2017-03-12 14:58:47.565642
14246227,198600,Entire home/apt,,Playter Estates-Danforth (67),9,5.0,2,1.0,61.0,,43.677259,-79.360695,2017-03-12 14:58:47.563260
16290178,40406859,Entire home/apt,,Wexford/Maryvale (119),3,4.5,4,2.0,55.0,,43.732026,-79.30555,2017-03-12 14:58:47.560751
5642413,4610412,Entire home/apt,,Islington-City Centre West (14),9,5.0,4,1.0,58.0,,43.609052,-79.55762,2017-03-12 14:58:47.558410
16553746,1163588,Entire home/apt,,South Parkdale (85),2,0.0,2,0.0,46.0,,43.635036,-79.433841,2017-03-12 14:58:47.556391
12345393,32026372,Entire home/apt,,Bay Street Corridor (76),1,0.0,4,2.0,54.0,,43.654303,-79.382948,2017-03-12 14:58:47.552753
16693302,19312350,Entire home/apt,,Clanton Park (33),0,0.0,2,1.0,59.0,,43.738729,-79.434697,2017-03-12 14:58:47.550605
12836500,70081999,Entire home/apt,,Niagara (82),108,4.5,2,0.0,47.0,,43.637386,-79.403854,2017-03-12 14:58:47.546017
13121978,11390892,Entire home/apt,,South Riverdale (70),22,5.0,2,1.0,58.0,,43.660678,-79.332023,2017-03-12 14:58:47.543328
13893204,82295291,Entire home/apt,,High Park North (88),3,5.0,2,0.0,61.0,,43.655903,-79.45468,2017-03-12 14:58:47.539287
1323726,4519336,Entire home/apt,,Niagara (82),269,4.5,4,1.0,49.0,,43.641059,-79.417737,2017-03-12 14:58:47.536559
4399426,22838553,Entire home/apt,,Niagara (82),42,4.5,3,0.0,60.0,,43.637873,-79.401193,2017-03-12 14:58:47.534160
17568243,52542103,Entire home/apt,,Roncesvalles (86),0,0.0,2,1.0,49.0,,43.641231,-79.443199,2017-03-12 14:58:47.531628
16300782,21053844,Entire home/apt,,Oakwood Village (107),6,5.0,4,1.0,49.0,,43.681811,-79.442619,2017-03-12 14:58:45.981707
15450792,99108886,Entire home/apt,,Leaside-Bennington (56),4,5.0,2,1.0,49.0,,43.704892,-79.36568,2017-03-12 14:58:45.978803
6833454,35800419,Entire home/apt,,Roncesvalles (86),40,5.0,2,1.0,49.0,,43.640982,-79.444401,2017-03-12 14:58:45.976075
15523450,73207318,Entire home/apt,,Keelesdale-Eglinton West (110),12,4.5,4,2.0,45.0,,43.688093,-79.467311,2017-03-12 14:58:45.973908
16334175,30053040,Entire home/apt,,Humewood-Cedarvale (106),3,5.0,3,1.0,60.0,,43.686773,-79.42349,2017-03-12 14:58:45.971756
16108090,30535149,Entire home/apt,,Moss Park (73),7,4.5,2,0.0,43.0,,43.654858,-79.362938,2017-03-12 14:58:45.968607
6694085,35042033,Entire home/apt,,Corso Italia-Davenport (92),0,0.0,2,1.0,38.0,,43.68334,-79.447969,2017-03-12 14:58:11.002481
7253645,36234119,Entire home/apt,,Roncesvalles (86),92,4.5,1,1.0,38.0,,43.640923,-79.44164,2017-03-12 14:58:11.000229
17251835,116264429,Entire home/apt,,Bendale (127),0,0.0,2,1.0,34.0,,43.773031,-79.256977,2017-03-12 14:58:10.996354
16620818,78513924,Entire home/apt,,Glenfield-Jane Heights (25),1,0.0,4,1.0,36.0,,43.750547,-79.511736,2017-03-12 14:58:10.994073
17490025,39812915,Entire home/apt,,South Parkdale (85),0,0.0,2,0.0,38.0,,43.639699,-79.431016,2017-03-12 14:58:10.991889
17122128,21005311,Entire home/apt,,Roncesvalles (86),2,0.0,3,0.0,38.0,,43.639541,-79.442963,2017-03-12 14:58:10.989248
16600799,28314869,Entire home/apt,,Oakwood Village (107),0,0.0,2,1.0,38.0,,43.691674,-79.444892,2017-03-12 14:58:09.300644
9898233,2516278,Entire home/apt,,Waterfront Communities-The Island (77),100,4.5,2,0.0,34.0,,43.647601,-79.399326,2017-03-12 14:58:09.297863
16242076,793175,Entire home/apt,,Palmerston-Little Italy (80),12,4.5,2,1.0,40.0,,43.662881,-79.413935,2017-03-12 14:58:09.295211
12541588,2680451,Entire home/apt,,Dovercourt-Wallace Emerson-Junction (93),19,5.0,4,1.0,37.0,,43.673662,-79.436282,2017-03-12 14:58:09.293123
12955444,63724426,Entire home/apt,,Mount Pleasant West (104),1,0.0,2,1.0,34.0,,43.699827,-79.390567,2017-03-12 14:58:09.290840
12954711,2479385,Entire home/apt,,Willowdale East (51),17,4.5,4,2.0,32.0,,43.760235,-79.403619,2017-03-12 14:58:09.286233
4325677,7408094,Entire home/apt,,North St.James Town (74),23,4.5,2,0.0,38.0,,43.670594,-79.379048,2017-03-12 14:58:09.284038
15699861,101367910,Entire home/apt,,Dovercourt-Wallace Emerson-Junction (93),32,5.0,2,1.0,39.0,,43.662436,-79.429927,2017-03-12 14:58:09.281771
16467898,113204,Entire home/apt,,Church-Yonge Corridor (75),4,4.5,2,1.0,34.0,,43.668403,-79.384336,2017-03-12 14:58:09.279601
16806856,93449446,Entire home/apt,,Dufferin Grove (83),8,4.5,4,1.0,35.0,,43.656934,-79.441481,2017-03-12 14:58:09.277497
14842737,92598277,Entire home/apt,,Mount Pleasant West (104),29,4.5,2,1.0,34.0,,43.707731,-79.391188,2017-03-12 14:58:09.275441
13769161,6835377,Entire home/apt,,High Park North (88),6,5.0,3,0.0,33.0,,43.661538,-79.459337,2017-03-12 14:58:09.273200
17593940,90250855,Entire home/apt,,Woodbine-Lumsden (60),0,0.0,5,0.0,20.0,,43.691456,-79.307909,2017-03-12 14:58:09.270972
16303173,75466888,Entire home/apt,,High Park North (88),13,5.0,2,0.0,30.0,,43.660917,-79.454295,2017-03-12 14:58:09.268821
17011350,23472830,Entire home/apt,,Eglinton East (138),10,5.0,2,1.0,27.0,,43.737336,-79.246637,2017-03-12 14:58:09.266220
6706563,1218816,Entire home/apt,,Leaside-Bennington (56),43,5.0,3,1.0,34.0,,43.715653,-79.366951,2017-03-12 14:58:09.263169
9382997,11529418,Entire home/apt,,Playter Estates-Danforth (67),55,5.0,2,1.0,34.0,,43.680758,-79.347564,2017-03-12 14:58:09.257968
17154713,6492714,Entire home/apt,,East End-Danforth (62),6,5.0,2,1.0,26.0,,43.687492,-79.304852,2017-03-12 14:58:09.255218
7265563,18023530,Private room,,L'Amoreaux (117),4,4.5,4,1.0,69.0,,43.791912,-79.310218,2017-03-12 14:57:53.922855
2536191,12987171,Private room,,Runnymede-Bloor West Village (89),0,0.0,2,1.0,109.0,,43.654464,-79.478517,2017-03-12 14:57:19.909754
2875873,14700210,Private room,,Newtonbrook West (36),4,5.0,4,1.0,111.0,,43.780453,-79.426333,2017-03-12 14:57:19.906005
12445268,67327873,Private room,,Malvern (132),4,5.0,3,1.0,114.0,,43.792339,-79.236036,2017-03-12 14:57:17.210944
6900656,21013794,Private room,,Moss Park (73),8,5.0,2,1.0,123.0,,43.653321,-79.360568,2017-03-12 14:57:17.208051
7972373,17983494,Private room,,Annex (95),0,0.0,2,1.0,111.0,,43.669126,-79.414745,2017-03-12 14:57:17.205931
2460074,12578464,Private room,,Moss Park (73),1,0.0,2,1.0,122.0,,43.655495,-79.358834,2017-03-12 14:57:17.203531
7557710,38677739,Private room,,Waterfront Communities-The Island (77),29,5.0,2,1.0,122.0,,43.639887,-79.400417,2017-03-12 14:57:14.461712
13407187,76335033,Private room,,High Park North (88),1,0.0,2,1.0,114.0,,43.659882,-79.460134,2017-03-12 14:57:14.457380
17220351,100398189,Private room,,Mount Dennis (115),0,0.0,4,2.0,114.0,,43.689273,-79.498128,2017-03-12 14:57:14.440815
11985786,48779086,Private room,,Waterfront Communities-The Island (77),0,0.0,2,1.0,118.0,,43.645745,-79.391291,2017-03-12 14:57:14.438101
1913734,8684507,Private room,,High Park-Swansea (87),0,0.0,2,1.0,84.0,,43.650095,-79.453387,2017-03-12 14:57:13.059586
15258071,81495512,Private room,,Trinity-Bellwoods (81),0,0.0,2,1.0,103.0,,43.649617,-79.405552,2017-03-12 14:57:10.555728
14374135,24464321,Private room,,Waterfront Communities-The Island (77),2,0.0,2,1.0,91.0,,43.648684,-79.368199,2017-03-12 14:57:10.545930
13389796,76142891,Private room,,Agincourt South-Malvern West (128),4,4.5,2,1.0,101.0,,43.783873,-79.269628,2017-03-12 14:57:08.720624
16847731,112190153,Private room,,Willowdale East (51),0,0.0,2,1.0,98.0,,43.769859,-79.404035,2017-03-12 14:57:07.353683
12010103,14700210,Private room,,Newtonbrook West (36),1,0.0,4,1.0,100.0,,43.779845,-79.428078,2017-03-12 14:57:05.775899
6387065,32929623,Private room,,Oakwood Village (107),0,0.0,2,1.0,92.0,,43.687843,-79.4422,2017-03-12 14:57:04.414816
12953855,34899283,Private room,,Trinity-Bellwoods (81),20,4.5,3,1.0,92.0,,43.655461,-79.40868,2017-03-12 14:57:03.068852
8997591,46990378,Private room,,University (79),1,0.0,2,1.0,65.0,,43.659131,-79.40723,2017-03-12 14:56:11.447213
5058584,26119714,Private room,,High Park-Swansea (87),0,0.0,4,1.0,73.0,,43.643606,-79.478447,2017-03-12 14:55:46.440741
8367513,4464794,Private room,,Trinity-Bellwoods (81),1,0.0,2,1.0,73.0,,43.65552,-79.407345,2017-03-12 14:55:12.082473
6783340,35510883,Private room,,Stonegate-Queensway (16),3,5.0,2,1.0,65.0,,43.639359,-79.490517,2017-03-12 14:53:22.047853
11471042,23702600,Private room,,Moss Park (73),4,5.0,2,1.0,80.0,,43.657532,-79.355492,2017-03-12 14:52:55.839897
2097859,10700472,Private room,,Blake-Jones (69),0,0.0,2,1.0,69.0,,43.675295,-79.336681,2017-03-12 14:52:55.830971
2615254,6884061,Private room,,The Beaches (63),17,4.5,2,1.0,65.0,,43.674127,-79.288673,2017-03-12 14:52:52.453011
12591994,63655883,Private room,,Lansing-Westgate (38),0,0.0,2,1.0,65.0,,43.761516,-79.419145,2017-03-12 14:52:36.328596
15086393,52891161,Private room,,Don Valley Village (47),0,0.0,4,1.0,70.0,,43.787281,-79.346131,2017-03-12 14:52:26.059814
14249837,13633667,Private room,,East End-Danforth (62),0,0.0,2,1.0,65.0,,43.683804,-79.296117,2017-03-12 14:52:17.052810
16310801,106729456,Private room,,L'Amoreaux (117),0,0.0,2,1.0,69.0,,43.787182,-79.315221,2017-03-12 14:52:09.336847
16162206,12846807,Private room,,York University Heights (27),0,0.0,2,1.0,63.0,,43.765573,-79.492943,2017-03-12 14:52:09.316822
8426311,44375320,Private room,,Steeles (116),3,5.0,2,1.0,67.0,,43.816754,-79.334821,2017-03-12 14:52:04.129158
9544561,35423327,Private room,,Princess-Rosethorn (10),1,0.0,2,1.0,49.0,,43.668546,-79.553632,2017-03-12 14:48:45.142407
577747,2841354,Private room,,Oakwood Village (107),0,0.0,2,1.0,57.0,,43.692016,-79.445085,2017-03-12 14:48:18.138908
16116725,33994431,Private room,,Bathurst Manor (34),0,0.0,2,1.0,61.0,,43.767475,-79.459295,2017-03-12 14:46:01.982896
8428855,5114778,Private room,,Willowdale East (51),17,4.0,2,1.0,43.0,,43.762274,-79.409888,2017-03-12 14:41:57.902792
8567458,34598492,Private room,,Mount Pleasant West (104),4,5.0,2,1.0,55.0,,43.711216,-79.394841,2017-03-12 14:41:57.893001
8293245,22896989,Private room,,West Humber-Clairville (1),1,0.0,3,1.0,58.0,,43.725079,-79.616308,2017-03-12 14:41:01.544514
6609689,34586079,Private room,,Humbermede (22),1,0.0,2,1.0,54.0,,43.746727,-79.543559,2017-03-12 14:41:00.308937
14092754,38227228,Private room,,Westminster-Branson (35),0,0.0,3,1.0,57.0,,43.780796,-79.45108,2017-03-12 14:40:56.446039
14266364,52718158,Private room,,Bathurst Manor (34),0,0.0,2,1.0,46.0,,43.764011,-79.464538,2017-03-12 14:40:54.445034
17223104,115975599,Private room,,Newtonbrook West (36),0,0.0,2,1.0,42.0,,43.788846,-79.42359,2017-03-12 14:40:50.976051
16561546,44529139,Private room,,Newtonbrook West (36),1,0.0,2,1.0,58.0,,43.781908,-79.433185,2017-03-12 14:40:49.675954
8007219,38819581,Private room,,Milliken (130),7,4.0,4,1.0,46.0,,43.827371,-79.29032,2017-03-12 14:40:45.141266
8674099,43814811,Private room,,Malvern (132),0,0.0,2,1.0,46.0,,43.812067,-79.219838,2017-03-12 14:40:43.753524
14104784,84923855,Private room,,Tam O'Shanter-Sullivan (118),0,0.0,2,1.0,61.0,,43.779461,-79.290648,2017-03-12 14:40:37.870230
8942527,38819581,Private room,,Agincourt South-Malvern West (128),1,0.0,2,1.0,46.0,,43.794549,-79.285144,2017-03-12 14:40:35.985381
6852996,35878579,Private room,,Hillcrest Village (48),4,5.0,3,1.0,57.0,,43.803773,-79.369463,2017-03-12 14:40:33.912903
6773996,35463989,Private room,,L'Amoreaux (117),13,4.5,4,1.0,49.0,,43.788349,-79.308719,2017-03-12 14:40:32.418515
7938604,2819934,Private room,,Ionview (125),8,5.0,3,1.0,58.0,,43.737379,-79.270397,2017-03-12 14:40:31.752411
5786243,30021005,Private room,,Pleasant View (46),1,0.0,2,1.0,46.0,,43.799114,-79.340866,2017-03-12 14:40:30.042392
14519711,79723439,Private room,,Malvern (132),3,3.0,2,1.0,49.0,,43.793402,-79.23471,2017-03-12 14:40:28.846790
13097679,72743657,Private room,,Markland Wood (12),0,0.0,2,1.0,38.0,,43.628476,-79.569264,2017-03-12 14:40:01.433600
15990589,43798050,Private room,,Long Branch (19),1,0.0,2,1.0,34.0,,43.592533,-79.521922,2017-03-12 14:39:24.464684
3059287,15571083,Private room,,Weston (113),0,0.0,2,1.0,38.0,,43.699891,-79.505435,2017-03-12 14:39:00.797321
5271542,15936131,Private room,,Keelesdale-Eglinton West (110),38,4.0,2,1.0,27.0,,43.688757,-79.47037,2017-03-12 14:37:36.005235
13081326,52477674,Private room,,Danforth (66),3,2.5,2,1.0,34.0,,43.685679,-79.316474,2017-03-12 14:35:32.596516
12113090,57563617,Private room,,Highland Creek (134),0,0.0,2,1.0,37.0,,43.785522,-79.175711,2017-03-12 14:34:04.106425
14973720,70849121,Private room,,Tam O'Shanter-Sullivan (118),1,0.0,2,1.0,34.0,,43.793477,-79.288856,2017-03-12 14:33:43.369837
11208327,58333970,Private room,,Bay Street Corridor (76),0,0.0,2,1.0,497.0,,43.650126,-79.385807,2017-03-12 14:33:05.371836
1352363,7333702,Private room,,Willowdale West (37),0,0.0,2,1.0,382.0,,43.777351,-79.418372,2017-03-12 14:33:05.369673
1060025,1118847,Private room,,Willowdale West (37),0,0.0,2,1.0,494.0,,43.772298,-79.41779,2017-03-12 14:33:05.367494
14404164,72335330,Private room,,Church-Yonge Corridor (75),0,0.0,2,1.0,381.0,,43.664611,-79.383341,2017-03-12 14:33:05.362764
14966506,14471499,Private room,,Waterfront Communities-The Island (77),2,0.0,3,1.0,382.0,,43.641943,-79.38309,2017-03-12 14:33:05.360409
16237257,36984829,Private room,,Islington-City Centre West (14),0,0.0,2,1.0,331.0,,43.658575,-79.545685,2017-03-12 14:33:05.357808
11939869,63743513,Private room,,Old East York (58),0,0.0,1,1.0,382.0,,43.697551,-79.318235,2017-03-12 14:33:05.354939
7874364,41497957,Private room,,Mount Pleasant East (99),0,0.0,1,1.0,477.0,,43.710734,-79.388357,2017-03-12 14:33:05.350028
17492309,43488381,Private room,,York University Heights (27),0,0.0,1,1.0,344.0,,43.767369,-79.502826,2017-03-12 14:33:05.346244
8187062,43187032,Private room,,Church-Yonge Corridor (75),0,0.0,1,1.0,382.0,,43.659366,-79.38024,2017-03-12 14:33:05.343511
16824400,64682858,Private room,,Newtonbrook West (36),0,0.0,2,1.0,426.0,,43.789978,-79.434984,2017-03-12 14:33:05.341357
13096713,72733252,Private room,,Trinity-Bellwoods (81),0,0.0,1,1.0,489.0,,43.650777,-79.407667,2017-03-12 14:33:05.338334
13090619,72335330,Private room,,Church-Yonge Corridor (75),0,0.0,2,1.0,229.0,,43.663984,-79.382513,2017-03-12 14:33:02.449856
5785888,30018135,Private room,,New Toronto (18),0,0.0,2,1.0,306.0,,43.604243,-79.507509,2017-03-12 14:33:02.447084
11940593,23908661,Private room,,Mimico (includes Humber Bay Shores) (17),6,5.0,4,1.0,305.0,,43.61881,-79.510291,2017-03-12 14:33:02.444742
677308,3444233,Private room,,Waterfront Communities-The Island (77),0,0.0,1,1.0,306.0,,43.646731,-79.393151,2017-03-12 14:33:02.442225
8861640,8565289,Private room,,Lawrence Park South (103),0,0.0,2,1.0,230.0,,43.709707,-79.411263,2017-03-12 14:33:02.440065
14388890,72335330,Private room,,Church-Yonge Corridor (75),0,0.0,2,1.0,229.0,,43.664574,-79.38377,2017-03-12 14:33:02.437754
17603854,117510818,Private room,,Bay Street Corridor (76),0,0.0,4,2.0,309.0,,43.649321,-79.383133,2017-03-12 14:33:02.428362
13231412,43122961,Private room,,University (79),0,0.0,2,1.0,217.0,,43.663763,-79.405774,2017-03-12 14:33:02.426195
14490403,13285200,Private room,,Niagara (82),1,0.0,2,1.0,306.0,,43.644183,-79.404498,2017-03-12 14:33:02.423949
14120151,36008582,Private room,,Weston-Pellam Park (91),0,0.0,2,1.0,219.0,,43.677493,-79.460704,2017-03-12 14:33:02.420973
17417283,116750375,Private room,,Kensington-Chinatown (78),1,0.0,2,1.0,306.0,,43.655611,-79.399773,2017-03-12 14:33:02.418868
8580971,2733325,Private room,,Kensington-Chinatown (78),0,0.0,1,1.0,268.0,,43.652258,-79.387454,2017-03-12 14:33:02.414779
13801528,81165420,Private room,,Waterfront Communities-The Island (77),0,0.0,2,1.0,230.0,,43.644882,-79.390722,2017-03-12 14:33:02.412522
15539975,10064528,Private room,,Willowdale East (51),0,0.0,1,1.0,230.0,,43.770335,-79.413068,2017-03-12 14:33:02.409978
16532735,108756472,Private room,,Waterfront Communities-The Island (77),0,0.0,2,1.0,268.0,,43.641538,-79.393241,2017-03-12 14:33:02.407093
13231832,43009829,Private room,,Cabbagetown-South St.James Town (71),0,0.0,2,1.0,240.0,,43.666288,-79.376992,2017-03-12 14:33:02.402407
14262170,86884894,Private room,,Newtonbrook East (50),1,0.0,4,1.0,195.0,,43.796015,-79.400543,2017-03-12 14:33:00.581458
8683593,45598544,Private room,,Niagara (82),0,0.0,2,1.0,192.0,,43.643773,-79.404007,2017-03-12 14:33:00.578667
11226154,23908661,Private room,,Mimico (includes Humber Bay Shores) (17),12,5.0,2,1.0,152.0,,43.620111,-79.508668,2017-03-12 14:32:57.749369
8486804,7881871,Private room,,South Parkdale (85),1,0.0,4,1.0,152.0,,43.63846,-79.436184,2017-03-12 14:32:57.743458
14688814,1870846,Private room,,Niagara (82),1,0.0,2,1.0,152.0,,43.638448,-79.414926,2017-03-12 14:32:57.741008
5446379,28249876,Private room,,Niagara (82),0,0.0,2,1.0,159.0,,43.644055,-79.40558,2017-03-12 14:32:57.738750
10415189,12724147,Private room,,Banbury-Don Mills (42),2,0.0,2,1.0,152.0,,43.73517,-79.359091,2017-03-12 14:32:57.736064
15327993,46516499,Private room,,Bay Street Corridor (76),1,0.0,4,1.0,160.0,,43.661091,-79.387161,2017-03-12 14:32:57.733336
14333083,3051793,Private room,,Waterfront Communities-The Island (77),1,0.0,2,1.0,152.0,,43.640497,-79.39914,2017-03-12 14:32:57.731047
11941634,23908661,Private room,,Mimico (includes Humber Bay Shores) (17),8,5.0,2,1.0,152.0,,43.61996,-79.50998,2017-03-12 14:32:57.727915
537679,2586974,Private room,,Mimico (includes Humber Bay Shores) (17),0,0.0,2,1.0,152.0,,43.625751,-79.488155,2017-03-12 14:32:55.765643
10414911,12724147,Private room,,Banbury-Don Mills (42),1,0.0,2,1.0,152.0,,43.736889,-79.359543,2017-03-12 14:32:55.763632
15389075,93353249,Private room,,Moss Park (73),0,0.0,1,1.0,152.0,,43.653627,-79.369579,2017-03-12 14:32:55.761385
13219490,11368776,Private room,,Church-Yonge Corridor (75),0,0.0,2,1.0,152.0,,43.654475,-79.379835,2017-03-12 14:32:55.758485
15744766,101754244,Private room,,Lawrence Park South (103),0,0.0,2,1.0,152.0,,43.72314,-79.402424,2017-03-12 14:32:55.756517
10018981,51447132,Private room,,Waterfront Communities-The Island (77),0,0.0,2,1.0,155.0,,43.642545,-79.380311,2017-03-12 14:32:55.753094
13078831,70227946,Private room,,Waterfront Communities-The Island (77),23,5.0,2,1.0,152.0,,43.642651,-79.383252,2017-03-12 14:32:55.750695
14025029,82329751,Private room,,Mount Pleasant West (104),0,0.0,6,1.0,145.0,,43.69829,-79.389494,2017-03-12 14:32:55.748578
4680622,2471753,Private room,,Bay Street Corridor (76),3,4.5,2,1.0,168.0,,43.649449,-79.386222,2017-03-12 14:32:55.746531
13782571,59674038,Private room,,Niagara (82),0,0.0,2,1.0,152.0,,43.637236,-79.402778,2017-03-12 14:32:55.743651
14075486,84573605,Private room,,Blake-Jones (69),0,0.0,1,1.0,152.0,,43.676039,-79.338931,2017-03-12 14:32:55.741261
15887136,103030013,Private room,,Niagara (82),3,5.0,2,1.0,152.0,,43.637644,-79.400988,2017-03-12 14:32:55.738867
6274286,23895487,Private room,,Church-Yonge Corridor (75),0,0.0,2,1.0,149.0,,43.667646,-79.384657,2017-03-12 14:32:55.736708
6936873,36369258,Private room,,Annex (95),0,0.0,2,1.0,152.0,,43.674701,-79.404026,2017-03-12 14:32:55.732144
4032579,20907205,Private room,,Caledonia-Fairbank (109),0,0.0,1,1.0,152.0,,43.686526,-79.458122,2017-03-12 14:32:55.729970
11470903,2248773,Private room,,South Riverdale (70),1,0.0,1,1.0,161.0,,43.660968,-79.342574,2017-03-12 14:32:55.727695
13961106,59346498,Private room,,Waterfront Communities-The Island (77),0,0.0,2,1.0,161.0,,43.640467,-79.38094,2017-03-12 14:32:55.724381
219683,1137914,Private room,,Waterfront Communities-The Island (77),0,0.0,2,1.0,134.0,,43.636102,-79.395495,2017-03-12 14:32:53.913200
4409776,4316883,Private room,,Rosedale-Moore Park (98),0,0.0,2,1.0,144.0,,43.688551,-79.379788,2017-03-12 14:32:53.909473
11871963,8569918,Private room,,Yonge-Eglinton (100),1,0.0,6,1.0,129.0,,43.703665,-79.406577,2017-03-12 14:32:53.907110
13810903,14700210,Private room,,Newtonbrook West (36),0,0.0,2,1.0,131.0,,43.779981,-79.427772,2017-03-12 14:32:53.904084
273304,1409872,Private room,,Church-Yonge Corridor (75),0,0.0,1,1.0,137.0,,43.660498,-79.380571,2017-03-12 14:32:53.900877
4776699,24634691,Private room,,New Toronto (18),0,0.0,2,1.0,134.0,,43.59822,-79.500861,2017-03-12 14:32:53.896970
5806072,30122753,Private room,,Runnymede-Bloor West Village (89),0,0.0,2,1.0,140.0,,43.653051,-79.477427,2017-03-12 14:32:53.893417
5374701,27862009,Private room,,Bathurst Manor (34),4,4.5,2,1.0,134.0,,43.755894,-79.449696,2017-03-12 14:32:53.888477
6077233,31544858,Private room,,Lansing-Westgate (38),0,0.0,1,1.0,138.0,,43.756398,-79.41753,2017-03-12 14:32:53.885398
16960691,1651632,Private room,,Annex (95),0,0.0,2,2.0,134.0,,43.676636,-79.394081,2017-03-12 14:32:53.883146
17168352,73574442,Private room,,L'Amoreaux (117),0,0.0,2,1.0,129.0,,43.781864,-79.325633,2017-03-12 14:32:53.880506
7969186,8303233,Private room,,Waterfront Communities-The Island (77),0,0.0,2,1.0,142.0,,43.642817,-79.385066,2017-03-12 14:32:53.876833
6447915,33664995,Private room,,Church-Yonge Corridor (75),0,0.0,1,1.0,138.0,,43.661141,-79.379045,2017-03-12 14:32:52.330360
2126181,10845253,Private room,,Woodbine Corridor (64),9,5.0,2,1.0,138.0,,43.681774,-79.316252,2017-03-12 14:32:52.325435
14057781,51761260,Private room,,Birchcliffe-Cliffside (122),0,0.0,1,1.0,126.0,,43.685494,-79.275178,2017-03-12 14:32:52.323179
4781302,24653719,Private room,,Church-Yonge Corridor (75),0,0.0,2,1.0,130.0,,43.668844,-79.384363,2017-03-12 14:32:52.320954
15536561,97031391,Private room,,Hillcrest Village (48),5,4.0,5,4.0,138.0,,43.798935,-79.352346,2017-03-12 14:32:52.318462
4662514,22891467,Private room,,Waterfront Communities-The Island (77),9,4.5,2,1.0,130.0,,43.649881,-79.358423,2017-03-12 14:32:52.315103
12724975,770979,Private room,,Moss Park (73),3,5.0,2,1.0,134.0,,43.654456,-79.369892,2017-03-12 14:32:52.312396
13766876,80741035,Private room,,Highland Creek (134),0,0.0,2,1.0,126.0,,43.793149,-79.180252,2017-03-12 14:32:52.309315
14689468,91338215,Private room,,Waterfront Communities-The Island (77),3,4.0,2,1.0,138.0,,43.647075,-79.393465,2017-03-12 14:32:52.306940
15263936,55386781,Private room,,Waterfront Communities-The Island (77),6,5.0,2,1.0,138.0,,43.642932,-79.383359,2017-03-12 14:32:52.304771
16987785,5838892,Private room,,Waterfront Communities-The Island (77),0,0.0,5,2.0,129.0,,43.642424,-79.383042,2017-03-12 14:32:52.302253
8208656,7693023,Private room,,Church-Yonge Corridor (75),0,0.0,2,1.0,144.0,,43.665066,-79.382813,2017-03-12 14:32:52.299774
7673374,40222002,Private room,,The Beaches (63),11,4.5,2,1.0,134.0,,43.666774,-79.311019,2017-03-12 14:32:52.297350
6129865,18252368,Private room,,Mount Pleasant East (99),0,0.0,1,1.0,134.0,,43.706412,-79.38369,2017-03-12 14:32:52.294401
6763298,35406633,Private room,,Trinity-Bellwoods (81),0,0.0,4,3.0,134.0,,43.653898,-79.41756,2017-03-12 14:32:52.292123
8593873,45225322,Private room,,Little Portugal (84),0,0.0,1,1.0,134.0,,43.651481,-79.435659,2017-03-12 14:32:52.287981
17257021,8572794,Private room,,Niagara (82),0,0.0,2,1.0,138.0,,43.63639,-79.400688,2017-03-12 14:32:52.285311
15150639,96108552,Private room,,Waterfront Communities-The Island (77),0,0.0,2,1.0,114.0,,43.638866,-79.393741,2017-03-12 14:32:50.530747
14753854,28061916,Private room,,Waterfront Communities-The Island (77),1,0.0,2,1.0,114.0,,43.639787,-79.390161,2017-03-12 14:32:50.528344
13810793,14700210,Private room,,Newtonbrook West (36),1,0.0,4,1.0,107.0,,43.778583,-79.426247,2017-03-12 14:32:50.526089
6180496,32057217,Private room,,Blake-Jones (69),0,0.0,2,1.0,114.0,,43.679141,-79.333646,2017-03-12 14:32:50.523482
1134877,6225610,Private room,,Annex (95),6,4.5,8,1.0,107.0,,43.672274,-79.414501,2017-03-12 14:32:50.520646
15392882,49584622,Private room,,Willowdale East (51),0,0.0,2,1.0,114.0,,43.765911,-79.411465,2017-03-12 14:32:50.515661
10478204,54006777,Private room,,L'Amoreaux (117),0,0.0,1,1.0,113.0,,43.796574,-79.321612,2017-03-12 14:32:49.073967
16345107,107022703,Private room,,West Hill (136),0,0.0,3,1.0,107.0,,43.774406,-79.187394,2017-03-12 14:32:49.069553
16323324,106834357,Private room,,Cabbagetown-South St.James Town (71),0,0.0,1,1.0,107.0,,43.666284,-79.377869,2017-03-12 14:32:49.067357
10928449,40406091,Private room,,Stonegate-Queensway (16),0,0.0,2,1.0,122.0,,43.643968,-79.504039,2017-03-12 14:32:49.062718
16796450,72582521,Entire home/apt,,North St.James Town (74),0,0.0,2,0.0,38.0,,43.671877,-79.37824,2017-03-12 14:58:20.603631
16984286,53919023,Entire home/apt,,Yonge-Eglinton (100),0,0.0,2,0.0,38.0,,43.708682,-79.399056,2017-03-12 14:58:20.601114
11842507,5305094,Entire home/apt,,Newtonbrook West (36),0,0.0,1,1.0,27.0,,43.791025,-79.437793,2017-03-12 14:58:20.597818
14708773,91500818,Entire home/apt,,Annex (95),3,5.0,2,1.0,31.0,,43.669421,-79.41128,2017-03-12 14:58:20.595346
10992046,57035346,Entire home/apt,,Waterfront Communities-The Island (77),5,5.0,4,0.0,31.0,,43.645237,-79.399242,2017-03-12 14:58:20.590434
41887,183071,Entire home/apt,,Oakridge (121),7,4.5,2,0.0,38.0,,43.694581,-79.286806,2017-03-12 14:58:20.586712
15206499,96587512,Entire home/apt,,Little Portugal (84),3,5.0,3,1.0,10.0,,43.642842,-79.422808,2017-03-12 14:58:20.581004
13299115,49863836,Entire home/apt,,Willowdale West (37),1,0.0,4,2.0,38.0,,43.775241,-79.41963,2017-03-12 14:58:20.578414
16281290,106495822,Entire home/apt,,O'Connor-Parkview (54),0,0.0,2,1.0,23.0,,43.707408,-79.332176,2017-03-12 14:58:20.575128
13995619,4171615,Entire home/apt,,Palmerston-Little Italy (80),0,0.0,3,1.0,34.0,,43.657219,-79.426735,2017-03-12 14:58:20.572836
10472836,7674927,Entire home/apt,,Greenwood-Coxwell (65),4,5.0,2,1.0,37.0,,43.66877,-79.322052,2017-03-12 14:58:20.570080
880331,4655609,Private room,,Flemingdon Park (44),1,0.0,2,1.0,103.0,,43.709678,-79.33339,2017-03-12 14:32:49.058938
12042737,49133533,Private room,,Church-Yonge Corridor (75),0,0.0,1,1.0,113.0,,43.652282,-79.373328,2017-03-12 14:32:49.053423
3213607,8024143,Private room,,Niagara (82),17,4.5,2,1.0,106.0,,43.64238,-79.403526,2017-03-12 14:32:49.050241
5695072,24175706,Private room,,Little Portugal (84),10,5.0,2,1.0,114.0,,43.648412,-79.42527,2017-03-12 14:32:49.045312
15230919,95205754,Private room,,Hillcrest Village (48),0,0.0,4,2.0,111.0,,43.804519,-79.362278,2017-03-12 14:32:49.043102
3131316,1772659,Private room,,Bay Street Corridor (76),3,4.5,1,1.0,123.0,,43.649539,-79.386729,2017-03-12 14:32:49.038884
17282402,28941047,Private room,,Waterfront Communities-The Island (77),0,0.0,2,1.0,103.0,,43.645934,-79.388857,2017-03-12 14:32:49.036853
3904395,17618290,Private room,,Bay Street Corridor (76),2,0.0,2,1.0,111.0,,43.662125,-79.385053,2017-03-12 14:32:49.032219
3403764,727082,Private room,,Bathurst Manor (34),4,5.0,2,1.0,118.0,,43.754365,-79.451945,2017-03-12 14:32:49.023775
8995177,46985481,Private room,,Niagara (82),0,0.0,2,1.0,114.0,,43.639569,-79.415931,2017-03-12 14:32:47.357226
10522283,32452753,Private room,,Bayview Village (52),0,0.0,1,1.0,103.0,,43.771741,-79.370621,2017-03-12 14:32:47.355212
1225004,6682366,Private room,,Roncesvalles (86),1,0.0,2,1.0,114.0,,43.64304,-79.430367,2017-03-12 14:32:47.352812
5215629,14405518,Private room,,Kensington-Chinatown (78),15,5.0,6,1.0,116.0,,43.649017,-79.401228,2017-03-12 14:32:47.350629
14714740,12476158,Private room,,Annex (95),1,0.0,2,1.0,114.0,,43.672767,-79.390511,2017-03-12 14:32:47.347923
14827229,92727065,Private room,,Dufferin Grove (83),0,0.0,2,1.0,123.0,,43.654454,-79.441773,2017-03-12 14:32:47.345938
14507990,5034342,Private room,,Wychwood (94),1,0.0,4,1.0,118.0,,43.677422,-79.416209,2017-03-12 14:32:47.343940
15397806,7137687,Private room,,Cabbagetown-South St.James Town (71),1,0.0,2,1.0,114.0,,43.664123,-79.37158,2017-03-12 14:32:47.340367
1668582,8569918,Private room,,Yonge-Eglinton (100),7,4.5,6,1.0,122.0,,43.705823,-79.405234,2017-03-12 14:32:47.337628
16260206,106331796,Private room,,Bay Street Corridor (76),0,0.0,2,1.0,114.0,,43.666924,-79.386449,2017-03-12 14:32:47.335367
6389646,33310419,Private room,,Waterfront Communities-The Island (77),0,0.0,2,1.0,114.0,,43.640105,-79.398846,2017-03-12 14:32:47.332733
11918554,63596753,Private room,,Annex (95),3,5.0,2,1.0,114.0,,43.672213,-79.401036,2017-03-12 14:32:47.323719
16154933,104839689,Private room,,Waterfront Communities-The Island (77),0,0.0,2,1.0,107.0,,43.640677,-79.373712,2017-03-12 14:32:45.372625
6852132,32057508,Private room,,Waterfront Communities-The Island (77),1,0.0,1,1.0,103.0,,43.63982,-79.397417,2017-03-12 14:32:45.368707
13395233,4642504,Private room,,Waterfront Communities-The Island (77),1,0.0,2,2.0,103.0,,43.640451,-79.394819,2017-03-12 14:32:45.366063
11355904,58646362,Private room,,Bendale (127),0,0.0,2,1.0,107.0,,43.75539,-79.248688,2017-03-12 14:32:45.360078
7837417,41284927,Private room,,Bay Street Corridor (76),0,0.0,2,1.0,114.0,,43.665048,-79.386286,2017-03-12 14:32:45.355848
17093370,114689139,Private room,,Waterfront Communities-The Island (77),0,0.0,1,0.0,114.0,,43.643083,-79.39267,2017-03-12 14:32:45.349030
1695010,8952336,Private room,,Bay Street Corridor (76),6,5.0,2,1.0,114.0,,43.666774,-79.387901,2017-03-12 14:32:45.343376
796501,4195876,Private room,,Casa Loma (96),37,5.0,2,1.0,110.0,,43.682491,-79.404603,2017-03-12 14:32:45.249427
8673462,32876233,Private room,,Cabbagetown-South St.James Town (71),3,4.5,4,1.0,114.0,,43.662749,-79.376128,2017-03-12 14:32:45.231345
7873092,41495124,Private room,,Keelesdale-Eglinton West (110),0,0.0,2,1.0,114.0,,43.689801,-79.471776,2017-03-12 14:32:43.813815
13408571,73066095,Private room,,Yonge-Eglinton (100),0,0.0,2,1.0,124.0,,43.706294,-79.408547,2017-03-12 14:32:43.811056
6286283,32678777,Private room,,Waterfront Communities-The Island (77),18,4.5,2,1.0,114.0,,43.64447,-79.382767,2017-03-12 14:32:43.808174
17240166,32442426,Private room,,Waterfront Communities-The Island (77),0,0.0,2,1.0,114.0,,43.640906,-79.38205,2017-03-12 14:32:43.804267
15519037,8480721,Private room,,Waterfront Communities-The Island (77),20,5.0,4,1.0,107.0,,43.640872,-79.397017,2017-03-12 14:32:43.802175
16112354,105055363,Private room,,Leaside-Bennington (56),3,5.0,1,1.0,107.0,,43.693089,-79.370704,2017-03-12 14:32:43.800006
16286394,106532967,Private room,,Bay Street Corridor (76),2,0.0,2,1.0,114.0,,43.655657,-79.382846,2017-03-12 14:32:43.797391
11514238,60683865,Private room,,Bay Street Corridor (76),0,0.0,2,1.0,114.0,,43.669953,-79.387431,2017-03-12 14:32:43.793048
17330075,107186485,Private room,,Bayview Village (52),0,0.0,1,1.0,113.0,,43.764191,-79.384394,2017-03-12 14:32:43.790906
14199398,12132663,Private room,,Dorset Park (126),0,0.0,2,1.0,114.0,,43.749196,-79.270362,2017-03-12 14:32:43.788704
15025652,39963197,Private room,,Clanton Park (33),0,0.0,3,1.0,114.0,,43.753124,-79.443879,2017-03-12 14:32:43.786437
15603631,2285895,Private room,,Bay Street Corridor (76),2,0.0,2,1.0,106.0,,43.66631,-79.389167,2017-03-12 14:32:43.784177
7744667,15997072,Private room,,Little Portugal (84),0,0.0,1,1.0,114.0,,43.645071,-79.42495,2017-03-12 14:32:43.781742
15132324,95941458,Private room,,Etobicoke West Mall (13),31,5.0,2,1.0,114.0,,43.638777,-79.565801,2017-03-12 14:32:43.779673
5933445,30808788,Private room,,Palmerston-Little Italy (80),0,0.0,2,1.0,114.0,,43.65743,-79.411614,2017-03-12 14:32:43.777466
10121686,34046365,Private room,,Waterfront Communities-The Island (77),52,5.0,2,1.0,114.0,,43.643397,-79.380447,2017-03-12 14:32:43.774663
8881541,28868036,Private room,,Waterfront Communities-The Island (77),81,5.0,2,1.0,114.0,,43.643903,-79.383929,2017-03-12 14:32:43.772126
7869764,41476301,Private room,,Woodbine Corridor (64),0,0.0,2,1.0,96.0,,43.669133,-79.315128,2017-03-12 14:32:42.006647
10144137,51275919,Private room,,Willowdale East (51),1,0.0,2,1.0,84.0,,43.764718,-79.410416,2017-03-12 14:32:41.999447
11047464,8839162,Private room,,Church-Yonge Corridor (75),0,0.0,1,1.0,88.0,,43.669067,-79.382304,2017-03-12 14:32:41.992739
11468853,50807051,Private room,,Rockcliffe-Smythe (111),2,0.0,7,2.0,91.0,,43.6678,-79.493473,2017-03-12 14:32:41.990309
10252756,8455169,Private room,,Church-Yonge Corridor (75),2,0.0,2,1.0,92.0,,43.652504,-79.378414,2017-03-12 14:32:41.985398
2880923,14700210,Private room,,Newtonbrook West (36),1,0.0,4,1.0,100.0,,43.778124,-79.427947,2017-03-12 14:32:41.981649
5670713,2868087,Private room,,Waterfront Communities-The Island (77),0,0.0,4,1.0,100.0,,43.649357,-79.387857,2017-03-12 14:32:40.655088
8380079,24663479,Private room,,Bay Street Corridor (76),1,0.0,2,1.0,96.0,,43.66636,-79.386925,2017-03-12 14:32:40.646666
2881068,14700210,Private room,,Newtonbrook West (36),2,0.0,4,1.0,100.0,,43.779666,-79.426394,2017-03-12 14:32:40.644285
1638998,569339,Private room,,Kensington-Chinatown (78),3,4.5,2,1.0,100.0,,43.655526,-79.392034,2017-03-12 14:32:40.641481
1179469,569339,Private room,,Kensington-Chinatown (78),43,5.0,4,1.0,100.0,,43.654296,-79.401815,2017-03-12 14:32:40.639058
2881277,14700210,Private room,,Newtonbrook West (36),3,3.0,4,1.0,84.0,,43.780334,-79.426549,2017-03-12 14:32:40.636750
5035747,25995468,Private room,,Leaside-Bennington (56),0,0.0,2,1.0,99.0,,43.696859,-79.370503,2017-03-12 14:32:40.633390
2881105,14700210,Private room,,Newtonbrook West (36),2,0.0,3,1.0,92.0,,43.779898,-79.427949,2017-03-12 14:32:40.630892
15743830,92254240,Private room,,Mimico (includes Humber Bay Shores) (17),0,0.0,4,1.0,92.0,,43.614324,-79.490974,2017-03-12 14:32:40.628454
17253093,32880337,Private room,,New Toronto (18),0,0.0,3,1.0,100.0,,43.595095,-79.505378,2017-03-12 14:32:40.626038
16245119,106207804,Private room,,Humbermede (22),0,0.0,2,1.0,103.0,,43.746182,-79.550807,2017-03-12 14:32:40.621785
13607541,7539009,Private room,,Dovercourt-Wallace Emerson-Junction (93),8,4.5,2,1.0,93.0,,43.662342,-79.424206,2017-03-12 14:32:40.619163
5725266,29681364,Private room,,Newtonbrook East (50),8,4.5,4,1.0,92.0,,43.786964,-79.414518,2017-03-12 14:32:40.607610
17160698,38677739,Private room,,Waterfront Communities-The Island (77),1,0.0,2,1.0,96.0,,43.63974,-79.400786,2017-03-12 14:32:38.606383
14202638,86173557,Private room,,University (79),7,5.0,6,1.0,100.0,,43.661632,-79.40633,2017-03-12 14:32:38.600909
1920804,9956811,Private room,,Mount Dennis (115),1,0.0,2,1.0,93.0,,43.69125,-79.498126,2017-03-12 14:32:38.598310
864104,4451791,Private room,,Palmerston-Little Italy (80),7,4.5,2,1.0,93.0,,43.658059,-79.427126,2017-03-12 14:32:38.595556
4929467,24175706,Private room,,Little Portugal (84),28,5.0,2,1.0,91.0,,43.647716,-79.424722,2017-03-12 14:32:38.591662
13064615,36989803,Private room,,Waterfront Communities-The Island (77),1,0.0,2,1.0,96.0,,43.642652,-79.393203,2017-03-12 14:32:38.589617
14981272,69270470,Private room,,Cliffcrest (123),0,0.0,4,1.0,92.0,,43.719923,-79.246557,2017-03-12 14:32:38.583308
14994006,2987036,Private room,,Waterfront Communities-The Island (77),0,0.0,2,1.0,92.0,,43.639705,-79.39853,2017-03-12 14:32:38.577457
4531930,23497077,Private room,,South Riverdale (70),0,0.0,4,1.0,84.0,,43.664213,-79.327155,2017-03-12 14:32:38.574640
15719926,79068535,Private room,,Moss Park (73),0,0.0,1,1.0,100.0,,43.653467,-79.36063,2017-03-12 14:32:36.685088
16635005,68905516,Private room,,Mimico (includes Humber Bay Shores) (17),0,0.0,2,1.0,92.0,,43.623134,-79.488489,2017-03-12 14:32:36.682869
15175107,16352954,Private room,,Waterfront Communities-The Island (77),0,0.0,2,1.0,92.0,,43.640615,-79.389114,2017-03-12 14:32:36.680386
4129258,13932855,Private room,,The Beaches (63),0,0.0,2,1.0,96.0,,43.666964,-79.305524,2017-03-12 14:32:36.676112
15115589,85716699,Private room,,Downsview-Roding-CFB (26),0,0.0,2,1.0,92.0,,43.726408,-79.482214,2017-03-12 14:32:36.673738
14412298,8133091,Private room,,Waterfront Communities-The Island (77),1,0.0,2,1.0,88.0,,43.647836,-79.370353,2017-03-12 14:32:36.671506
3720860,2631793,Private room,,Bay Street Corridor (76),6,5.0,2,1.0,92.0,,43.65274,-79.3837,2017-03-12 14:32:36.666803
13929349,5409888,Private room,,Waterfront Communities-The Island (77),1,0.0,2,1.0,91.0,,43.641921,-79.396075,2017-03-12 14:32:36.664536
14359455,20796814,Private room,,Oakwood Village (107),0,0.0,2,1.0,103.0,,43.695085,-79.43975,2017-03-12 14:32:36.662089
5913105,30597202,Private room,,Niagara (82),24,5.0,2,1.0,88.0,,43.64575,-79.404961,2017-03-12 14:32:36.659170
15296460,54245583,Private room,,Casa Loma (96),0,0.0,1,1.0,83.0,,43.677809,-79.403505,2017-03-12 14:32:36.656745
14785868,85507924,Private room,,Trinity-Bellwoods (81),11,5.0,2,1.0,91.0,,43.64882,-79.405905,2017-03-12 14:32:36.654278
11200365,44535394,Private room,,Annex (95),2,0.0,4,1.0,83.0,,43.671324,-79.400591,2017-03-12 14:32:36.651941
3833243,7401197,Private room,,Rosedale-Moore Park (98),0,0.0,1,1.0,103.0,,43.676528,-79.376571,2017-03-12 14:32:36.648542
15201435,931530,Private room,,Yonge-St.Clair (97),0,0.0,1,1.0,103.0,,43.695003,-79.399651,2017-03-12 14:32:36.645950
6224282,32279758,Private room,,Bay Street Corridor (76),0,0.0,1,1.0,103.0,,43.664184,-79.38454,2017-03-12 14:32:35.255194
1179509,569339,Private room,,Kensington-Chinatown (78),65,5.0,2,1.0,85.0,,43.654079,-79.40216,2017-03-12 14:32:35.252537
13657892,33785393,Private room,,Willowdale East (51),1,0.0,2,1.0,92.0,,43.77542,-79.412308,2017-03-12 14:32:35.249388
5695073,24175706,Private room,,Little Portugal (84),19,5.0,2,1.0,91.0,,43.647252,-79.42531,2017-03-12 14:32:35.246207
13899216,6093077,Private room,,Bay Street Corridor (76),7,5.0,2,1.0,101.0,,43.660735,-79.385563,2017-03-12 14:32:35.243163
13929738,38677739,Private room,,Waterfront Communities-The Island (77),10,5.0,2,1.0,84.0,,43.640847,-79.397996,2017-03-12 14:32:35.238776
17162095,115442293,Private room,,Waterfront Communities-The Island (77),0,0.0,2,1.0,84.0,,43.638894,-79.399969,2017-03-12 14:32:35.236569
14399258,40222002,Private room,,The Beaches (63),16,5.0,2,1.0,92.0,,43.667741,-79.310833,2017-03-12 14:32:35.234343
15993403,103944467,Private room,,Weston (113),0,0.0,1,1.0,98.0,,43.695094,-79.511145,2017-03-12 14:32:35.231911
1844121,8952336,Private room,,Bay Street Corridor (76),62,5.0,2,1.0,103.0,,43.668285,-79.387902,2017-03-12 14:32:35.229015
10969236,32452753,Private room,,Wexford/Maryvale (119),0,0.0,1,1.0,91.0,,43.749387,-79.294345,2017-03-12 14:32:35.224686
9663469,19114479,Private room,,Niagara (82),15,4.5,2,1.0,96.0,,43.636634,-79.402291,2017-03-12 14:32:35.221538
2976938,15183824,Private room,,Waterfront Communities-The Island (77),11,5.0,2,1.0,84.0,,43.640007,-79.39583,2017-03-12 14:32:35.218575
14775318,41824899,Private room,,Bendale (127),0,0.0,2,1.0,84.0,,43.7733,-79.253772,2017-03-12 14:32:35.216006
13863129,81495512,Private room,,Trinity-Bellwoods (81),2,0.0,2,1.0,96.0,,43.648948,-79.405767,2017-03-12 14:32:35.213169
14423496,9974133,Private room,,St.Andrew-Windfields (40),0,0.0,2,1.0,92.0,,43.746554,-79.394924,2017-03-12 14:32:35.208876
15705684,5042487,Private room,,Newtonbrook East (50),0,0.0,2,1.0,92.0,,43.797392,-79.412839,2017-03-12 14:32:33.424932
14193736,47977912,Private room,,Niagara (82),6,4.5,2,1.0,91.0,,43.638336,-79.40939,2017-03-12 14:32:33.422129
14418669,195095,Private room,,Waterfront Communities-The Island (77),3,4.5,2,1.0,84.0,,43.643592,-79.389687,2017-03-12 14:32:33.420026
15866168,3306458,Private room,,Kensington-Chinatown (78),0,0.0,2,1.0,84.0,,43.655458,-79.39257,2017-03-12 14:32:33.417796
2478644,4288804,Private room,,Annex (95),67,5.0,4,1.0,100.0,,43.671929,-79.416703,2017-03-12 14:32:33.412380
10818809,51017803,Private room,,Annex (95),0,0.0,1,1.0,96.0,,43.671631,-79.389983,2017-03-12 14:32:33.410132
17303042,108747651,Private room,,Bay Street Corridor (76),2,0.0,2,0.0,88.0,,43.65819,-79.383645,2017-03-12 14:32:33.404299
16302172,106662518,Private room,,Rosedale-Moore Park (98),1,0.0,2,1.0,96.0,,43.671988,-79.382188,2017-03-12 14:32:33.402300
14840667,28668679,Private room,,Bayview Village (52),1,0.0,3,1.0,92.0,,43.7855,-79.385527,2017-03-12 14:32:33.400121
8212685,13664793,Private room,,Englemount-Lawrence (32),1,0.0,2,1.0,96.0,,43.714854,-79.431308,2017-03-12 14:32:33.395341
14994326,27417830,Private room,,Bay Street Corridor (76),0,0.0,1,1.0,84.0,,43.667291,-79.388994,2017-03-12 14:32:33.391093
14873238,7137687,Private room,,Cabbagetown-South St.James Town (71),5,5.0,2,1.0,103.0,,43.665527,-79.371803,2017-03-12 14:32:33.384956
14451605,89010039,Private room,,Victoria Village (43),2,0.0,2,1.0,84.0,,43.732354,-79.324755,2017-03-12 14:32:31.703242
2601681,13324151,Private room,,Annex (95),2,0.0,2,1.0,99.0,,43.665147,-79.418348,2017-03-12 14:32:31.698840
6782410,35506114,Private room,,Annex (95),0,0.0,2,1.0,96.0,,43.668774,-79.397389,2017-03-12 14:32:31.696386
17572726,77178570,Private room,,Waterfront Communities-The Island (77),0,0.0,1,1.0,99.0,,43.649576,-79.359229,2017-03-12 14:32:31.694269
6045154,31373853,Private room,,Waterfront Communities-The Island (77),19,4.5,3,1.0,96.0,,43.643639,-79.381781,2017-03-12 14:32:31.690170
13995565,82329751,Private room,,Mount Pleasant West (104),0,0.0,2,1.0,100.0,,43.697038,-79.389693,2017-03-12 14:32:31.687477
3937405,14713664,Private room,,Yonge-Eglinton (100),1,0.0,2,1.0,84.0,,43.701467,-79.402382,2017-03-12 14:32:31.683679
13623079,78919469,Private room,,Playter Estates-Danforth (67),0,0.0,2,1.0,101.0,,43.680539,-79.352109,2017-03-12 14:32:31.679362
14152527,85507924,Private room,,Trinity-Bellwoods (81),18,5.0,2,1.0,83.0,,43.649293,-79.405776,2017-03-12 14:32:31.675938
13822292,81444139,Private room,,Agincourt North (129),0,0.0,2,1.0,92.0,,43.806323,-79.268282,2017-03-12 14:32:31.673320
17079023,80233101,Private room,,Bay Street Corridor (76),0,0.0,1,2.0,95.0,,43.651428,-79.380673,2017-03-12 14:32:31.670872
15934086,103409470,Private room,,Bridle Path-Sunnybrook-York Mills (41),0,0.0,1,1.0,93.0,,43.71261,-79.382713,2017-03-12 14:32:31.668368
4922558,20667851,Private room,,Regent Park (72),17,4.0,1,1.0,92.0,,43.656587,-79.362305,2017-03-12 14:32:31.664174
15149129,2285895,Private room,,Bay Street Corridor (76),29,5.0,2,1.0,83.0,,43.668528,-79.389679,2017-03-12 14:32:31.661532
15008626,88275502,Private room,,Waterfront Communities-The Island (77),12,5.0,2,1.0,91.0,,43.641149,-79.390445,2017-03-12 14:32:31.656657
8900646,46559053,Private room,,University (79),5,4.0,2,1.0,80.0,,43.666042,-79.406555,2017-03-12 14:32:28.154342
387077,304551,Private room,,University (79),1,0.0,1,1.0,68.0,,43.661474,-79.409646,2017-03-12 14:32:26.852251
6207350,11492876,Private room,,Waterfront Communities-The Island (77),1,0.0,2,1.0,73.0,,43.639034,-79.392018,2017-03-12 14:32:26.835901
8195595,43229847,Private room,,Bay Street Corridor (76),70,4.5,4,1.0,63.0,,43.656937,-79.382685,2017-03-12 14:32:15.479598
12190221,30609954,Private room,,Little Portugal (84),1,0.0,2,1.0,69.0,,43.642589,-79.428395,2017-03-12 14:32:04.390900
3938430,20405383,Private room,,Palmerston-Little Italy (80),14,4.5,2,1.0,67.0,,43.65622,-79.417569,2017-03-12 14:32:04.370001
4003578,14963497,Private room,,Greenwood-Coxwell (65),0,0.0,3,1.0,69.0,,43.682893,-79.324536,2017-03-12 14:31:58.389895
14388896,69831337,Private room,,South Parkdale (85),0,0.0,1,1.0,76.0,,43.639035,-79.423057,2017-03-12 14:31:58.387424
2115361,2811178,Private room,,Greenwood-Coxwell (65),0,0.0,4,1.0,76.0,,43.681609,-79.326108,2017-03-12 14:31:58.382931
1478446,735228,Private room,,South Riverdale (70),2,0.0,2,1.0,77.0,,43.659143,-79.34594,2017-03-12 14:31:58.372152
6269838,32583694,Private room,,South Riverdale (70),8,5.0,2,1.0,68.0,,43.664218,-79.340957,2017-03-12 14:31:52.042656
4711223,12015522,Private room,,Dovercourt-Wallace Emerson-Junction (93),0,0.0,2,1.0,76.0,,43.66517,-79.430813,2017-03-12 14:30:46.493690
11773563,62676831,Private room,,Islington-City Centre West (14),0,0.0,2,1.0,76.0,,43.608336,-79.55706,2017-03-12 14:30:44.941513
14005731,7560775,Private room,,Little Portugal (84),0,0.0,2,1.0,76.0,,43.641579,-79.423146,2017-03-12 14:30:44.931750
10320806,9956811,Private room,,Mount Dennis (115),1,0.0,1,1.0,72.0,,43.689835,-79.498718,2017-03-12 14:30:44.915966
8479942,32634677,Private room,,Waterfront Communities-The Island (77),9,4.5,2,1.0,66.0,,43.641428,-79.398511,2017-03-12 14:30:43.282430
9821219,6130861,Private room,,Palmerston-Little Italy (80),1,0.0,2,1.0,73.0,,43.660847,-79.426907,2017-03-12 14:30:41.897370
15629893,8678180,Private room,,Niagara (82),7,5.0,4,1.0,68.0,,43.64226,-79.408067,2017-03-12 14:30:41.892023
11242242,58631111,Private room,,Lambton Baby Point (114),0,0.0,1,1.0,76.0,,43.663846,-79.500073,2017-03-12 14:30:40.454823
12307992,38755248,Private room,,Annex (95),8,5.0,2,1.0,69.0,,43.666788,-79.416361,2017-03-12 14:30:39.149082
13453199,75953100,Private room,,Eringate-Centennial-West Deane (11),2,0.0,3,1.0,76.0,,43.656818,-79.570496,2017-03-12 14:30:39.123189
14841407,92868894,Private room,,Waterfront Communities-The Island (77),5,5.0,2,1.0,75.0,,43.640468,-79.389607,2017-03-12 14:30:37.838891
14843888,82520109,Private room,,Kensington-Chinatown (78),0,0.0,1,1.0,76.0,,43.658189,-79.395689,2017-03-12 14:30:37.836458
7763457,6196433,Private room,,Dovercourt-Wallace Emerson-Junction (93),1,0.0,2,1.0,68.0,,43.657764,-79.447592,2017-03-12 14:30:36.486211
14594478,26373233,Private room,,Mimico (includes Humber Bay Shores) (17),3,5.0,2,1.0,77.0,,43.619504,-79.50943,2017-03-12 14:30:36.474614
7901934,11709153,Private room,,Niagara (82),63,5.0,2,1.0,65.0,,43.639187,-79.417544,2017-03-12 14:30:36.467588
12397901,15173818,Private room,,Rockcliffe-Smythe (111),0,0.0,2,1.0,76.0,,43.666373,-79.50377,2017-03-12 14:30:35.260790
5019464,25895988,Private room,,Dovercourt-Wallace Emerson-Junction (93),0,0.0,2,1.0,75.0,,43.660513,-79.438653,2017-03-12 14:30:35.257048
13669699,20569552,Private room,,Trinity-Bellwoods (81),9,5.0,2,1.0,67.0,,43.647354,-79.419589,2017-03-12 14:30:35.252579
10340416,53215826,Private room,,Moss Park (73),0,0.0,2,1.0,67.0,,43.663223,-79.370795,2017-03-12 14:30:33.873862
15849978,102413232,Private room,,Kensington-Chinatown (78),0,0.0,2,1.0,81.0,,43.657014,-79.40219,2017-03-12 14:30:33.871721
1163847,794394,Private room,,Kensington-Chinatown (78),3,4.5,2,1.0,69.0,,43.654395,-79.402177,2017-03-12 14:30:33.865326
14994072,2987036,Private room,,Waterfront Communities-The Island (77),0,0.0,2,1.0,76.0,,43.641201,-79.396727,2017-03-12 14:30:33.862739
166742,794394,Private room,,Kensington-Chinatown (78),90,4.5,2,1.0,69.0,,43.655572,-79.400186,2017-03-12 14:30:33.859500
16854920,86385117,Private room,,Waterfront Communities-The Island (77),0,0.0,2,1.0,73.0,,43.649138,-79.388334,2017-03-12 14:30:33.854435
14695311,2987036,Private room,,Niagara (82),0,0.0,1,1.0,76.0,,43.636401,-79.405153,2017-03-12 14:30:33.850587
12708078,53494843,Private room,,Bay Street Corridor (76),8,5.0,2,1.0,79.0,,43.667609,-79.388776,2017-03-12 14:30:32.621575
4099598,21263852,Private room,,Church-Yonge Corridor (75),0,0.0,2,1.0,75.0,,43.669442,-79.385451,2017-03-12 14:30:32.617266
10702604,16247889,Private room,,Bay Street Corridor (76),0,0.0,2,1.0,74.0,,43.665953,-79.385353,2017-03-12 14:30:32.614718
12510233,57327845,Private room,,Bay Street Corridor (76),1,0.0,1,1.0,75.0,,43.657159,-79.384662,2017-03-12 14:30:32.612613
218804,1132399,Private room,,Church-Yonge Corridor (75),13,4.5,3,1.0,67.0,,43.667397,-79.380829,2017-03-12 14:30:32.609045
3960195,20523014,Private room,,Church-Yonge Corridor (75),0,0.0,2,1.0,76.0,,43.658233,-79.37555,2017-03-12 14:30:32.603316
14104157,25772138,Private room,,Moss Park (73),3,4.0,3,1.0,65.0,,43.655499,-79.361549,2017-03-12 14:30:32.593633
13684885,43309630,Private room,,South Riverdale (70),0,0.0,2,1.0,69.0,,43.661695,-79.352063,2017-03-12 14:30:32.590548
4057435,6744214,Private room,,University (79),9,5.0,2,1.0,69.0,,43.659629,-79.40398,2017-03-12 14:30:30.996137
9571888,7877429,Private room,,Annex (95),0,0.0,2,1.0,76.0,,43.671921,-79.396091,2017-03-12 14:30:30.993650
10042146,11627597,Private room,,Waterfront Communities-The Island (77),0,0.0,10,1.0,67.0,,43.642844,-79.382059,2017-03-12 14:30:30.991218
7475057,27164732,Private room,,Kensington-Chinatown (78),6,5.0,1,1.0,65.0,,43.654904,-79.391077,2017-03-12 14:30:30.988294
11800033,20446038,Private room,,Waterfront Communities-The Island (77),0,0.0,2,1.0,65.0,,43.641977,-79.401145,2017-03-12 14:30:30.984295
3768137,17051440,Private room,,Bay Street Corridor (76),18,5.0,1,1.0,70.0,,43.668787,-79.388972,2017-03-12 14:30:30.972346
6459021,882837,Private room,,Victoria Village (43),0,0.0,2,1.0,76.0,,43.725869,-79.313664,2017-03-12 14:30:30.969468
12931033,63170134,Private room,,Church-Yonge Corridor (75),7,5.0,2,1.0,65.0,,43.670446,-79.380164,2017-03-12 14:30:30.962614
6290522,28181139,Private room,,Bay Street Corridor (76),7,4.0,2,1.0,64.0,,43.66833,-79.38905,2017-03-12 14:30:29.739454
283934,1367540,Private room,,Moss Park (73),35,4.0,2,1.0,67.0,,43.656518,-79.372687,2017-03-12 14:30:29.737229
8150048,7147027,Private room,,Waterfront Communities-The Island (77),6,3.0,2,1.0,76.0,,43.639975,-79.390688,2017-03-12 14:30:29.726508
7024932,34952111,Private room,,Church-Yonge Corridor (75),0,0.0,1,1.0,64.0,,43.655065,-79.378398,2017-03-12 14:30:29.723806
12042298,49133533,Private room,,Moss Park (73),0,0.0,2,1.0,72.0,,43.6526,-79.372074,2017-03-12 14:30:29.713659
148945,718884,Private room,,Waterfront Communities-The Island (77),17,5.0,2,1.0,67.0,,43.648355,-79.363018,2017-03-12 14:30:29.710167
7948668,41916653,Private room,,The Beaches (63),0,0.0,4,1.0,73.0,,43.671779,-79.283442,2017-03-12 14:30:28.021979
13734555,80372423,Private room,,Waterfront Communities-The Island (77),1,0.0,2,1.0,76.0,,43.640395,-79.398563,2017-03-12 14:30:28.019244
14042647,84158658,Private room,,Waterfront Communities-The Island (77),5,5.0,1,1.0,65.0,,43.64428,-79.378353,2017-03-12 14:30:28.006937
1805585,464885,Private room,,Waterfront Communities-The Island (77),57,5.0,2,1.0,75.0,,43.645823,-79.39752,2017-03-12 14:30:28.001579
13980876,81104754,Private room,,Waterfront Communities-The Island (77),8,4.5,2,1.0,75.0,,43.641915,-79.376255,2017-03-12 14:30:26.674233
11145638,4350429,Private room,,North Riverdale (68),0,0.0,2,1.0,73.0,,43.675788,-79.344664,2017-03-12 14:30:26.671689
13685309,57767434,Private room,,Church-Yonge Corridor (75),2,0.0,2,1.0,69.0,,43.671335,-79.380949,2017-03-12 14:30:26.661886
12057866,64588183,Private room,,East End-Danforth (62),1,0.0,2,1.0,76.0,,43.678949,-79.298956,2017-03-12 14:30:26.659378
15351635,91591486,Private room,,Cabbagetown-South St.James Town (71),7,4.5,1,1.0,69.0,,43.665457,-79.377477,2017-03-12 14:30:26.651284
9663923,49943232,Private room,,Bay Street Corridor (76),31,5.0,2,1.0,63.0,,43.666656,-79.387265,2017-03-12 14:30:24.601156
13990967,83526240,Private room,,South Riverdale (70),1,0.0,3,1.0,64.0,,43.666298,-79.334677,2017-03-12 14:30:24.591226
2091400,9830598,Private room,,South Riverdale (70),9,5.0,3,1.0,76.0,,43.666833,-79.336266,2017-03-12 14:30:23.206404
6560021,31447149,Private room,,The Beaches (63),9,5.0,2,1.0,65.0,,43.667635,-79.306164,2017-03-12 14:30:23.180943
5247720,27158478,Private room,,University (79),81,5.0,2,1.0,69.0,,43.659712,-79.404854,2017-03-12 14:30:22.035149
5208827,22306885,Private room,,Waterfront Communities-The Island (77),9,4.5,1,1.0,76.0,,43.646963,-79.392004,2017-03-12 14:30:22.032568
13876367,45483199,Private room,,Annex (95),11,5.0,2,1.0,65.0,,43.67269,-79.404377,2017-03-12 14:30:22.029951
1660294,8759373,Private room,,University (79),48,5.0,3,1.0,73.0,,43.6595,-79.403856,2017-03-12 14:30:22.020859
13899773,38677739,Private room,,Waterfront Communities-The Island (77),12,5.0,2,1.0,64.0,,43.642636,-79.39304,2017-03-12 14:30:20.591892
15889933,13757543,Private room,,Waterfront Communities-The Island (77),3,5.0,2,1.0,67.0,,43.63732,-79.398974,2017-03-12 14:30:20.589660
3231071,16352816,Private room,,Birchcliffe-Cliffside (122),0,0.0,2,1.0,65.0,,43.682271,-79.283521,2017-03-12 14:30:20.583011
7577825,26500014,Private room,,Niagara (82),0,0.0,2,1.0,192.0,,43.640481,-79.415261,2017-03-12 14:33:00.576059
14951009,75311189,Private room,,Waterfront Communities-The Island (77),0,0.0,2,1.0,192.0,,43.647949,-79.38771,2017-03-12 14:33:00.573534
4673452,24175706,Private room,,Little Portugal (84),11,5.0,2,1.0,191.0,,43.64681,-79.425229,2017-03-12 14:33:00.570785
14042668,83429318,Private room,,Waterfront Communities-The Island (77),1,0.0,2,1.0,192.0,,43.64271,-79.381128,2017-03-12 14:33:00.568842
6085633,29855544,Private room,,Weston (113),1,0.0,2,1.0,192.0,,43.701913,-79.506119,2017-03-12 14:33:00.566231
17529776,118873988,Private room,,Waterfront Communities-The Island (77),0,0.0,2,2.0,187.0,,43.644395,-79.390608,2017-03-12 14:33:00.564103
8353850,20667851,Private room,,Regent Park (72),14,4.5,2,1.0,192.0,,43.656488,-79.36367,2017-03-12 14:33:00.561689
9873194,50807051,Private room,,Rockcliffe-Smythe (111),4,5.0,7,6.0,152.0,,43.667952,-79.493411,2017-03-12 14:32:58.913401
9487719,49174503,Private room,,Niagara (82),1,0.0,4,1.0,152.0,,43.63983,-79.412,2017-03-12 14:32:58.889180
10277672,32532491,Private room,,East End-Danforth (62),0,0.0,2,1.0,152.0,,43.685181,-79.298947,2017-03-12 14:32:57.774394
447884,200354,Private room,,Kensington-Chinatown (78),1,0.0,2,1.0,152.0,,43.656462,-79.403096,2017-03-12 14:32:57.771610
1066205,4010527,Private room,,Moss Park (73),2,0.0,4,1.0,152.0,,43.655428,-79.371059,2017-03-12 14:32:57.768604
10414817,12724147,Private room,,Banbury-Don Mills (42),1,0.0,2,1.0,152.0,,43.736789,-79.359415,2017-03-12 14:32:57.766499
10415373,12724147,Private room,,Banbury-Don Mills (42),1,0.0,4,1.0,152.0,,43.736681,-79.359967,2017-03-12 14:32:57.762606
10415430,12724147,Private room,,Banbury-Don Mills (42),2,0.0,2,1.0,152.0,,43.736229,-79.357922,2017-03-12 14:32:57.760399
1170311,2215759,Private room,,Waterfront Communities-The Island (77),0,0.0,1,1.0,157.0,,43.644022,-79.391108,2017-03-12 14:32:57.757642
10414361,12724147,Private room,,Banbury-Don Mills (42),4,5.0,2,1.0,152.0,,43.735762,-79.359587,2017-03-12 14:32:57.755275
16203462,74672680,Private room,,Rosedale-Moore Park (98),4,5.0,5,2.0,75.0,,43.676418,-79.38757,2017-03-12 14:30:20.570577
1214144,6627847,Private room,,Church-Yonge Corridor (75),96,5.0,2,1.0,76.0,,43.664825,-79.383878,2017-03-12 14:30:20.563928
13513524,9142903,Private room,,North St.James Town (74),1,0.0,2,1.0,76.0,,43.670379,-79.375983,2017-03-12 14:30:19.916262
16071947,104715525,Private room,,Waterfront Communities-The Island (77),4,5.0,2,1.0,69.0,,43.638805,-79.39256,2017-03-12 14:30:19.909766
10791293,55843503,Private room,,North St.James Town (74),27,5.0,2,1.0,75.0,,43.668106,-79.376593,2017-03-12 14:30:19.896312
11571237,8015079,Private room,,The Beaches (63),16,5.0,2,1.0,80.0,,43.666741,-79.299566,2017-03-12 14:30:19.892426
13724755,22371065,Private room,,Kensington-Chinatown (78),29,5.0,2,1.0,68.0,,43.650126,-79.403021,2017-03-12 14:30:19.889735
10278895,42482578,Private room,,North Riverdale (68),31,5.0,2,1.0,69.0,,43.678244,-79.346865,2017-03-12 14:30:18.787657
6222125,29508855,Private room,,Waterfront Communities-The Island (77),29,5.0,2,1.0,65.0,,43.647249,-79.3685,2017-03-12 14:30:17.453405
13928912,5409888,Private room,,Waterfront Communities-The Island (77),6,5.0,2,1.0,82.0,,43.642385,-79.397606,2017-03-12 14:30:17.435218
16362158,92350371,Private room,,Waterfront Communities-The Island (77),3,5.0,2,1.0,67.0,,43.641798,-79.376166,2017-03-12 14:30:16.181333
16983471,87019794,Private room,,Waterfront Communities-The Island (77),0,0.0,2,1.0,73.0,,43.643386,-79.379845,2017-03-12 14:30:16.174078
14847340,92932394,Private room,,Danforth (66),1,0.0,2,0.0,64.0,,43.684072,-79.326545,2017-03-12 14:30:16.164851
15093682,42721568,Private room,,Moss Park (73),7,4.5,1,1.0,76.0,,43.657782,-79.374429,2017-03-12 14:30:16.162392
6912820,10827057,Private room,,The Beaches (63),20,5.0,2,1.0,73.0,,43.669334,-79.302896,2017-03-12 14:30:16.150984
13786132,8569918,Private room,,Yonge-Eglinton (100),0,0.0,4,1.0,68.0,,43.705785,-79.406114,2017-03-12 14:30:14.207506
10032578,8569918,Private room,,Yonge-Eglinton (100),1,0.0,3,1.0,67.0,,43.704819,-79.406458,2017-03-12 14:30:14.194534
1026381,5650707,Private room,,West Humber-Clairville (1),0,0.0,2,1.0,78.0,,43.721595,-79.584423,2017-03-12 14:30:14.189708
2881306,14700210,Private room,,Newtonbrook West (36),0,0.0,3,1.0,76.0,,43.780227,-79.426232,2017-03-12 14:30:14.168547
3697831,18840219,Private room,,Weston (113),0,0.0,1,1.0,69.0,,43.702796,-79.515758,2017-03-12 14:30:12.605699
3520729,12553512,Private room,,Willowdale East (51),0,0.0,2,1.0,73.0,,43.766918,-79.409927,2017-03-12 14:30:12.596269
2536696,9956811,Private room,,Mount Dennis (115),3,4.5,2,1.0,82.0,,43.691521,-79.497565,2017-03-12 14:30:12.592216
16301661,106207804,Private room,,Humbermede (22),0,0.0,2,1.0,67.0,,43.746307,-79.55206,2017-03-12 14:30:10.618657
285116,698423,Private room,,Kingsview Village-The Westway (6),0,0.0,2,1.0,76.0,,43.691426,-79.543838,2017-03-12 14:30:10.606365
13591664,78527163,Private room,,Lansing-Westgate (38),4,5.0,4,1.0,73.0,,43.764495,-79.413275,2017-03-12 14:30:10.603775
6516060,34072826,Private room,,West Humber-Clairville (1),0,0.0,2,1.0,65.0,,43.732386,-79.601268,2017-03-12 14:30:10.582525
9261177,9956811,Private room,,Mount Dennis (115),0,0.0,2,1.0,72.0,,43.691768,-79.497011,2017-03-12 14:30:09.124636
2881026,14700210,Private room,,Newtonbrook West (36),1,0.0,2,1.0,76.0,,43.779961,-79.426291,2017-03-12 14:30:09.120514
14773316,92182288,Private room,,Downsview-Roding-CFB (26),0,0.0,2,1.0,76.0,,43.719591,-79.516419,2017-03-12 14:30:09.116677
16718126,90498676,Private room,,Newtonbrook West (36),0,0.0,2,1.0,67.0,,43.780288,-79.423207,2017-03-12 14:30:09.109382
16862068,112190153,Private room,,Willowdale East (51),0,0.0,2,1.0,82.0,,43.772466,-79.408896,2017-03-12 14:30:09.097085
16884672,112008187,Private room,,West Humber-Clairville (1),0,0.0,1,1.0,82.0,,43.732202,-79.577235,2017-03-12 14:30:07.118460
8626098,10734852,Private room,,Westminster-Branson (35),1,0.0,1,1.0,75.0,,43.790038,-79.455497,2017-03-12 14:30:07.091295
4045122,17219446,Private room,,Mount Pleasant East (99),0,0.0,2,1.0,82.0,,43.71256,-79.398517,2017-03-12 14:30:04.348770
1608984,8569918,Private room,,Yonge-Eglinton (100),4,4.5,2,1.0,72.0,,43.703773,-79.404918,2017-03-12 14:30:04.345721
11692411,43424969,Private room,,West Hill (136),0,0.0,6,1.0,68.0,,43.757617,-79.190193,2017-03-12 14:30:04.343634
1652086,8569918,Private room,,Yonge-Eglinton (100),3,4.5,4,1.0,75.0,,43.705247,-79.405323,2017-03-12 14:30:04.340996
1609963,8569918,Private room,,Yonge-Eglinton (100),6,5.0,2,1.0,68.0,,43.704686,-79.405162,2017-03-12 14:30:04.337478
2736265,13777341,Private room,,Mount Pleasant West (104),17,5.0,2,1.0,68.0,,43.710431,-79.394689,2017-03-12 14:30:04.331042
11369142,28525700,Private room,,Mount Pleasant East (99),0,0.0,4,1.0,76.0,,43.702013,-79.387344,2017-03-12 14:30:04.327710
8191243,2243069,Private room,,Mount Pleasant West (104),1,0.0,2,1.0,76.0,,43.700876,-79.393517,2017-03-12 14:30:04.321830
15059684,95205754,Private room,,Hillcrest Village (48),0,0.0,3,1.0,82.0,,43.803542,-79.363906,2017-03-12 14:30:04.319134
15976615,76758893,Private room,,Yonge-St.Clair (97),1,0.0,2,1.0,76.0,,43.691664,-79.397132,2017-03-12 14:30:04.316734
5990426,31101343,Private room,,Newtonbrook East (50),0,0.0,2,1.0,76.0,,43.794812,-79.403279,2017-03-12 14:30:04.307835
13898341,82357399,Private room,,Mount Pleasant West (104),4,5.0,1,1.0,65.0,,43.708244,-79.395141,2017-03-12 14:30:04.305226
14693852,6001374,Private room,,Leaside-Bennington (56),4,5.0,1,1.0,63.0,,43.716278,-79.377038,2017-03-12 14:30:02.752971
2692019,13777341,Private room,,Mount Pleasant West (104),12,5.0,2,1.0,68.0,,43.703045,-79.394363,2017-03-12 14:30:02.731663
8250161,43507661,Private room,,Victoria Village (43),1,0.0,1,1.0,75.0,,43.7199,-79.308143,2017-03-12 14:30:01.125320
13896289,82329751,Private room,,Mount Pleasant West (104),14,5.0,4,1.0,65.0,,43.69852,-79.390657,2017-03-12 14:30:01.122107
883173,4639094,Private room,,Pleasant View (46),9,4.5,3,1.0,67.0,,43.800255,-79.335139,2017-03-12 14:30:01.118872
15222061,38879630,Private room,,Clairlea-Birchmount (120),0,0.0,1,1.0,72.0,,43.708257,-79.288437,2017-03-12 14:30:01.109359
11155805,41110401,Private room,,Centennial Scarborough (133),0,0.0,2,1.0,76.0,,43.783616,-79.154039,2017-03-12 14:30:01.103173
3711878,18940949,Private room,,L'Amoreaux (117),0,0.0,1,1.0,69.0,,43.795659,-79.31188,2017-03-12 14:30:01.100875
6179574,26560156,Private room,,Wexford/Maryvale (119),0,0.0,2,1.0,69.0,,43.765735,-79.303018,2017-03-12 14:30:01.088995
5036573,16375413,Private room,,Mount Pleasant East (99),7,5.0,2,1.0,73.0,,43.705919,-79.378617,2017-03-12 14:29:59.440795
14358150,87719469,Private room,,Danforth East York (59),5,5.0,2,1.0,64.0,,43.693546,-79.321045,2017-03-12 14:29:59.428290
1152834,6318013,Private room,,Scarborough Village (139),0,0.0,2,1.0,79.0,,43.732931,-79.220994,2017-03-12 14:29:59.425898
17270758,100666518,Private room,,Cliffcrest (123),0,0.0,4,2.0,67.0,,43.720438,-79.223909,2017-03-12 14:29:59.412770
12085545,26791298,Private room,,Tam O'Shanter-Sullivan (118),0,0.0,2,1.0,76.0,,43.784192,-79.308963,2017-03-12 14:29:59.407521
4566291,9867720,Private room,,Trinity-Bellwoods (81),0,0.0,1,1.0,75.0,,43.647163,-79.407999,2017-03-12 14:29:56.848600
6957466,36479610,Private room,,Niagara (82),0,0.0,3,1.0,76.0,,43.644584,-79.404542,2017-03-12 14:29:56.846132
177097,847074,Private room,,Mount Pleasant East (99),0,0.0,2,1.0,65.0,,43.706551,-79.376732,2017-03-12 14:29:56.843019
4068786,21101910,Private room,,Bay Street Corridor (76),4,5.0,6,2.0,68.0,,43.659296,-79.38334,2017-03-12 14:29:56.839516
14698221,44529139,Private room,,Newtonbrook West (36),2,0.0,2,1.0,73.0,,43.782958,-79.431956,2017-03-12 14:29:56.837007
6677680,34951044,Private room,,O'Connor-Parkview (54),0,0.0,2,1.0,76.0,,43.703752,-79.296095,2017-03-12 14:29:56.832496
5778276,29977750,Private room,,Guildwood (140),0,0.0,1,1.0,76.0,,43.750062,-79.186728,2017-03-12 14:29:56.830015
15662626,101122748,Private room,,High Park North (88),0,0.0,2,1.0,68.0,,43.654991,-79.47387,2017-03-12 14:29:56.825723
13464741,66650772,Private room,,Stonegate-Queensway (16),3,5.0,2,1.0,82.0,,43.639867,-79.502377,2017-03-12 14:29:56.821214
8442686,44450561,Private room,,The Beaches (63),0,0.0,2,1.0,75.0,,43.676537,-79.298588,2017-03-12 14:29:54.997430
9748232,13282047,Private room,,Little Portugal (84),0,0.0,2,1.0,75.0,,43.643687,-79.427568,2017-03-12 14:29:54.992094
14335430,27650741,Private room,,Niagara (82),4,5.0,2,1.0,65.0,,43.638479,-79.414981,2017-03-12 14:29:54.986781
8189495,43198035,Private room,,The Beaches (63),6,4.0,2,1.0,64.0,,43.667213,-79.305293,2017-03-12 14:29:54.982063
1631083,8569918,Private room,,Yonge-Eglinton (100),6,5.0,2,1.0,64.0,,43.704407,-79.404885,2017-03-12 14:29:54.971887
2124858,6884061,Private room,,The Beaches (63),23,4.5,2,1.0,65.0,,43.675332,-79.287273,2017-03-12 14:29:54.964551
11606709,58631111,Private room,,Lambton Baby Point (114),0,0.0,1,1.0,76.0,,43.662167,-79.500374,2017-03-12 14:29:54.958181
3497790,15421263,Private room,,Kensington-Chinatown (78),17,5.0,2,1.0,80.0,,43.650053,-79.404869,2017-03-12 14:29:53.555635
15178469,96340345,Private room,,Danforth East York (59),1,0.0,2,1.0,68.0,,43.683773,-79.342855,2017-03-12 14:29:53.553409
4773129,24258722,Private room,,Parkwoods-Donalda (45),0,0.0,2,1.0,67.0,,43.761584,-79.327201,2017-03-12 14:29:53.551181
349827,1772659,Private room,,Waterfront Communities-The Island (77),66,4.5,2,1.0,69.0,,43.648955,-79.388002,2017-03-12 14:29:53.546462
7644147,17521891,Private room,,Waterfront Communities-The Island (77),16,5.0,1,1.0,75.0,,43.645411,-79.389677,2017-03-12 14:29:53.542350
14595346,26373233,Private room,,Mimico (includes Humber Bay Shores) (17),0,0.0,2,1.0,77.0,,43.618822,-79.509261,2017-03-12 14:29:53.536167
2930411,14963497,Private room,,Greenwood-Coxwell (65),6,4.5,2,1.0,65.0,,43.681272,-79.326576,2017-03-12 14:29:53.531025
13376406,75987640,Private room,,Don Valley Village (47),2,0.0,2,1.0,76.0,,43.786464,-79.343442,2017-03-12 14:29:53.525737
6974899,36573544,Private room,,Niagara (82),0,0.0,2,1.0,68.0,,43.643091,-79.415384,2017-03-12 14:29:53.521777
15436197,3848196,Private room,,Waterfront Communities-The Island (77),3,4.5,2,1.0,75.0,,43.648867,-79.391675,2017-03-12 14:29:53.519164
11587832,58631111,Private room,,Lambton Baby Point (114),0,0.0,1,1.0,76.0,,43.663695,-79.500733,2017-03-12 14:29:52.745424
6291691,18818787,Private room,,Pelmo Park-Humberlea (23),3,5.0,2,1.0,77.0,,43.732712,-79.536745,2017-03-12 14:29:52.742851
16498556,108372849,Private room,,Kensington-Chinatown (78),1,0.0,1,2.0,69.0,,43.65286,-79.388041,2017-03-12 14:29:52.740736
5445250,28234612,Private room,,Briar Hill-Belgravia (108),0,0.0,2,1.0,76.0,,43.702238,-79.441814,2017-03-12 14:29:52.731241
11443005,12445883,Private room,,Bay Street Corridor (76),18,4.5,2,1.0,69.0,,43.653592,-79.38742,2017-03-12 14:29:52.718508
15857865,24735154,Private room,,Niagara (82),0,0.0,2,1.0,81.0,,43.638476,-79.414981,2017-03-12 14:29:52.712557
14685439,68313380,Private room,,Kensington-Chinatown (78),5,5.0,2,1.0,82.0,,43.655036,-79.39335,2017-03-12 14:29:52.707025
10066241,51654668,Private room,,Little Portugal (84),1,0.0,1,1.0,67.0,,43.648443,-79.429657,2017-03-12 14:29:52.703975
14978922,2538759,Private room,,Junction Area (90),1,0.0,2,1.0,76.0,,43.662661,-79.466812,2017-03-12 14:29:49.964667
12796780,22771222,Private room,,Church-Yonge Corridor (75),9,5.0,2,1.0,73.0,,43.666281,-79.385089,2017-03-12 14:29:49.962505
1182952,6471063,Private room,,York University Heights (27),0,0.0,1,1.0,82.0,,43.765992,-79.499318,2017-03-12 14:29:49.959468
10273083,16478851,Private room,,University (79),34,5.0,2,1.0,69.0,,43.659583,-79.405539,2017-03-12 14:29:49.953525
8459309,44529139,Private room,,Newtonbrook West (36),1,0.0,2,1.0,68.0,,43.782164,-79.431797,2017-03-12 14:29:49.949067
365021,1843167,Private room,,Lawrence Park South (103),1,0.0,2,1.0,65.0,,43.714528,-79.405633,2017-03-12 14:29:49.946279
13467418,77017395,Private room,,Little Portugal (84),1,0.0,2,1.0,72.0,,43.641091,-79.424448,2017-03-12 14:29:49.942118
7130705,3848196,Private room,,Waterfront Communities-The Island (77),16,5.0,2,1.0,69.0,,43.646586,-79.390034,2017-03-12 14:29:49.938990
4241836,18765316,Private room,,Mount Pleasant West (104),0,0.0,2,1.0,72.0,,43.698404,-79.391528,2017-03-12 14:29:49.936110
4688747,21378321,Private room,,Woodbine Corridor (64),5,5.0,2,1.0,65.0,,43.681555,-79.318658,2017-03-12 14:29:49.933045
6728860,35236863,Private room,,Little Portugal (84),4,5.0,2,1.0,80.0,,43.64368,-79.427379,2017-03-12 14:29:49.929226
6678744,3066256,Private room,,Niagara (82),19,5.0,2,1.0,65.0,,43.643799,-79.407042,2017-03-12 14:29:49.925675
13801681,81167798,Private room,,Waterfront Communities-The Island (77),0,0.0,2,1.0,76.0,,43.644232,-79.391835,2017-03-12 14:29:49.920736
15846545,3726659,Private room,,Waterfront Communities-The Island (77),3,5.0,2,1.0,65.0,,43.640763,-79.398479,2017-03-12 14:29:47.210347
9879646,50832133,Private room,,Pelmo Park-Humberlea (23),7,5.0,2,1.0,65.0,,43.729903,-79.531631,2017-03-12 14:29:47.197329
4033276,36169809,Private room,,University (79),42,5.0,4,1.0,65.0,,43.658788,-79.402867,2017-03-12 14:29:47.191602
16686104,38876307,Private room,,Waterfront Communities-The Island (77),2,0.0,2,1.0,72.0,,43.641376,-79.393355,2017-03-12 14:29:47.187382
13862919,22839912,Private room,,The Beaches (63),0,0.0,1,1.0,65.0,,43.667538,-79.308577,2017-03-12 14:29:47.183617
11736165,2365223,Private room,,Bedford Park-Nortown (39),14,4.5,2,1.0,65.0,,43.721654,-79.430268,2017-03-12 14:29:47.180552
6228262,32238051,Private room,,Bay Street Corridor (76),38,4.0,2,1.0,69.0,,43.66118,-79.386708,2017-03-12 14:29:45.561635
3264728,1170217,Private room,,Church-Yonge Corridor (75),11,4.5,2,1.0,69.0,,43.660514,-79.378584,2017-03-12 14:29:45.557018
10596818,3013109,Private room,,Cabbagetown-South St.James Town (71),2,0.0,2,1.0,64.0,,43.665925,-79.377196,2017-03-12 14:29:45.554848
12092730,21008846,Private room,,Waterfront Communities-The Island (77),5,4.5,2,1.0,65.0,,43.642287,-79.380928,2017-03-12 14:29:45.552216
11434510,60078962,Private room,,Annex (95),3,5.0,2,1.0,80.0,,43.671051,-79.39106,2017-03-12 14:29:45.549364
16456083,107954352,Private room,,Waterfront Communities-The Island (77),2,0.0,2,1.0,67.0,,43.641732,-79.384443,2017-03-12 14:29:45.545380
6895274,5187901,Private room,,Trinity-Bellwoods (81),0,0.0,1,1.0,76.0,,43.653869,-79.409931,2017-03-12 14:29:45.543175
1691193,8934588,Private room,,Roncesvalles (86),7,4.5,2,1.0,69.0,,43.644057,-79.432474,2017-03-12 14:29:45.540701
8605956,26054022,Private room,,Bay Street Corridor (76),1,0.0,2,1.0,76.0,,43.668189,-79.389596,2017-03-12 14:29:45.536315
8932992,46705739,Private room,,Moss Park (73),0,0.0,2,1.0,65.0,,43.657288,-79.369664,2017-03-12 14:29:45.533888
13654878,4558119,Private room,,Willowdale East (51),5,4.5,1,1.0,65.0,,43.77015,-79.412925,2017-03-12 14:29:45.531316
1036728,5707227,Private room,,Waterfront Communities-The Island (77),71,5.0,1,1.0,67.0,,43.646577,-79.37435,2017-03-12 14:29:45.527134
8168928,8556362,Private room,,Waterfront Communities-The Island (77),0,0.0,2,1.0,76.0,,43.646454,-79.370419,2017-03-12 14:29:43.892036
3994151,20705430,Private room,,Yonge-St.Clair (97),22,5.0,2,1.0,69.0,,43.683079,-79.395375,2017-03-12 14:29:43.889234
13186587,73574442,Private room,,L'Amoreaux (117),1,0.0,2,1.0,75.0,,43.782462,-79.325808,2017-03-12 14:29:43.886912
15755896,28524588,Private room,,Mimico (includes Humber Bay Shores) (17),0,0.0,2,1.0,81.0,,43.628962,-79.477096,2017-03-12 14:29:34.604979
6015246,31223572,Private room,,East End-Danforth (62),0,0.0,2,1.0,73.0,,43.681824,-79.30679,2017-03-12 14:29:34.601187
14819407,17403496,Private room,,Casa Loma (96),6,4.5,2,1.0,75.0,,43.679502,-79.409275,2017-03-12 14:29:34.598890
14275496,34751006,Private room,,Maple Leaf (29),0,0.0,2,1.0,76.0,,43.714838,-79.470887,2017-03-12 14:29:34.596606
13769120,35585996,Private room,,Trinity-Bellwoods (81),8,5.0,2,1.0,69.0,,43.647748,-79.404493,2017-03-12 14:29:34.592743
14571438,90250855,Private room,,Danforth East York (59),8,5.0,2,1.0,69.0,,43.690285,-79.341187,2017-03-12 14:29:34.589708
17434280,31599133,Private room,,Palmerston-Little Italy (80),0,0.0,2,1.0,76.0,,43.657938,-79.413439,2017-03-12 14:29:34.584701
13251983,13757543,Private room,,Waterfront Communities-The Island (77),1,0.0,2,1.0,75.0,,43.639479,-79.397177,2017-03-12 14:29:34.582230
16234081,92703465,Private room,,Waterfront Communities-The Island (77),0,0.0,2,1.0,76.0,,43.640693,-79.392071,2017-03-12 14:29:32.805784
11592311,61100147,Private room,,Waterfront Communities-The Island (77),1,0.0,1,1.0,76.0,,43.642215,-79.376831,2017-03-12 14:29:32.803278
15345927,65810386,Private room,,Danforth East York (59),0,0.0,2,1.0,76.0,,43.688418,-79.330064,2017-03-12 14:29:32.799526
7871463,44259,Private room,,Palmerston-Little Italy (80),21,5.0,2,1.0,69.0,,43.66054,-79.411311,2017-03-12 14:29:32.796981
1098052,1503003,Private room,,Church-Yonge Corridor (75),2,0.0,2,1.0,67.0,,43.660486,-79.382647,2017-03-12 14:29:32.789561
7394001,11069857,Private room,,Niagara (82),17,5.0,2,1.0,73.0,,43.643746,-79.404101,2017-03-12 14:29:32.785199
13446236,76765799,Private room,,Waterfront Communities-The Island (77),0,0.0,1,1.0,63.0,,43.643508,-79.376478,2017-03-12 14:29:32.780892
6275066,17618290,Private room,,Bay Street Corridor (76),8,5.0,2,1.0,70.0,,43.662202,-79.384737,2017-03-12 14:29:32.778544
3339294,13066292,Private room,,Little Portugal (84),84,5.0,2,1.0,67.0,,43.648309,-79.431921,2017-03-12 14:29:32.776081
5974158,10170673,Private room,,Ionview (125),0,0.0,2,1.0,67.0,,43.738237,-79.265344,2017-03-12 14:29:32.773944
6424180,33519077,Private room,,Annex (95),16,5.0,2,1.0,75.0,,43.671889,-79.412905,2017-03-12 14:29:32.771726
13096160,72717868,Private room,,Eglinton East (138),0,0.0,1,1.0,76.0,,43.736331,-79.26278,2017-03-12 14:29:32.762882
3621901,2869772,Private room,,Mimico (includes Humber Bay Shores) (17),3,4.0,2,1.0,75.0,,43.609069,-79.487211,2017-03-12 14:29:32.759990
6659510,17093082,Private room,,Kensington-Chinatown (78),13,5.0,2,1.0,76.0,,43.650368,-79.402878,2017-03-12 14:29:31.212154
15537306,17471,Private room,,Wychwood (94),1,0.0,1,1.0,69.0,,43.677517,-79.42266,2017-03-12 14:29:31.209963
17379885,50484087,Private room,,Annex (95),1,0.0,2,1.0,73.0,,43.672398,-79.396513,2017-03-12 14:29:31.201321
17162109,115442293,Private room,,Waterfront Communities-The Island (77),0,0.0,2,2.0,72.0,,43.638746,-79.398604,2017-03-12 14:29:31.197326
17029935,62920808,Private room,,High Park North (88),1,0.0,1,1.0,69.0,,43.658897,-79.461533,2017-03-12 14:29:31.195071
5636513,10112715,Private room,,Greenwood-Coxwell (65),0,0.0,2,1.0,73.0,,43.679825,-79.329222,2017-03-12 14:29:31.188628
15178263,15483061,Private room,,Waterfront Communities-The Island (77),0,0.0,2,1.0,75.0,,43.650988,-79.358614,2017-03-12 14:29:31.184576
8797878,15833184,Private room,,Church-Yonge Corridor (75),0,0.0,2,1.0,76.0,,43.650514,-79.376565,2017-03-12 14:29:31.181662
6078984,22686317,Private room,,East End-Danforth (62),11,5.0,2,1.0,75.0,,43.683661,-79.293981,2017-03-12 14:29:31.178060
14912390,12218035,Private room,,Niagara (82),1,0.0,1,1.0,75.0,,43.637564,-79.41455,2017-03-12 14:29:31.175080
7884629,41564654,Private room,,Yonge-St.Clair (97),0,0.0,1,1.0,75.0,,43.685918,-79.398617,2017-03-12 14:29:31.169547
6371425,33201886,Private room,,Roncesvalles (86),5,5.0,2,1.0,73.0,,43.644233,-79.435845,2017-03-12 14:29:31.166007
13544875,17081770,Private room,,Waterfront Communities-The Island (77),1,0.0,2,1.0,76.0,,43.6423,-79.377657,2017-03-12 14:29:28.804521
16229062,24930689,Private room,,Niagara (82),0,0.0,2,1.0,76.0,,43.636376,-79.401459,2017-03-12 14:29:28.802214
16120710,1004972,Private room,,Waterfront Communities-The Island (77),2,0.0,2,1.0,75.0,,43.649391,-79.369114,2017-03-12 14:29:28.798509
14248885,74055807,Private room,,Woodbine Corridor (64),1,0.0,2,1.0,76.0,,43.684644,-79.31263,2017-03-12 14:29:28.796098
17661589,90068148,Private room,,Newtonbrook East (50),0,0.0,2,1.0,65.0,,43.800309,-79.396206,2017-03-12 14:29:28.793726
6756368,32876233,Private room,,Cabbagetown-South St.James Town (71),35,5.0,2,1.0,65.0,,43.663273,-79.376117,2017-03-12 14:29:28.789934
15287822,97313629,Private room,,North St.James Town (74),8,5.0,2,1.0,73.0,,43.667609,-79.376082,2017-03-12 14:29:28.787592
12113249,53865583,Private room,,Waterfront Communities-The Island (77),55,5.0,2,1.0,65.0,,43.639673,-79.39657,2017-03-12 14:29:28.784831
12965381,24113111,Private room,,Kensington-Chinatown (78),0,0.0,2,1.0,76.0,,43.654765,-79.390786,2017-03-12 14:29:28.781019
16491514,7500551,Private room,,Annex (95),0,0.0,2,1.0,68.0,,43.667538,-79.412059,2017-03-12 14:29:28.778214
16992448,18937979,Private room,,Waterfront Communities-The Island (77),0,0.0,1,1.0,67.0,,43.640892,-79.392738,2017-03-12 14:29:28.774652
13334524,36218920,Private room,,Waterfront Communities-The Island (77),35,5.0,2,1.0,69.0,,43.647754,-79.39373,2017-03-12 14:29:28.768780
13751928,80576829,Private room,,Kensington-Chinatown (78),6,4.0,2,1.0,68.0,,43.651622,-79.391085,2017-03-12 14:29:28.766142
14919355,55547561,Private room,,Mount Pleasant East (99),6,5.0,2,1.0,73.0,,43.695714,-79.39515,2017-03-12 14:29:28.759676
17251978,106413151,Private room,,Mount Dennis (115),0,0.0,2,1.0,76.0,,43.690585,-79.496347,2017-03-12 14:29:28.757674
12153296,18381573,Private room,,Waterfront Communities-The Island (77),52,5.0,2,1.0,81.0,,43.642019,-79.392804,2017-03-12 14:29:28.755302
13769267,80526962,Private room,,Waterfront Communities-The Island (77),1,0.0,2,1.0,73.0,,43.638719,-79.383189,2017-03-12 14:29:28.753175
12228759,65792041,Private room,,Bayview Village (52),0,0.0,2,1.0,72.0,,43.774748,-79.381793,2017-03-12 14:29:28.750695
13898345,82329751,Private room,,Mount Pleasant West (104),5,4.5,2,1.0,80.0,,43.698568,-79.389663,2017-03-12 14:29:26.869679
15049424,51357773,Private room,,Waterfront Communities-The Island (77),8,4.5,2,1.0,69.0,,43.643663,-79.392141,2017-03-12 14:29:26.864280
8534784,44935000,Private room,,Greenwood-Coxwell (65),0,0.0,1,1.0,75.0,,43.67244,-79.324687,2017-03-12 14:29:26.861396
6376733,33235535,Private room,,Trinity-Bellwoods (81),0,0.0,1,1.0,76.0,,43.64931,-79.421398,2017-03-12 14:29:26.855435
6514486,2248773,Private room,,South Riverdale (70),3,5.0,1,1.0,76.0,,43.661761,-79.341007,2017-03-12 14:29:26.851770
15057655,93429507,Private room,,Bridle Path-Sunnybrook-York Mills (41),2,0.0,2,1.0,71.0,,43.73723,-79.404293,2017-03-12 14:29:26.846644
16906098,65970840,Private room,,Bayview Village (52),1,0.0,1,1.0,76.0,,43.767567,-79.381469,2017-03-12 14:29:26.844159
8540568,959298,Private room,,Roncesvalles (86),31,5.0,2,1.0,68.0,,43.653251,-79.44993,2017-03-12 14:29:26.841275
13740019,71630126,Private room,,North Riverdale (68),19,5.0,2,1.0,73.0,,43.675923,-79.35635,2017-03-12 14:29:26.835974
6363314,9804609,Private room,,O'Connor-Parkview (54),1,0.0,2,1.0,73.0,,43.713136,-79.300391,2017-03-12 14:29:26.833409
14201737,26726413,Private room,,Niagara (82),17,5.0,2,1.0,65.0,,43.643338,-79.416526,2017-03-12 14:29:26.829682
13262699,39877471,Private room,,Lansing-Westgate (38),14,5.0,2,1.0,69.0,,43.757035,-79.411599,2017-03-12 14:29:25.434019
14193389,15578171,Private room,,Little Portugal (84),11,5.0,2,1.0,65.0,,43.64339,-79.422955,2017-03-12 14:29:25.431641
454927,2260447,Private room,,Church-Yonge Corridor (75),161,5.0,2,1.0,69.0,,43.660778,-79.380517,2017-03-12 14:29:25.428729
15832193,100919750,Private room,,Church-Yonge Corridor (75),21,5.0,2,1.0,65.0,,43.660296,-79.382423,2017-03-12 14:29:25.426442
14951574,44961418,Private room,,Palmerston-Little Italy (80),3,5.0,2,1.0,75.0,,43.661038,-79.421272,2017-03-12 14:31:46.046272
4681114,22266980,Private room,,Moss Park (73),17,4.5,2,1.0,66.0,,43.656553,-79.374162,2017-03-12 14:31:30.235215
9311221,15103502,Private room,,Niagara (82),3,5.0,2,1.0,65.0,,43.637081,-79.402585,2017-03-12 14:31:28.792879
8272028,37928488,Private room,,Niagara (82),30,5.0,2,1.0,65.0,,43.640373,-79.41569,2017-03-12 14:31:24.589467
3801348,2299156,Private room,,Lambton Baby Point (114),0,0.0,2,1.0,73.0,,43.652443,-79.486343,2017-03-12 14:31:24.581625
7026134,21423354,Private room,,Moss Park (73),5,4.5,2,1.0,75.0,,43.66214,-79.368913,2017-03-12 14:31:21.610623
11659485,9956811,Private room,,Mount Dennis (115),0,0.0,2,1.0,72.0,,43.690138,-79.496193,2017-03-12 14:31:18.892090
14774077,81019504,Private room,,Church-Yonge Corridor (75),9,5.0,2,1.0,63.0,,43.669946,-79.380231,2017-03-12 14:31:17.247933
3992907,5724438,Private room,,Runnymede-Bloor West Village (89),63,5.0,3,1.0,65.0,,43.651836,-79.477697,2017-03-12 14:31:12.876816
8292058,4132684,Private room,,Trinity-Bellwoods (81),0,0.0,1,1.0,82.0,,43.648784,-79.418308,2017-03-12 14:31:12.858123
8580123,43168743,Private room,,South Riverdale (70),0,0.0,2,1.0,76.0,,43.664228,-79.350179,2017-03-12 14:31:06.724869
8273223,5464150,Private room,,Kensington-Chinatown (78),0,0.0,2,1.0,76.0,,43.655563,-79.406718,2017-03-12 14:31:03.904424
71118,304551,Private room,,Niagara (82),10,4.5,2,1.0,69.0,,43.64597,-79.407663,2017-03-12 14:31:03.900672
8986804,5153389,Private room,,Palmerston-Little Italy (80),0,0.0,2,1.0,76.0,,43.657195,-79.409835,2017-03-12 14:31:03.894684
14647977,39232432,Private room,,Trinity-Bellwoods (81),2,0.0,1,1.0,76.0,,43.646421,-79.411275,2017-03-12 14:31:03.887516
12782901,52372118,Private room,,Little Portugal (84),0,0.0,1,1.0,76.0,,43.641025,-79.423166,2017-03-12 14:31:03.880994
13398654,72767174,Private room,,Palmerston-Little Italy (80),0,0.0,2,1.0,82.0,,43.661532,-79.427661,2017-03-12 14:31:03.878328
2067408,10574280,Private room,,Junction Area (90),0,0.0,3,1.0,68.0,,43.663472,-79.463131,2017-03-12 14:31:03.867715
6993274,27009582,Private room,,Stonegate-Queensway (16),0,0.0,1,1.0,73.0,,43.634385,-79.510752,2017-03-12 14:31:03.865099
64645,304551,Private room,,Niagara (82),10,5.0,2,1.0,67.0,,43.645853,-79.408535,2017-03-12 14:31:02.068279
5510886,324790,Private room,,Niagara (82),1,0.0,2,1.0,75.0,,43.643475,-79.422247,2017-03-12 14:31:02.065375
12727457,7099203,Private room,,Niagara (82),0,0.0,1,1.0,72.0,,43.638597,-79.413742,2017-03-12 14:31:02.059122
14919109,93759391,Private room,,Waterfront Communities-The Island (77),0,0.0,2,1.0,76.0,,43.640977,-79.391576,2017-03-12 14:31:00.414388
5035722,25994719,Private room,,Niagara (82),0,0.0,2,1.0,71.0,,43.636321,-79.400992,2017-03-12 14:31:00.408570
3833863,19629602,Private room,,Bay Street Corridor (76),0,0.0,4,1.0,75.0,,43.657669,-79.384886,2017-03-12 14:30:58.624537
15519228,89799147,Private room,,Bay Street Corridor (76),0,0.0,1,1.0,66.0,,43.664601,-79.389411,2017-03-12 14:30:58.607617
3498946,367179,Private room,,Waterfront Communities-The Island (77),26,5.0,2,1.0,65.0,,43.646373,-79.393116,2017-03-12 14:30:58.602335
15566096,16274499,Private room,,Waterfront Communities-The Island (77),0,0.0,2,1.0,75.0,,43.641245,-79.398205,2017-03-12 14:30:58.599538
14743926,24616603,Private room,,Niagara (82),5,5.0,2,1.0,69.0,,43.636429,-79.406383,2017-03-12 14:30:58.587724
13711527,3646307,Private room,,Little Portugal (84),0,0.0,3,1.0,65.0,,43.651608,-79.431841,2017-03-12 14:30:56.644260
4174773,12767398,Private room,,Dovercourt-Wallace Emerson-Junction (93),0,0.0,2,1.0,76.0,,43.665029,-79.445345,2017-03-12 14:30:56.635418
6295592,23406170,Private room,,Kingsway South (15),0,0.0,2,1.0,65.0,,43.656075,-79.522102,2017-03-12 14:30:55.563000
312035,812337,Private room,,Dufferin Grove (83),8,5.0,4,1.0,69.0,,43.656743,-79.447855,2017-03-12 14:30:55.554793
1367396,3470868,Private room,,Long Branch (19),3,4.5,5,1.0,67.0,,43.596107,-79.52496,2017-03-12 14:30:55.533526
7932790,17471,Private room,,Wychwood (94),8,4.5,1,1.0,68.0,,43.6777,-79.421939,2017-03-12 14:30:54.126930
11237919,58595241,Private room,,High Park North (88),1,0.0,2,1.0,65.0,,43.65755,-79.453941,2017-03-12 14:30:54.119235
6834810,14060707,Private room,,Dufferin Grove (83),12,5.0,3,1.0,72.0,,43.657119,-79.43095,2017-03-12 14:30:54.116265
4901220,4451791,Private room,,Palmerston-Little Italy (80),4,2.5,1,1.0,82.0,,43.65653,-79.426918,2017-03-12 14:30:54.113887
5060619,44259,Private room,,Palmerston-Little Italy (80),0,0.0,2,1.0,65.0,,43.660702,-79.411344,2017-03-12 14:30:54.106438
983526,5390831,Private room,,Mimico (includes Humber Bay Shores) (17),0,0.0,1,1.0,78.0,,43.601719,-79.496775,2017-03-12 14:30:54.103927
15158159,84927109,Private room,,North Riverdale (68),0,0.0,2,1.0,73.0,,43.67069,-79.354778,2017-03-12 14:30:54.101466
8289105,402877,Private room,,High Park-Swansea (87),0,0.0,2,1.0,76.0,,43.64154,-79.472588,2017-03-12 14:30:54.088197
12309945,25000942,Private room,,Mimico (includes Humber Bay Shores) (17),0,0.0,1,1.0,69.0,,43.625692,-79.478351,2017-03-12 14:30:52.300942
12068235,64045077,Private room,,Lawrence Park North (105),1,0.0,3,1.0,65.0,,43.732372,-79.409399,2017-03-12 14:30:52.285586
14967538,94259825,Private room,,Lawrence Park South (103),0,0.0,2,1.0,69.0,,43.709629,-79.413099,2017-03-12 14:30:50.867392
14430237,5224093,Private room,,Moss Park (73),0,0.0,1,1.0,72.0,,43.651904,-79.367046,2017-03-12 14:30:49.359291
11606716,58631111,Private room,,Lambton Baby Point (114),0,0.0,1,1.0,76.0,,43.663281,-79.500577,2017-03-12 14:30:47.965942
13031643,23084026,Private room,,Trinity-Bellwoods (81),0,0.0,2,1.0,73.0,,43.64887,-79.40498,2017-03-12 14:30:47.961826
4745393,24492620,Private room,,University (79),0,0.0,1,1.0,69.0,,43.663843,-79.409487,2017-03-12 14:30:47.955837
11907492,698423,Private room,,Kingsview Village-The Westway (6),0,0.0,2,1.0,76.0,,43.691438,-79.544891,2017-03-12 14:30:46.506306
7246441,37943921,Private room,,Mount Pleasant East (99),21,4.5,2,1.0,64.0,,43.710385,-79.388639,2017-03-12 14:29:25.423639
17188452,4951854,Private room,,Trinity-Bellwoods (81),3,5.0,1,1.0,64.0,,43.648397,-79.423752,2017-03-12 14:29:25.420871
14388291,52468029,Private room,,Waterfront Communities-The Island (77),21,4.5,2,1.0,65.0,,43.648622,-79.391888,2017-03-12 14:29:25.418375
8616212,44007704,Private room,,Waterfront Communities-The Island (77),5,5.0,2,1.0,65.0,,43.646596,-79.397466,2017-03-12 14:29:25.412716
14551798,7935437,Private room,,Kensington-Chinatown (78),10,5.0,2,2.0,75.0,,43.656335,-79.392155,2017-03-12 14:29:25.410207
15484006,99412832,Private room,,Yonge-St.Clair (97),8,5.0,2,1.0,76.0,,43.694637,-79.396508,2017-03-12 14:29:25.402799
1316915,7153656,Private room,,Moss Park (73),40,5.0,2,1.0,75.0,,43.66229,-79.367778,2017-03-12 14:29:25.398492
14898747,49645871,Private room,,Church-Yonge Corridor (75),65,5.0,3,1.0,73.0,,43.658942,-79.378012,2017-03-12 14:29:25.396240
7382746,38677739,Private room,,Waterfront Communities-The Island (77),52,5.0,2,1.0,65.0,,43.638837,-79.400289,2017-03-12 14:29:25.393289
240448,1260746,Private room,,Waterfront Communities-The Island (77),37,5.0,2,1.0,69.0,,43.642237,-79.3754,2017-03-12 14:29:25.388199
16087155,32298745,Private room,,Bay Street Corridor (76),20,5.0,2,1.0,64.0,,43.665716,-79.389636,2017-03-12 14:29:25.385930
14825428,92703465,Private room,,Waterfront Communities-The Island (77),18,5.0,3,1.0,65.0,,43.640278,-79.393018,2017-03-12 14:29:25.383004
3370325,3216602,Private room,,Etobicoke West Mall (13),2,0.0,2,1.0,46.0,,43.653346,-79.569438,2017-03-12 14:29:23.985707
14202538,18282717,Private room,,Alderwood (20),2,0.0,2,1.0,46.0,,43.599411,-79.546841,2017-03-12 14:29:14.379182
6810958,35655643,Private room,,New Toronto (18),1,0.0,2,1.0,46.0,,43.597488,-79.50965,2017-03-12 14:29:12.635615
15535987,38415527,Private room,,Long Branch (19),5,5.0,2,1.0,45.0,,43.593734,-79.53422,2017-03-12 14:29:12.620737
6700182,7728749,Private room,,Islington-City Centre West (14),1,0.0,4,1.0,46.0,,43.645383,-79.527596,2017-03-12 14:29:06.393586
5988045,30063272,Private room,,Mimico (includes Humber Bay Shores) (17),1,0.0,2,1.0,58.0,,43.602291,-79.495371,2017-03-12 14:26:46.592263
3767890,17551053,Private room,,Long Branch (19),45,5.0,2,1.0,49.0,,43.600554,-79.524938,2017-03-12 14:26:39.918615
16370829,107221443,Private room,,Waterfront Communities-The Island (77),0,0.0,2,1.0,62.0,,43.642537,-79.392874,2017-03-12 14:25:51.361321
13296678,58116,Private room,,Waterfront Communities-The Island (77),6,5.0,2,1.0,60.0,,43.639871,-79.392275,2017-03-12 14:25:42.913251
9866197,1307946,Private room,,Corso Italia-Davenport (92),0,0.0,2,1.0,58.0,,43.676841,-79.436924,2017-03-12 14:24:29.098542
15037789,3587159,Private room,,Waterfront Communities-The Island (77),3,4.5,1,1.0,45.0,,43.64858,-79.396209,2017-03-12 14:24:11.939216
14387187,88364954,Private room,,Willowridge-Martingrove-Richview (7),2,0.0,1,1.0,61.0,,43.676911,-79.559968,2017-03-12 14:21:03.788997
14221212,86403607,Private room,,Islington-City Centre West (14),1,0.0,2,1.0,54.0,,43.633266,-79.545892,2017-03-12 14:21:03.782346
15436413,93714780,Private room,,Eringate-Centennial-West Deane (11),3,5.0,3,1.0,46.0,,43.656224,-79.572055,2017-03-12 14:21:03.753382
9854124,50728384,Private room,,West Humber-Clairville (1),4,5.0,2,1.0,42.0,,43.733698,-79.594582,2017-03-12 14:21:02.838112
14918474,63954542,Private room,,Islington-City Centre West (14),0,0.0,2,1.0,49.0,,43.654977,-79.563084,2017-03-12 14:21:02.835787
10972007,37520003,Private room,,Willowridge-Martingrove-Richview (7),17,4.5,2,1.0,45.0,,43.677108,-79.565752,2017-03-12 14:21:01.579582
11219978,1941221,Private room,,Mimico (includes Humber Bay Shores) (17),0,0.0,1,1.0,61.0,,43.615435,-79.497961,2017-03-12 14:21:00.553874
7676729,18494940,Private room,,Mimico (includes Humber Bay Shores) (17),3,4.5,2,1.0,58.0,,43.613658,-79.497284,2017-03-12 14:20:59.680488
3892654,20144325,Private room,,Islington-City Centre West (14),12,5.0,2,1.0,46.0,,43.638538,-79.537099,2017-03-12 14:20:59.673022
14577127,23775239,Private room,,Islington-City Centre West (14),41,5.0,2,1.0,61.0,,43.638548,-79.545741,2017-03-12 14:20:57.320361
13546153,37506810,Private room,,Mimico (includes Humber Bay Shores) (17),2,0.0,2,1.0,46.0,,43.624644,-79.484517,2017-03-12 14:20:55.248388
15021137,94813163,Private room,,Mimico (includes Humber Bay Shores) (17),1,0.0,1,1.0,61.0,,43.623767,-79.482207,2017-03-12 14:20:55.245622
15058056,966705,Private room,,Mimico (includes Humber Bay Shores) (17),0,0.0,2,1.0,53.0,,43.612489,-79.489498,2017-03-12 14:20:55.230709
13279451,74858551,Private room,,Mimico (includes Humber Bay Shores) (17),2,0.0,2,1.0,49.0,,43.623504,-79.488986,2017-03-12 14:20:55.226087
1045585,3998902,Private room,,South Parkdale (85),26,4.5,3,1.0,43.0,,43.639063,-79.441716,2017-03-12 14:20:41.423394
11193522,58281598,Private room,,Stonegate-Queensway (16),0,0.0,2,1.0,46.0,,43.639419,-79.492425,2017-03-12 14:20:39.093396
6846655,35138338,Private room,,Runnymede-Bloor West Village (89),21,5.0,2,1.0,52.0,,43.652442,-79.485712,2017-03-12 14:20:37.965765
4165376,11389203,Private room,,Dovercourt-Wallace Emerson-Junction (93),4,5.0,2,1.0,46.0,,43.666085,-79.445904,2017-03-12 14:20:05.552642
7072329,7065711,Private room,,Mimico (includes Humber Bay Shores) (17),48,5.0,2,1.0,55.0,,43.622382,-79.480681,2017-03-12 14:19:21.200925
1365638,7412574,Private room,,Mimico (includes Humber Bay Shores) (17),14,5.0,2,1.0,49.0,,43.622087,-79.488049,2017-03-12 14:19:21.196088
6713909,35138338,Private room,,Runnymede-Bloor West Village (89),28,5.0,1,1.0,42.0,,43.6538,-79.485174,2017-03-12 14:19:19.281902
6711842,35138338,Private room,,Runnymede-Bloor West Village (89),23,5.0,1,1.0,42.0,,43.652624,-79.485108,2017-03-12 14:19:17.780242
399218,752645,Private room,,High Park-Swansea (87),20,5.0,3,1.0,46.0,,43.636352,-79.470993,2017-03-12 14:19:12.816754
15400413,26752232,Private room,,High Park North (88),0,0.0,2,1.0,54.0,,43.655915,-79.466751,2017-03-12 14:19:10.892298
14231213,60690123,Private room,,Willowridge-Martingrove-Richview (7),0,0.0,2,1.0,46.0,,43.681127,-79.550433,2017-03-12 14:19:00.623616
7916836,41744962,Private room,,Willowridge-Martingrove-Richview (7),0,0.0,2,1.0,61.0,,43.681912,-79.542174,2017-03-12 14:19:00.611006
3968171,2092761,Private room,,Junction Area (90),4,4.5,2,1.0,46.0,,43.662303,-79.468951,2017-03-12 14:18:59.314012
12068584,9291971,Private room,,Junction Area (90),5,3.5,2,1.0,44.0,,43.664084,-79.465317,2017-03-12 14:18:59.307575
4208608,21651753,Private room,,Rockcliffe-Smythe (111),0,0.0,1,1.0,61.0,,43.677238,-79.480701,2017-03-12 14:18:55.789259
7937691,41857172,Private room,,Mimico (includes Humber Bay Shores) (17),0,0.0,2,1.0,54.0,,43.621107,-79.483494,2017-03-12 14:18:45.391969
2221414,11332520,Private room,,Mimico (includes Humber Bay Shores) (17),0,0.0,1,1.0,61.0,,43.620137,-79.488435,2017-03-12 14:18:44.090847
7784671,6688666,Private room,,Mimico (includes Humber Bay Shores) (17),2,0.0,2,1.0,58.0,,43.623161,-79.488941,2017-03-12 14:18:43.238453
9413435,47337296,Private room,,Stonegate-Queensway (16),27,4.0,4,1.0,42.0,,43.624191,-79.515004,2017-03-12 14:18:43.228751
13039611,67641911,Private room,,Mimico (includes Humber Bay Shores) (17),8,4.5,2,1.0,46.0,,43.62191,-79.482498,2017-03-12 14:18:43.216165
6450873,4037175,Private room,,Junction Area (90),1,0.0,2,1.0,58.0,,43.666043,-79.465063,2017-03-12 14:18:41.829929
1876893,9775519,Private room,,Mimico (includes Humber Bay Shores) (17),7,4.5,2,1.0,42.0,,43.62057,-79.487189,2017-03-12 14:18:40.887025
7213888,19456032,Private room,,Mimico (includes Humber Bay Shores) (17),14,4.5,2,1.0,42.0,,43.621985,-79.485549,2017-03-12 14:18:40.884750
4000818,20744105,Private room,,Islington-City Centre West (14),9,4.5,5,1.0,52.0,,43.639596,-79.536792,2017-03-12 14:18:38.941767
15052933,84596175,Private room,,Mimico (includes Humber Bay Shores) (17),0,0.0,2,1.0,54.0,,43.623623,-79.482917,2017-03-12 14:18:38.935157
15822582,102276132,Private room,,Mimico (includes Humber Bay Shores) (17),0,0.0,2,1.0,59.0,,43.622374,-79.482778,2017-03-12 14:18:38.927186
10516632,12164033,Private room,,Islington-City Centre West (14),11,5.0,2,1.0,43.0,,43.643629,-79.530802,2017-03-12 14:18:37.640598
7126873,37329249,Private room,,Mimico (includes Humber Bay Shores) (17),42,5.0,2,1.0,46.0,,43.620506,-79.480378,2017-03-12 14:18:37.634006
4223452,21918290,Private room,,High Park North (88),0,0.0,2,1.0,54.0,,43.658103,-79.466448,2017-03-12 14:18:37.623885
8044346,596900,Private room,,Mimico (includes Humber Bay Shores) (17),12,5.0,2,1.0,60.0,,43.620091,-79.501757,2017-03-12 14:18:36.137347
12133807,65123390,Private room,,Junction Area (90),4,5.0,2,1.0,46.0,,43.663791,-79.472762,2017-03-12 14:18:36.134876
5960025,30941272,Private room,,Mimico (includes Humber Bay Shores) (17),0,0.0,2,1.0,61.0,,43.625399,-79.48929,2017-03-12 14:18:36.127077
935875,5049630,Private room,,High Park North (88),1,0.0,2,1.0,54.0,,43.656474,-79.467715,2017-03-12 14:18:36.105166
14586040,8782602,Private room,,High Park North (88),7,5.0,3,1.0,46.0,,43.653828,-79.467707,2017-03-12 14:18:36.100536
2176774,9291971,Private room,,Junction Area (90),14,4.5,2,1.0,49.0,,43.66465,-79.465308,2017-03-12 14:18:35.431189
206529,1015926,Private room,,Stonegate-Queensway (16),13,5.0,2,1.0,54.0,,43.639783,-79.504727,2017-03-12 14:18:34.134867
15610978,100231530,Private room,,Junction Area (90),0,0.0,1,1.0,61.0,,43.662521,-79.463782,2017-03-12 14:18:33.459423
14950595,24240464,Private room,,Islington-City Centre West (14),7,4.5,2,1.0,49.0,,43.642577,-79.527412,2017-03-12 14:18:33.440285
14994178,94540301,Private room,,Stonegate-Queensway (16),0,0.0,2,1.0,54.0,,43.637282,-79.488123,2017-03-12 14:18:32.720663
15375820,98243243,Private room,,High Park North (88),2,0.0,2,1.0,42.0,,43.658003,-79.466877,2017-03-12 14:18:32.066086
13800667,37436476,Private room,,Stonegate-Queensway (16),18,5.0,2,1.0,42.0,,43.643529,-79.520392,2017-03-12 14:18:32.014444
6911991,36221684,Private room,,High Park North (88),55,4.5,2,1.0,42.0,,43.659843,-79.465015,2017-03-12 14:18:30.022767
7184034,17440538,Private room,,Junction Area (90),11,5.0,1,1.0,49.0,,43.665761,-79.476889,2017-03-12 14:18:28.052931
17151838,44326702,Private room,,High Park North (88),0,0.0,1,1.0,46.0,,43.66134,-79.470407,2017-03-12 14:18:28.033978
9077190,44853284,Private room,,Dovercourt-Wallace Emerson-Junction (93),1,0.0,1,1.0,42.0,,43.665845,-79.447888,2017-03-12 14:17:20.984229
3962561,20536152,Private room,,Oakwood Village (107),0,0.0,2,1.0,54.0,,43.68569,-79.444399,2017-03-12 14:13:37.344722
11032862,57206085,Private room,,Annex (95),3,4.0,2,1.0,42.0,,43.666443,-79.405166,2017-03-12 14:13:15.482415
1738256,6739062,Private room,,Church-Yonge Corridor (75),0,0.0,2,1.0,61.0,,43.670563,-79.384563,2017-03-12 14:12:56.842389
13545157,32418955,Private room,,Regent Park (72),7,4.5,2,1.0,54.0,,43.657885,-79.360371,2017-03-12 14:12:56.214665
17674787,50479404,Private room,,Kensington-Chinatown (78),0,0.0,1,1.0,58.0,,43.652622,-79.394618,2017-03-12 14:11:34.443073
13812039,26385937,Private room,,Broadview North (57),0,0.0,2,1.0,49.0,,43.688438,-79.351203,2017-03-12 14:10:22.537742
13450358,58929592,Private room,,Keelesdale-Eglinton West (110),0,0.0,1,1.0,52.0,,43.685753,-79.465907,2017-03-12 14:09:41.227439
3984736,1118847,Private room,,Willowdale West (37),0,0.0,2,1.0,61.0,,43.773586,-79.418064,2017-03-12 14:09:41.218676
6303949,32786098,Private room,,Pelmo Park-Humberlea (23),1,0.0,2,1.0,54.0,,43.734129,-79.535255,2017-03-12 14:09:39.844838
15345382,97850588,Private room,,Bathurst Manor (34),0,0.0,2,1.0,46.0,,43.75696,-79.460654,2017-03-12 14:09:39.309091
15399552,98314367,Private room,,Keelesdale-Eglinton West (110),0,0.0,1,1.0,49.0,,43.689389,-79.471007,2017-03-12 14:09:39.292223
14596547,44098156,Private room,,York University Heights (27),1,0.0,1,1.0,46.0,,43.767794,-79.501396,2017-03-12 14:09:39.284488
14255627,4558119,Private room,,Willowdale West (37),11,5.0,1,1.0,57.0,,43.767802,-79.412833,2017-03-12 14:09:34.239639
17236356,113701340,Private room,,Clanton Park (33),0,0.0,4,2.0,61.0,,43.734809,-79.442475,2017-03-12 14:09:33.498239
9104374,47458461,Private room,,Lansing-Westgate (38),21,5.0,6,1.0,58.0,,43.741082,-79.433415,2017-03-12 14:09:33.477658
3833838,9423995,Private room,,Lawrence Park North (105),11,4.5,1,1.0,58.0,,43.729223,-79.408332,2017-03-12 14:09:32.802512
15956112,103332460,Private room,,St.Andrew-Windfields (40),0,0.0,1,1.0,46.0,,43.751161,-79.376171,2017-03-12 14:09:31.820280
13345380,18470285,Private room,,Runnymede-Bloor West Village (89),54,5.0,2,1.0,42.0,,43.651635,-79.483995,2017-03-12 14:09:12.387091
967318,5277347,Private room,,High Park North (88),19,5.0,1,1.0,49.0,,43.65683,-79.475069,2017-03-12 14:09:01.109865
13205427,73994858,Private room,,Islington-City Centre West (14),16,4.0,2,1.0,61.0,,43.644166,-79.53061,2017-03-12 14:09:01.095236
1174893,173823,Private room,,Islington-City Centre West (14),4,5.0,1,1.0,42.0,,43.63753,-79.535393,2017-03-12 14:08:59.687741
4296370,19536067,Private room,,Princess-Rosethorn (10),32,4.5,2,1.0,49.0,,43.662385,-79.552457,2017-03-12 14:08:59.670554
5029361,11917267,Private room,,South Parkdale (85),76,5.0,2,1.0,42.0,,43.63744,-79.441986,2017-03-12 14:00:43.321354
13313258,57921416,Private room,,High Park-Swansea (87),33,5.0,2,1.0,50.0,,43.643769,-79.452195,2017-03-12 14:00:41.978096
13900142,47773680,Private room,,Little Portugal (84),4,5.0,2,1.0,54.0,,43.64147,-79.424226,2017-03-12 14:00:40.769822
9840373,28446878,Private room,,Niagara (82),0,0.0,2,1.0,61.0,,43.637789,-79.419513,2017-03-12 14:00:39.433907
13561415,12722274,Private room,,Little Portugal (84),3,3.5,2,1.0,46.0,,43.642527,-79.424361,2017-03-12 14:00:39.417573
3789344,6101258,Private room,,South Parkdale (85),2,0.0,2,1.0,58.0,,43.635772,-79.430752,2017-03-12 14:00:36.971534
10986962,18840339,Private room,,Little Portugal (84),0,0.0,2,1.0,61.0,,43.641406,-79.424815,2017-03-12 14:00:36.963280
14819592,21132327,Private room,,Little Portugal (84),2,0.0,2,1.0,46.0,,43.642949,-79.428165,2017-03-12 14:00:35.534851
7133876,37365444,Private room,,Niagara (82),0,0.0,2,1.0,61.0,,43.63961,-79.415078,2017-03-12 14:00:35.527382
13630266,19713999,Private room,,Waterfront Communities-The Island (77),2,0.0,2,1.0,57.0,,43.640453,-79.399027,2017-03-12 14:00:35.519529
15060276,94851942,Private room,,Niagara (82),3,4.0,2,1.0,58.0,,43.636363,-79.399952,2017-03-12 14:00:34.110472
14232818,8859994,Private room,,Waterfront Communities-The Island (77),2,0.0,2,1.0,61.0,,43.639066,-79.398528,2017-03-12 14:00:31.821208
17476200,116710154,Private room,,Little Portugal (84),1,0.0,2,1.0,46.0,,43.641754,-79.423349,2017-03-12 14:00:23.796317
14466965,5030006,Private room,,Dovercourt-Wallace Emerson-Junction (93),3,5.0,2,1.0,42.0,,43.663442,-79.454212,2017-03-12 14:00:19.561837
5029879,24500536,Private room,,University (79),19,4.5,2,1.0,49.0,,43.666548,-79.399941,2017-03-12 14:00:13.192925
13937253,80124251,Private room,,Annex (95),1,0.0,2,1.0,49.0,,43.667299,-79.407797,2017-03-12 14:00:13.187342
2560031,1319225,Private room,,Annex (95),12,4.5,1,1.0,49.0,,43.665081,-79.412715,2017-03-12 14:00:12.156466
4526217,23464094,Private room,,South Parkdale (85),31,4.5,2,1.0,49.0,,43.639229,-79.428967,2017-03-12 13:59:55.896204
9168581,4281563,Private room,,Roncesvalles (86),8,5.0,1,1.0,62.0,,43.641377,-79.43864,2017-03-12 13:59:55.877769
14742365,91848161,Private room,,Little Portugal (84),4,5.0,2,1.0,60.0,,43.642855,-79.424053,2017-03-12 13:59:54.693248
13867223,26629651,Private room,,Little Portugal (84),5,4.5,2,1.0,49.0,,43.641408,-79.424338,2017-03-12 13:59:54.684466
13861022,72343609,Private room,,Little Portugal (84),0,0.0,2,1.0,53.0,,43.642611,-79.424012,2017-03-12 13:59:53.398727
5137365,3532134,Private room,,South Parkdale (85),7,5.0,2,1.0,46.0,,43.640482,-79.427525,2017-03-12 13:59:53.382334
13002607,18197831,Private room,,South Parkdale (85),4,5.0,1,1.0,52.0,,43.638363,-79.430175,2017-03-12 13:59:52.150349
6373530,19985724,Private room,,Dovercourt-Wallace Emerson-Junction (93),1,0.0,2,1.0,43.0,,43.66343,-79.449035,2017-03-12 13:59:46.372816
6710964,2062404,Private room,,Little Portugal (84),6,5.0,2,1.0,54.0,,43.646485,-79.436045,2017-03-12 13:59:46.360897
16407643,107500954,Private room,,South Parkdale (85),5,5.0,2,1.0,43.0,,43.638571,-79.444562,2017-03-12 13:59:40.110468
2546318,1651368,Private room,,Waterfront Communities-The Island (77),41,5.0,2,1.0,61.0,,43.638441,-79.384072,2017-03-12 13:59:31.956268
16982490,30904717,Private room,,Niagara (82),1,0.0,2,1.0,61.0,,43.638229,-79.411107,2017-03-12 13:59:31.948581
12585327,11494404,Private room,,Niagara (82),2,0.0,2,1.0,42.0,,43.636064,-79.404199,2017-03-12 13:59:31.943266
2231835,11389249,Private room,,Niagara (82),68,4.5,2,1.0,61.0,,43.637171,-79.405475,2017-03-12 13:59:31.940436
7866797,41459430,Private room,,Waterfront Communities-The Island (77),18,5.0,1,1.0,58.0,,43.636902,-79.397654,2017-03-12 13:59:31.936533
8962722,34539814,Private room,,Niagara (82),0,0.0,1,1.0,58.0,,43.637848,-79.404024,2017-03-12 13:59:31.928630
14481812,33289172,Private room,,Niagara (82),7,5.0,2,1.0,57.0,,43.637897,-79.401704,2017-03-12 13:59:31.925000
14472289,4361792,Private room,,Waterfront Communities-The Island (77),4,5.0,1,1.0,49.0,,43.640832,-79.398249,2017-03-12 13:59:30.548884
3827719,8942185,Private room,,Niagara (82),12,4.5,3,1.0,46.0,,43.641587,-79.403878,2017-03-12 13:59:30.545643
6076441,3033073,Private room,,Niagara (82),28,4.5,2,1.0,58.0,,43.636142,-79.40647,2017-03-12 13:59:30.541193
12358171,15444273,Private room,,Niagara (82),0,0.0,1,1.0,61.0,,43.638115,-79.415548,2017-03-12 13:59:30.531191
8753237,5856061,Private room,,Niagara (82),11,4.5,2,1.0,61.0,,43.635423,-79.404033,2017-03-12 13:59:30.526724
9751951,2482507,Private room,,Niagara (82),1,0.0,2,1.0,58.0,,43.642535,-79.412081,2017-03-12 13:59:30.521307
11070773,39032805,Private room,,Waterfront Communities-The Island (77),11,4.5,2,1.0,54.0,,43.639563,-79.39734,2017-03-12 13:59:30.517599
627196,2485200,Private room,,Niagara (82),1,0.0,2,1.0,61.0,,43.644166,-79.403493,2017-03-12 13:59:30.511823
9811938,50546332,Private room,,Niagara (82),0,0.0,2,1.0,46.0,,43.636648,-79.399735,2017-03-12 13:59:28.845044
17268561,8612204,Private room,,Waterfront Communities-The Island (77),0,0.0,2,1.0,58.0,,43.638948,-79.399443,2017-03-12 13:59:28.842663
4430174,17860508,Private room,,Waterfront Communities-The Island (77),23,5.0,2,1.0,61.0,,43.640097,-79.397263,2017-03-12 13:59:28.831204
6658056,6987129,Private room,,Waterfront Communities-The Island (77),0,0.0,1,1.0,46.0,,43.640546,-79.394262,2017-03-12 13:59:27.221700
4437450,3947372,Private room,,Waterfront Communities-The Island (77),5,5.0,2,1.0,61.0,,43.639752,-79.39506,2017-03-12 13:59:25.988017
51616,237587,Private room,,Niagara (82),6,5.0,2,1.0,49.0,,43.642957,-79.404508,2017-03-12 13:59:25.031561
9826672,7119695,Private room,,Niagara (82),0,0.0,2,1.0,49.0,,43.63685,-79.400892,2017-03-12 13:59:25.021849
15143205,96035636,Private room,,Waterfront Communities-The Island (77),1,0.0,2,1.0,49.0,,43.642268,-79.39405,2017-03-12 13:59:25.000955
17000710,8702985,Private room,,Niagara (82),0,0.0,2,1.0,44.0,,43.642713,-79.414666,2017-03-12 13:59:23.319665
10860990,8782803,Private room,,Waterfront Communities-The Island (77),0,0.0,2,1.0,58.0,,43.646769,-79.392191,2017-03-12 13:59:22.141630
9234087,10374978,Private room,,Niagara (82),34,5.0,1,1.0,42.0,,43.640947,-79.406468,2017-03-12 13:59:22.134267
14614209,432101,Private room,,Niagara (82),7,5.0,2,2.0,61.0,,43.637666,-79.405214,2017-03-12 13:59:22.132087
15955544,3226429,Private room,,Waterfront Communities-The Island (77),0,0.0,2,1.0,58.0,,43.642492,-79.400388,2017-03-12 13:59:22.126323
15760002,24845199,Private room,,Waterfront Communities-The Island (77),0,0.0,1,1.0,61.0,,43.639457,-79.39027,2017-03-12 13:59:10.837616
11147566,52879958,Private room,,Waterfront Communities-The Island (77),2,0.0,2,1.0,61.0,,43.639191,-79.388879,2017-03-12 13:59:10.831889
13616267,9153482,Private room,,Waterfront Communities-The Island (77),0,0.0,2,1.0,49.0,,43.64546,-79.388982,2017-03-12 13:59:10.826310
8398571,21463577,Private room,,Waterfront Communities-The Island (77),0,0.0,2,1.0,49.0,,43.642414,-79.381045,2017-03-12 13:59:10.817109
14882469,93318812,Private room,,Regent Park (72),19,5.0,2,1.0,42.0,,43.658846,-79.363398,2017-03-12 13:59:09.409452
10970255,56914004,Private room,,Waterfront Communities-The Island (77),11,5.0,3,1.0,54.0,,43.64392,-79.381527,2017-03-12 13:59:09.393727
8386394,58116,Private room,,Waterfront Communities-The Island (77),15,4.5,2,1.0,49.0,,43.639939,-79.390543,2017-03-12 13:59:09.387732
7246326,37942385,Private room,,Waterfront Communities-The Island (77),12,5.0,1,1.0,49.0,,43.64075,-79.390615,2017-03-12 13:59:07.852042
9983766,51051970,Private room,,Waterfront Communities-The Island (77),1,0.0,1,1.0,58.0,,43.641769,-79.389809,2017-03-12 13:59:07.835994
16846472,72558443,Private room,,Waterfront Communities-The Island (77),1,0.0,2,1.0,62.0,,43.641487,-79.374882,2017-03-12 13:59:07.828824
13769759,6121313,Private room,,Kensington-Chinatown (78),5,5.0,2,1.0,49.0,,43.652972,-79.402342,2017-03-12 13:58:58.910812
3759565,333940,Private room,,Palmerston-Little Italy (80),36,4.5,2,1.0,58.0,,43.662011,-79.417419,2017-03-12 13:58:58.902810
9432605,48891539,Private room,,Bathurst Manor (34),1,0.0,2,1.0,75.0,,43.757567,-79.462051,2017-03-12 14:29:43.884734
15936508,36450791,Private room,,Oakwood Village (107),0,0.0,1,1.0,75.0,,43.696652,-79.439148,2017-03-12 14:29:43.882060
12803124,812294,Private room,,Willowdale East (51),0,0.0,1,1.0,65.0,,43.764299,-79.409739,2017-03-12 14:29:43.879454
16275136,42076533,Private room,,Waterfront Communities-The Island (77),2,0.0,2,1.0,69.0,,43.649928,-79.359329,2017-03-12 14:29:43.877440
16737581,8399820,Private room,,Waterfront Communities-The Island (77),0,0.0,2,1.0,75.0,,43.639761,-79.394391,2017-03-12 14:29:43.871860
7603735,11697296,Private room,,Dovercourt-Wallace Emerson-Junction (93),0,0.0,2,1.0,66.0,,43.660533,-79.441678,2017-03-12 14:29:43.869426
6090076,20818366,Private room,,Waterfront Communities-The Island (77),9,5.0,2,1.0,68.0,,43.642042,-79.400334,2017-03-12 14:29:43.866655
8508493,2818995,Private room,,Church-Yonge Corridor (75),12,5.0,2,1.0,69.0,,43.656805,-79.380689,2017-03-12 14:29:43.864603
2611347,694041,Private room,,Mount Pleasant East (99),4,4.5,1,1.0,69.0,,43.709554,-79.38127,2017-03-12 14:29:43.861982
5899700,630848,Private room,,Bay Street Corridor (76),1,0.0,1,1.0,76.0,,43.64693,-79.382977,2017-03-12 14:29:43.859014
13859099,34106626,Private room,,Kensington-Chinatown (78),8,5.0,1,1.0,65.0,,43.650329,-79.394246,2017-03-12 14:29:43.853012
6277844,32632978,Private room,,Moss Park (73),25,5.0,2,1.0,68.0,,43.65922,-79.368477,2017-03-12 14:29:42.338352
9412339,8569918,Private room,,Yonge-Eglinton (100),1,0.0,2,1.0,75.0,,43.704275,-79.404504,2017-03-12 14:29:42.335782
10745325,55545975,Private room,,Stonegate-Queensway (16),1,0.0,2,1.0,65.0,,43.640667,-79.505467,2017-03-12 14:29:42.330980
4060423,12197346,Private room,,Niagara (82),25,5.0,2,1.0,68.0,,43.644732,-79.406623,2017-03-12 14:29:42.328241
13882778,70156177,Private room,,Waterfront Communities-The Island (77),7,5.0,2,1.0,79.0,,43.637867,-79.398721,2017-03-12 14:29:42.325487
14164970,70336408,Private room,,Bay Street Corridor (76),7,5.0,2,1.0,65.0,,43.662248,-79.386866,2017-03-12 14:29:42.323311
13942292,35736891,Private room,,Old East York (58),1,0.0,2,1.0,65.0,,43.695524,-79.348253,2017-03-12 14:29:42.318788
16862349,112190153,Private room,,Willowdale East (51),1,0.0,2,1.0,82.0,,43.772473,-79.40714,2017-03-12 14:29:42.314628
11698563,8097511,Private room,,Waterfront Communities-The Island (77),30,5.0,2,1.0,65.0,,43.639771,-79.398688,2017-03-12 14:29:42.311912
14286604,87199689,Private room,,South Parkdale (85),8,5.0,2,1.0,75.0,,43.638668,-79.420711,2017-03-12 14:29:42.309616
15470906,29433831,Private room,,Church-Yonge Corridor (75),7,5.0,2,1.0,69.0,,43.669734,-79.382564,2017-03-12 14:29:42.306047
14148288,9728603,Private room,,Bridle Path-Sunnybrook-York Mills (41),0,0.0,2,1.0,76.0,,43.743343,-79.400767,2017-03-12 14:29:42.303306
13276659,74827605,Private room,,Niagara (82),7,5.0,2,1.0,68.0,,43.638031,-79.40233,2017-03-12 14:29:42.298162
7661311,28779085,Private room,,Palmerston-Little Italy (80),15,5.0,2,1.0,65.0,,43.657857,-79.419581,2017-03-12 14:29:40.712999
6692626,17471,Private room,,Wychwood (94),6,4.5,1,1.0,68.0,,43.677955,-79.422992,2017-03-12 14:29:40.709048
12249308,21019477,Private room,,Church-Yonge Corridor (75),8,4.5,2,1.0,69.0,,43.661544,-79.378713,2017-03-12 14:29:40.705484
7664726,23607063,Private room,,Niagara (82),55,5.0,2,1.0,65.0,,43.643897,-79.404289,2017-03-12 14:29:40.703390
8202934,1006206,Private room,,Mount Pleasant West (104),0,0.0,2,1.0,76.0,,43.70848,-79.393097,2017-03-12 14:29:40.697561
12545884,1225477,Private room,,Trinity-Bellwoods (81),1,0.0,2,1.0,67.0,,43.653064,-79.418049,2017-03-12 14:29:40.691945
16062738,11949507,Private room,,Regent Park (72),1,0.0,2,1.0,69.0,,43.658967,-79.365704,2017-03-12 14:29:40.687463
14335412,1147398,Private room,,Banbury-Don Mills (42),3,5.0,2,1.0,76.0,,43.737055,-79.35452,2017-03-12 14:29:40.684001
17041543,20858393,Private room,,Waterfront Communities-The Island (77),1,0.0,2,1.0,69.0,,43.642418,-79.386029,2017-03-12 14:29:40.680280
12232774,65823061,Private room,,Waterfront Communities-The Island (77),0,0.0,2,1.0,73.0,,43.641943,-79.376683,2017-03-12 14:29:40.677724
14807579,92527501,Private room,,Bridle Path-Sunnybrook-York Mills (41),3,5.0,2,1.0,63.0,,43.735698,-79.403282,2017-03-12 14:29:39.170524
17666417,4884965,Private room,,Bay Street Corridor (76),0,0.0,1,1.0,69.0,,43.646912,-79.381038,2017-03-12 14:29:39.168287
14605225,68508596,Private room,,Waterfront Communities-The Island (77),9,4.5,2,1.0,65.0,,43.653868,-79.354716,2017-03-12 14:29:39.158990
15324047,8480721,Private room,,Waterfront Communities-The Island (77),18,5.0,2,1.0,69.0,,43.639605,-79.396128,2017-03-12 14:29:39.156863
14697390,6532705,Private room,,Roncesvalles (86),3,4.5,2,1.0,65.0,,43.646623,-79.441934,2017-03-12 14:29:39.154621
13994906,23721697,Private room,,South Riverdale (70),0,0.0,2,1.0,76.0,,43.667278,-79.330407,2017-03-12 14:29:39.148962
14152531,85507924,Private room,,Trinity-Bellwoods (81),20,4.5,2,1.0,68.0,,43.650166,-79.405946,2017-03-12 14:29:39.146637
17160938,38677739,Private room,,Waterfront Communities-The Island (77),2,0.0,2,1.0,82.0,,43.639898,-79.400776,2017-03-12 14:29:39.142680
14799968,85507924,Private room,,Trinity-Bellwoods (81),9,4.5,2,1.0,75.0,,43.650265,-79.405765,2017-03-12 14:29:39.140465
9916428,50983778,Private room,,Church-Yonge Corridor (75),22,5.0,2,1.0,67.0,,43.661361,-79.3789,2017-03-12 14:29:39.137743
14693605,50864615,Private room,,Niagara (82),1,0.0,2,1.0,75.0,,43.638107,-79.405573,2017-03-12 14:29:39.134863
15519906,99759095,Private room,,Humewood-Cedarvale (106),1,0.0,2,1.0,73.0,,43.694808,-79.424431,2017-03-12 14:29:39.131078
5740343,29772942,Private room,,Little Portugal (84),0,0.0,2,1.0,69.0,,43.642186,-79.425687,2017-03-12 14:29:39.127605
14311818,200760,Private room,,Corso Italia-Davenport (92),7,4.5,2,1.0,75.0,,43.677164,-79.437433,2017-03-12 14:29:37.458681
13826293,81495512,Private room,,Trinity-Bellwoods (81),10,4.5,2,1.0,76.0,,43.648915,-79.405885,2017-03-12 14:29:37.455756
16532016,108747651,Private room,,Bay Street Corridor (76),3,4.5,2,0.0,68.0,,43.656196,-79.38324,2017-03-12 14:29:37.452847
3969008,20569552,Private room,,Trinity-Bellwoods (81),23,5.0,2,1.0,67.0,,43.645998,-79.42102,2017-03-12 14:29:37.449845
13829332,4544620,Private room,,Waterfront Communities-The Island (77),10,4.5,2,1.0,65.0,,43.640105,-79.400241,2017-03-12 14:29:37.447551
8626281,45370867,Private room,,Leaside-Bennington (56),34,5.0,2,1.0,65.0,,43.715067,-79.361739,2017-03-12 14:29:37.445356
15340490,95205754,Private room,,Hillcrest Village (48),1,0.0,2,1.0,67.0,,43.804553,-79.361958,2017-03-12 14:29:37.440917
415308,1299598,Private room,,Annex (95),16,5.0,1,1.0,76.0,,43.668591,-79.414113,2017-03-12 14:29:37.438611
1009751,3367744,Private room,,Bay Street Corridor (76),55,5.0,2,1.0,69.0,,43.656069,-79.388153,2017-03-12 14:29:37.434528
16216504,105952870,Private room,,Roncesvalles (86),0,0.0,2,1.0,72.0,,43.645643,-79.444829,2017-03-12 14:29:37.429468
8054004,21618753,Private room,,Mimico (includes Humber Bay Shores) (17),6,5.0,2,1.0,73.0,,43.624346,-79.49431,2017-03-12 14:29:37.425152
9310412,5537258,Private room,,Willowdale East (51),0,0.0,1,1.0,82.0,,43.76661,-79.388152,2017-03-12 14:29:37.420345
14399231,7364532,Private room,,Moss Park (73),9,5.0,2,1.0,69.0,,43.651858,-79.361593,2017-03-12 14:29:37.417679
15058937,11126773,Private room,,Niagara (82),1,0.0,2,1.0,75.0,,43.637569,-79.403625,2017-03-12 14:29:37.414429
6374952,20803543,Private room,,Birchcliffe-Cliffside (122),20,4.5,4,1.0,65.0,,43.678142,-79.279622,2017-03-12 14:29:35.811511
17040105,20858393,Private room,,Waterfront Communities-The Island (77),0,0.0,2,1.0,69.0,,43.639612,-79.383472,2017-03-12 14:29:35.809430
16604533,34182124,Private room,,Church-Yonge Corridor (75),1,0.0,2,1.0,63.0,,43.66066,-79.38204,2017-03-12 14:29:35.805821
8972182,19510340,Private room,,Waterfront Communities-The Island (77),24,5.0,2,1.0,67.0,,43.645168,-79.39318,2017-03-12 14:29:35.802842
16487126,108257276,Private room,,Waterfront Communities-The Island (77),0,0.0,2,1.0,76.0,,43.639396,-79.391576,2017-03-12 14:29:35.799075
13186080,73574442,Private room,,Pleasant View (46),1,0.0,2,1.0,75.0,,43.782791,-79.327167,2017-03-12 14:29:35.796840
14320474,200760,Private room,,Corso Italia-Davenport (92),5,5.0,2,1.0,68.0,,43.677534,-79.438994,2017-03-12 14:29:35.794280
1378251,7372029,Private room,,Church-Yonge Corridor (75),63,5.0,2,1.0,70.0,,43.670026,-79.381749,2017-03-12 14:29:35.792073
12649297,17871253,Private room,,Kensington-Chinatown (78),1,0.0,2,1.0,69.0,,43.649651,-79.395213,2017-03-12 14:29:35.788600
13398781,72791373,Private room,,Waterfront Communities-The Island (77),45,5.0,2,1.0,69.0,,43.652203,-79.358708,2017-03-12 14:29:35.784683
12517235,67656880,Private room,,Bay Street Corridor (76),42,5.0,2,1.0,65.0,,43.649487,-79.386756,2017-03-12 14:29:35.777052
4485227,1309752,Private room,,Moss Park (73),4,5.0,2,1.0,69.0,,43.65093,-79.367738,2017-03-12 14:29:34.622595
13489204,503673,Private room,,South Riverdale (70),12,5.0,2,1.0,69.0,,43.661744,-79.340804,2017-03-12 14:29:34.620607
15002842,11126773,Private room,,Niagara (82),1,0.0,2,1.0,69.0,,43.636341,-79.405482,2017-03-12 14:29:34.618363
10595180,54666909,Private room,,Westminster-Branson (35),0,0.0,1,1.0,67.0,,43.78034,-79.450899,2017-03-12 14:29:34.614324
13992879,83552746,Private room,,Pleasant View (46),7,4.5,4,1.0,82.0,,43.787286,-79.330713,2017-03-12 14:29:34.611762
13466201,77000637,Private room,,Church-Yonge Corridor (75),20,5.0,3,1.0,69.0,,43.667672,-79.383135,2017-03-12 14:29:34.609357
3238717,7100031,Private room,,Palmerston-Little Italy (80),1,0.0,2,1.0,46.0,,43.657218,-79.411054,2017-03-12 13:58:57.535415
14244546,22911032,Private room,,Church-Yonge Corridor (75),2,0.0,2,1.0,55.0,,43.654375,-79.378832,2017-03-12 13:58:41.840759
3977055,20611242,Private room,,Annex (95),0,0.0,1,1.0,49.0,,43.674154,-79.390459,2017-03-12 13:58:41.837341
5105888,7098729,Private room,,Moss Park (73),0,0.0,2,1.0,46.0,,43.658497,-79.368568,2017-03-12 13:58:41.826477
14063303,58111964,Private room,,Moss Park (73),15,5.0,2,1.0,49.0,,43.652412,-79.362658,2017-03-12 13:58:39.348416
535124,2511000,Private room,,Moss Park (73),3,3.5,2,1.0,54.0,,43.660036,-79.371747,2017-03-12 13:58:39.342626
15326455,3306458,Private room,,Kensington-Chinatown (78),2,0.0,1,1.0,46.0,,43.65517,-79.394265,2017-03-12 13:58:27.590392
13713476,7511686,Private room,,Little Portugal (84),0,0.0,2,1.0,61.0,,43.643228,-79.425802,2017-03-12 13:58:03.806079
15206373,29171693,Private room,,South Parkdale (85),4,4.5,2,1.0,53.0,,43.634703,-79.43244,2017-03-12 13:58:01.852521
7088125,1253249,Private room,,Niagara (82),4,4.5,2,1.0,42.0,,43.642827,-79.403942,2017-03-12 13:58:01.179707
4069564,21050600,Private room,,Niagara (82),92,5.0,2,1.0,49.0,,43.635177,-79.404809,2017-03-12 13:58:00.439878
3938356,8799112,Private room,,Niagara (82),21,5.0,2,1.0,61.0,,43.640825,-79.41764,2017-03-12 13:57:59.330483
17208692,5775704,Private room,,Waterfront Communities-The Island (77),0,0.0,2,1.0,54.0,,43.647576,-79.393451,2017-03-12 13:57:59.315313
11889372,946248,Private room,,Little Portugal (84),23,4.5,1,1.0,46.0,,43.642998,-79.424351,2017-03-12 13:57:59.307874
6523655,18196597,Private room,,South Parkdale (85),29,4.5,3,1.0,57.0,,43.635885,-79.429865,2017-03-12 13:57:58.324958
16645802,92733903,Private room,,Waterfront Communities-The Island (77),0,0.0,2,1.0,45.0,,43.641407,-79.397395,2017-03-12 13:57:58.318296
13246319,10835554,Private room,,Waterfront Communities-The Island (77),2,0.0,2,1.0,46.0,,43.643567,-79.394179,2017-03-12 13:57:58.315687
14165259,19959408,Private room,,Niagara (82),2,0.0,2,1.0,61.0,,43.641964,-79.415502,2017-03-12 13:57:58.310234
17555801,67469154,Private room,,South Parkdale (85),0,0.0,1,1.0,49.0,,43.638825,-79.426413,2017-03-12 13:57:58.291924
16255822,17214596,Private room,,Niagara (82),0,0.0,1,1.0,54.0,,43.637225,-79.405217,2017-03-12 13:57:57.420813
6778930,6354683,Private room,,Niagara (82),12,5.0,2,1.0,43.0,,43.641559,-79.413048,2017-03-12 13:57:57.410399
15759421,11248691,Private room,,South Parkdale (85),1,0.0,2,1.0,49.0,,43.635786,-79.427579,2017-03-12 13:57:57.396497
9238618,7309634,Private room,,Little Portugal (84),1,0.0,2,1.0,54.0,,43.64147,-79.423809,2017-03-12 13:57:56.186219
10577363,22656764,Private room,,Waterfront Communities-The Island (77),15,5.0,2,1.0,42.0,,43.638606,-79.397215,2017-03-12 13:57:56.181653
6053238,233763,Private room,,Niagara (82),39,5.0,1,1.0,49.0,,43.641866,-79.409136,2017-03-12 13:57:56.178367
3364609,10088357,Private room,,Niagara (82),41,4.5,1,1.0,54.0,,43.632852,-79.399946,2017-03-12 13:57:56.158891
12932618,6643737,Private room,,Little Portugal (84),9,5.0,1,1.0,42.0,,43.641327,-79.423405,2017-03-12 13:57:54.005167
16593883,74546039,Private room,,Little Portugal (84),0,0.0,2,1.0,61.0,,43.642309,-79.42316,2017-03-12 13:57:52.688683
12997342,3995213,Private room,,Kensington-Chinatown (78),28,5.0,2,1.0,60.0,,43.651199,-79.393462,2017-03-12 13:57:52.669132
7201902,37709032,Private room,,Niagara (82),21,4.5,2,1.0,61.0,,43.639932,-79.412562,2017-03-12 13:57:52.656290
17000404,8702985,Private room,,Niagara (82),0,0.0,2,1.0,44.0,,43.643346,-79.413303,2017-03-12 13:57:51.616676
16947800,8702985,Private room,,Niagara (82),1,0.0,2,1.0,52.0,,43.642829,-79.413083,2017-03-12 13:57:51.603735
13769126,8401065,Private room,,Waterfront Communities-The Island (77),2,0.0,2,1.0,62.0,,43.644164,-79.375579,2017-03-12 13:57:41.517862
9550768,49457882,Private room,,Waterfront Communities-The Island (77),2,0.0,1,1.0,45.0,,43.640164,-79.384288,2017-03-12 13:57:39.157139
2578312,10699780,Private room,,Waterfront Communities-The Island (77),42,4.5,1,1.0,46.0,,43.650194,-79.362585,2017-03-12 13:57:38.250869
6208875,28657066,Private room,,Waterfront Communities-The Island (77),23,4.5,2,1.0,54.0,,43.64208,-79.383016,2017-03-12 13:57:37.386766
7562278,2330888,Private room,,South Riverdale (70),4,5.0,2,1.0,44.0,,43.66324,-79.347937,2017-03-12 13:57:37.379711
7997755,31232878,Private room,,Regent Park (72),45,4.5,2,1.0,46.0,,43.660803,-79.362522,2017-03-12 13:57:36.146589
5521420,28180980,Private room,,South Riverdale (70),32,5.0,2,1.0,42.0,,43.663191,-79.348811,2017-03-12 13:57:33.089510
13999498,113363,Private room,,Little Portugal (84),2,0.0,2,1.0,52.0,,43.644363,-79.423732,2017-03-12 13:57:26.379683
14022814,15993559,Private room,,Trinity-Bellwoods (81),3,4.5,3,1.0,53.0,,43.648612,-79.423749,2017-03-12 13:57:26.374691
16566959,98737590,Private room,,Roncesvalles (86),0,0.0,2,1.0,46.0,,43.644411,-79.433227,2017-03-12 13:57:26.371131
3833689,846912,Private room,,Roncesvalles (86),0,0.0,1,1.0,58.0,,43.645513,-79.441186,2017-03-12 13:57:26.366757
7044501,8280958,Private room,,Roncesvalles (86),14,5.0,2,1.0,42.0,,43.647265,-79.448905,2017-03-12 13:57:26.363426
1629477,847202,Private room,,Little Portugal (84),50,5.0,2,1.0,61.0,,43.648608,-79.437728,2017-03-12 13:57:26.351922
9298079,27215182,Private room,,Dovercourt-Wallace Emerson-Junction (93),1,0.0,2,1.0,58.0,,43.664554,-79.448688,2017-03-12 13:57:25.500703
1802943,9452122,Private room,,Dovercourt-Wallace Emerson-Junction (93),0,0.0,1,1.0,46.0,,43.660559,-79.448116,2017-03-12 13:57:25.497447
8730485,3888059,Private room,,Dufferin Grove (83),0,0.0,2,1.0,54.0,,43.656468,-79.445718,2017-03-12 13:57:25.494802
1585788,89684,Private room,,Dufferin Grove (83),0,0.0,1,1.0,60.0,,43.655602,-79.441175,2017-03-12 13:57:25.490912
4866148,2078400,Private room,,High Park North (88),1,0.0,2,1.0,54.0,,43.659581,-79.455864,2017-03-12 13:57:25.483488
2331224,11905510,Private room,,Roncesvalles (86),11,5.0,2,1.0,58.0,,43.64454,-79.436987,2017-03-12 13:57:25.468009
7206782,5437240,Private room,,Roncesvalles (86),0,0.0,2,1.0,42.0,,43.643958,-79.435819,2017-03-12 13:57:24.534736
6601898,34538665,Private room,,Little Portugal (84),2,0.0,2,1.0,46.0,,43.647854,-79.433995,2017-03-12 13:57:24.524216
14696426,91395320,Private room,,High Park North (88),1,0.0,1,2.0,57.0,,43.656876,-79.45797,2017-03-12 13:57:24.521160
1453469,920827,Private room,,High Park-Swansea (87),36,5.0,2,1.0,49.0,,43.645696,-79.4496,2017-03-12 13:57:24.514751
1323062,819963,Private room,,High Park-Swansea (87),5,5.0,3,1.0,58.0,,43.647268,-79.452159,2017-03-12 13:57:24.505774
13858309,620621,Private room,,Roncesvalles (86),1,0.0,2,1.0,46.0,,43.648388,-79.446762,2017-03-12 13:57:23.208294
14944151,93657694,Private room,,High Park-Swansea (87),2,0.0,2,1.0,42.0,,43.64448,-79.448535,2017-03-12 13:57:23.197348
3410493,15317133,Private room,,High Park-Swansea (87),3,5.0,1,1.0,42.0,,43.649048,-79.455599,2017-03-12 13:57:23.193589
4243383,22019848,Private room,,High Park-Swansea (87),62,5.0,2,1.0,46.0,,43.645473,-79.455727,2017-03-12 13:57:23.169998
10299256,43313536,Private room,,Dovercourt-Wallace Emerson-Junction (93),4,5.0,1,1.0,44.0,,43.66337,-79.450603,2017-03-12 13:57:21.996540
15072657,33515053,Private room,,Roncesvalles (86),4,5.0,2,1.0,46.0,,43.652275,-79.449447,2017-03-12 13:57:21.993779
7233465,27373961,Private room,,High Park North (88),45,4.5,3,1.0,49.0,,43.657192,-79.454324,2017-03-12 13:57:21.987904
4333863,22502017,Private room,,Dovercourt-Wallace Emerson-Junction (93),18,5.0,2,1.0,42.0,,43.662983,-79.445316,2017-03-12 13:57:21.982229
3940044,9955099,Private room,,Dovercourt-Wallace Emerson-Junction (93),5,5.0,2,1.0,44.0,,43.664667,-79.454946,2017-03-12 13:57:20.727196
12622930,45439305,Private room,,Little Portugal (84),9,5.0,2,1.0,45.0,,43.645319,-79.432501,2017-03-12 13:57:20.722881
13528474,11999936,Private room,,Little Portugal (84),2,0.0,2,1.0,46.0,,43.643557,-79.42744,2017-03-12 13:57:20.720306
17653511,3474662,Private room,,Corso Italia-Davenport (92),0,0.0,2,1.0,54.0,,43.671662,-79.448701,2017-03-12 13:57:20.711490
16926665,61726930,Private room,,Dufferin Grove (83),0,0.0,2,1.0,58.0,,43.657558,-79.443637,2017-03-12 13:57:20.699184
12202254,9958355,Private room,,Dovercourt-Wallace Emerson-Junction (93),5,5.0,2,1.0,49.0,,43.659236,-79.448543,2017-03-12 13:57:19.324392
13522523,15653599,Private room,,Dovercourt-Wallace Emerson-Junction (93),4,5.0,2,1.0,43.0,,43.659539,-79.437803,2017-03-12 13:57:18.197606
10035574,34012394,Private room,,Dovercourt-Wallace Emerson-Junction (93),51,4.5,4,1.0,49.0,,43.659315,-79.445648,2017-03-12 13:57:18.181959
64641,304551,Private room,,Niagara (82),14,4.5,2,1.0,49.0,,43.644401,-79.408294,2017-03-12 13:57:16.910954
994251,2036943,Private room,,Kensington-Chinatown (78),10,5.0,2,1.0,58.0,,43.65429,-79.40071,2017-03-12 13:57:15.589957
17111793,114920333,Private room,,Kensington-Chinatown (78),0,0.0,1,1.0,54.0,,43.652445,-79.399972,2017-03-12 13:57:14.227489
2519913,12900298,Private room,,Trinity-Bellwoods (81),0,0.0,2,1.0,60.0,,43.649954,-79.423651,2017-03-12 13:57:14.222870
7815401,1153761,Private room,,Palmerston-Little Italy (80),4,4.5,2,1.0,49.0,,43.654367,-79.42508,2017-03-12 13:57:14.218557
13182732,26743967,Private room,,University (79),1,0.0,1,1.0,46.0,,43.661147,-79.402538,2017-03-12 13:57:14.213479
14873359,50681900,Private room,,Waterfront Communities-The Island (77),2,0.0,1,1.0,61.0,,43.644199,-79.397613,2017-03-12 13:57:14.208535
4438455,23037677,Private room,,Trinity-Bellwoods (81),0,0.0,1,1.0,61.0,,43.646571,-79.419956,2017-03-12 13:57:12.723379
640596,3198431,Private room,,Trinity-Bellwoods (81),13,4.5,1,1.0,61.0,,43.649124,-79.411725,2017-03-12 13:57:12.712648
14611881,24383263,Private room,,Little Portugal (84),1,0.0,2,1.0,54.0,,43.643706,-79.428829,2017-03-12 13:57:12.705644
1052904,304551,Private room,,Niagara (82),7,4.5,2,1.0,49.0,,43.644621,-79.407564,2017-03-12 13:57:11.631266
12562198,56386621,Private room,,Little Portugal (84),16,4.5,4,1.0,55.0,,43.646686,-79.425772,2017-03-12 13:57:11.625056
10667115,55099816,Private room,,Niagara (82),1,0.0,1,1.0,58.0,,43.644875,-79.407908,2017-03-12 13:57:11.602692
16692807,9040744,Private room,,Trinity-Bellwoods (81),0,0.0,1,1.0,42.0,,43.643845,-79.422367,2017-03-12 13:57:10.489141
13938438,262268,Private room,,Trinity-Bellwoods (81),2,0.0,2,1.0,46.0,,43.646579,-79.418844,2017-03-12 13:57:10.485233
16065874,2211457,Private room,,Trinity-Bellwoods (81),1,0.0,2,1.0,54.0,,43.644582,-79.422069,2017-03-12 13:57:10.476003
13397437,5879138,Private room,,Trinity-Bellwoods (81),0,0.0,2,2.0,61.0,,43.644081,-79.419929,2017-03-12 13:57:10.466499
14978289,46376210,Private room,,Little Portugal (84),1,0.0,2,1.0,61.0,,43.643551,-79.426948,2017-03-12 13:57:08.256264
2947842,6741120,Private room,,Little Portugal (84),21,4.5,2,1.0,42.0,,43.646852,-79.426574,2017-03-12 13:57:08.250241
2387115,5791794,Private room,,University (79),25,4.5,2,1.0,49.0,,43.659773,-79.407892,2017-03-12 13:57:06.962675
7376382,26743967,Private room,,University (79),2,0.0,1,1.0,46.0,,43.661549,-79.402392,2017-03-12 13:57:05.645886
12713919,13066292,Private room,,Little Portugal (84),15,5.0,2,1.0,54.0,,43.648755,-79.431121,2017-03-12 13:57:05.609128
1945120,10061029,Private room,,Little Portugal (84),93,5.0,2,1.0,43.0,,43.646014,-79.424837,2017-03-12 13:57:03.802749
16207176,7277189,Private room,,Trinity-Bellwoods (81),0,0.0,1,1.0,58.0,,43.646607,-79.418758,2017-03-12 13:57:03.798628
13748284,22482806,Private room,,Palmerston-Little Italy (80),15,5.0,1,1.0,46.0,,43.658556,-79.419807,2017-03-12 13:57:02.443430
14048709,7590905,Private room,,Little Portugal (84),14,5.0,2,1.0,42.0,,43.645324,-79.429675,2017-03-12 13:57:02.426358
10935486,17705073,Private room,,Palmerston-Little Italy (80),4,5.0,2,1.0,42.0,,43.660557,-79.418347,2017-03-12 13:56:57.798737
14613804,90320571,Private room,,Palmerston-Little Italy (80),2,0.0,2,1.0,44.0,,43.661729,-79.426268,2017-03-12 13:56:57.781746
4814917,24797155,Private room,,Corso Italia-Davenport (92),0,0.0,1,1.0,61.0,,43.672147,-79.449743,2017-03-12 13:56:53.772757
3894931,6858703,Private room,,Wychwood (94),0,0.0,1,1.0,61.0,,43.679111,-79.432322,2017-03-12 13:56:52.506639
12988775,24865610,Private room,,Corso Italia-Davenport (92),0,0.0,1,1.0,46.0,,43.677218,-79.442111,2017-03-12 13:56:52.486766
13979375,34782940,Private room,,Dovercourt-Wallace Emerson-Junction (93),0,0.0,1,1.0,54.0,,43.668067,-79.428865,2017-03-12 13:56:48.311820
6134073,11188682,Private room,,Dovercourt-Wallace Emerson-Junction (93),21,4.5,2,1.0,61.0,,43.667883,-79.431611,2017-03-12 13:56:48.291645
14119787,85110968,Private room,,Wychwood (94),3,4.5,1,1.0,42.0,,43.677181,-79.42927,2017-03-12 13:56:44.217811
7579593,1489388,Private room,,Annex (95),2,0.0,2,1.0,54.0,,43.668868,-79.417101,2017-03-12 13:56:42.993562
15008562,10813791,Private room,,Annex (95),0,0.0,1,1.0,46.0,,43.67493,-79.406777,2017-03-12 13:56:41.636868
4671631,23604286,Private room,,Oakwood Village (107),0,0.0,2,1.0,58.0,,43.684128,-79.43502,2017-03-12 13:56:41.633707
16202130,15653599,Private room,,Dovercourt-Wallace Emerson-Junction (93),2,0.0,4,1.0,49.0,,43.660448,-79.437719,2017-03-12 13:56:41.630771
3812299,10527434,Private room,,Palmerston-Little Italy (80),4,5.0,2,1.0,46.0,,43.659204,-79.425818,2017-03-12 13:56:41.628556
13615280,4654077,Private room,,Little Portugal (84),2,0.0,2,1.0,49.0,,43.652434,-79.426256,2017-03-12 13:56:41.610093
6363755,2811951,Private room,,Casa Loma (96),9,4.5,2,1.0,42.0,,43.67751,-79.413101,2017-03-12 13:56:40.033725
6208484,22416170,Private room,,Dufferin Grove (83),2,0.0,1,1.0,61.0,,43.653591,-79.438263,2017-03-12 13:56:39.996623
14126316,70636575,Private room,,Trinity-Bellwoods (81),1,0.0,1,1.0,54.0,,43.650174,-79.424996,2017-03-12 13:56:39.994228
493281,2432916,Private room,,Wychwood (94),0,0.0,1,1.0,49.0,,43.677753,-79.421712,2017-03-12 13:56:38.667489
12007900,64222940,Private room,,Little Portugal (84),12,4.5,2,1.0,49.0,,43.648493,-79.430587,2017-03-12 13:56:38.665075
12604,48239,Private room,,Annex (95),0,0.0,1,1.0,52.0,,43.667241,-79.415978,2017-03-12 13:56:38.659366
7527837,8440862,Private room,,Little Portugal (84),6,5.0,2,1.0,46.0,,43.652075,-79.427131,2017-03-12 13:56:38.653145
314934,812337,Private room,,Dufferin Grove (83),17,4.5,4,1.0,58.0,,43.656999,-79.447838,2017-03-12 13:56:38.640418
16559939,78400239,Private room,,University (79),1,0.0,2,1.0,49.0,,43.660085,-79.402125,2017-03-12 13:56:37.596739
5509560,922326,Private room,,Trinity-Bellwoods (81),15,5.0,2,1.0,61.0,,43.648685,-79.411334,2017-03-12 13:56:37.590123
10863212,34077626,Private room,,Dufferin Grove (83),5,5.0,2,1.0,42.0,,43.652059,-79.435427,2017-03-12 13:56:36.211152
6768184,6549749,Private room,,Wychwood (94),6,4.5,2,1.0,42.0,,43.679765,-79.429451,2017-03-12 13:56:36.192878
11885359,5696476,Private room,,Dovercourt-Wallace Emerson-Junction (93),0,0.0,2,1.0,58.0,,43.665552,-79.445709,2017-03-12 13:56:36.188314
14575123,90320571,Private room,,Palmerston-Little Italy (80),5,4.5,4,1.0,43.0,,43.661817,-79.425532,2017-03-12 13:56:35.358025
3925603,19805682,Private room,,Kensington-Chinatown (78),0,0.0,1,1.0,58.0,,43.656792,-79.401164,2017-03-12 13:56:35.340632
5560081,6715337,Private room,,Dovercourt-Wallace Emerson-Junction (93),6,5.0,2,1.0,55.0,,43.659692,-79.452476,2017-03-12 13:56:35.336652
14693063,63246893,Private room,,Trinity-Bellwoods (81),7,5.0,2,1.0,45.0,,43.654759,-79.414023,2017-03-12 13:56:34.502552
6064716,31479105,Private room,,Dufferin Grove (83),16,4.5,1,1.0,42.0,,43.654312,-79.439064,2017-03-12 13:56:34.500030
3020808,6893345,Private room,,Palmerston-Little Italy (80),11,4.5,2,1.0,42.0,,43.656048,-79.421819,2017-03-12 13:56:34.487855
16723342,25005452,Private room,,Trinity-Bellwoods (81),0,0.0,2,0.0,61.0,,43.648509,-79.42283,2017-03-12 13:56:34.479140
4966373,24593822,Private room,,Roncesvalles (86),5,5.0,2,1.0,46.0,,43.653623,-79.450968,2017-03-12 13:56:33.314684
13315168,7681751,Private room,,Kensington-Chinatown (78),20,5.0,1,1.0,42.0,,43.649251,-79.403678,2017-03-12 13:56:33.312318
17432138,29741691,Private room,,Annex (95),1,0.0,2,1.0,46.0,,43.6664,-79.411567,2017-03-12 13:56:33.302038
14126223,70636575,Private room,,Trinity-Bellwoods (81),1,0.0,1,1.0,54.0,,43.649741,-79.423948,2017-03-12 13:56:33.299751
5771466,29941505,Private room,,Dovercourt-Wallace Emerson-Junction (93),0,0.0,2,1.0,58.0,,43.665983,-79.448376,2017-03-12 13:56:32.202521
1369701,7428349,Private room,,Corso Italia-Davenport (92),16,5.0,1,1.0,52.0,,43.676174,-79.453507,2017-03-12 13:56:32.199713
10246357,36356046,Private room,,Trinity-Bellwoods (81),24,5.0,2,1.0,46.0,,43.648071,-79.410069,2017-03-12 13:56:32.195565
13532002,16444533,Private room,,Corso Italia-Davenport (92),4,5.0,2,1.0,58.0,,43.678697,-79.44956,2017-03-12 13:56:32.184722
17402566,20760617,Private room,,Casa Loma (96),0,0.0,2,1.0,54.0,,43.679192,-79.410146,2017-03-12 13:56:32.172679
17618319,21933230,Private room,,Little Portugal (84),0,0.0,4,1.0,42.0,,43.648563,-79.435028,2017-03-12 13:56:30.637763
15056152,2112462,Private room,,Palmerston-Little Italy (80),1,0.0,2,1.0,61.0,,43.657325,-79.426385,2017-03-12 13:56:30.635387
543242,436011,Private room,,Little Portugal (84),80,4.5,2,1.0,45.0,,43.650074,-79.425611,2017-03-12 13:56:30.630524
3246128,16420646,Private room,,Trinity-Bellwoods (81),5,5.0,2,1.0,46.0,,43.652108,-79.418682,2017-03-12 13:56:30.626096
7804539,1808474,Private room,,Little Portugal (84),5,5.0,2,1.0,44.0,,43.649175,-79.429929,2017-03-12 13:56:30.624018
14217678,14282,Private room,,Palmerston-Little Italy (80),1,0.0,2,1.0,58.0,,43.662414,-79.423353,2017-03-12 13:56:30.618454
11345122,19244108,Private room,,Dovercourt-Wallace Emerson-Junction (93),2,0.0,3,1.0,42.0,,43.667351,-79.430336,2017-03-12 13:56:29.113268
9529344,49364612,Private room,,Trinity-Bellwoods (81),15,4.5,2,0.0,46.0,,43.651347,-79.417359,2017-03-12 13:56:29.106686
388696,1944849,Private room,,Dovercourt-Wallace Emerson-Junction (93),16,4.0,1,1.0,46.0,,43.666325,-79.428507,2017-03-12 13:56:20.373688
10366243,53353308,Private room,,Kensington-Chinatown (78),1,0.0,2,1.0,54.0,,43.650739,-79.402611,2017-03-12 13:56:18.180072
755263,304551,Private room,,Palmerston-Little Italy (80),1,0.0,2,1.0,61.0,,43.661013,-79.409621,2017-03-12 13:56:18.175269
16392681,107370606,Private room,,Kensington-Chinatown (78),1,0.0,2,1.0,42.0,,43.647891,-79.401197,2017-03-12 13:56:18.171057
1185522,6483275,Private room,,Palmerston-Little Italy (80),2,0.0,2,1.0,54.0,,43.663995,-79.413733,2017-03-12 13:56:18.158508
14690614,16083796,Private room,,Palmerston-Little Italy (80),1,0.0,2,1.0,48.0,,43.658293,-79.417009,2017-03-12 13:56:15.422538
13971693,83307611,Private room,,Niagara (82),0,0.0,2,1.0,53.0,,43.6462,-79.406784,2017-03-12 13:56:15.415519
16442542,103843653,Private room,,Trinity-Bellwoods (81),0,0.0,1,1.0,61.0,,43.645746,-79.4171,2017-03-12 13:56:13.960477
6362819,2994306,Private room,,Kensington-Chinatown (78),17,5.0,4,1.0,55.0,,43.653289,-79.391196,2017-03-12 13:56:13.957513
13299790,11375612,Private room,,Annex (95),0,0.0,2,1.0,54.0,,43.663752,-79.417659,2017-03-12 13:56:13.954782
64635,304551,Private room,,Niagara (82),10,4.5,2,1.0,49.0,,43.644904,-79.407765,2017-03-12 13:56:13.949622
5918416,30609954,Private room,,Niagara (82),2,0.0,2,1.0,58.0,,43.644967,-79.414621,2017-03-12 13:56:13.931922
15393401,10323838,Private room,,Waterfront Communities-The Island (77),3,4.0,2,1.0,49.0,,43.645555,-79.391883,2017-03-12 13:56:13.927262
14038612,25389259,Private room,,Waterfront Communities-The Island (77),33,5.0,2,1.0,54.0,,43.644327,-79.391474,2017-03-12 13:56:12.842076
16535393,107370606,Private room,,Kensington-Chinatown (78),1,0.0,3,1.0,46.0,,43.648726,-79.401188,2017-03-12 13:56:12.829957
6144504,31873372,Private room,,Kensington-Chinatown (78),0,0.0,1,1.0,46.0,,43.653369,-79.404434,2017-03-12 13:56:12.827108
12640882,68652251,Private room,,Kensington-Chinatown (78),0,0.0,1,1.0,49.0,,43.654209,-79.397967,2017-03-12 13:56:12.816926
14868097,23663915,Private room,,Waterfront Communities-The Island (77),0,0.0,2,1.0,54.0,,43.645011,-79.400676,2017-03-12 13:56:12.813828
4663473,20334453,Private room,,Kensington-Chinatown (78),0,0.0,1,1.0,54.0,,43.657925,-79.393643,2017-03-12 13:56:12.801586
14508337,89634383,Private room,,Trinity-Bellwoods (81),2,0.0,1,1.0,61.0,,43.645934,-79.415167,2017-03-12 13:56:11.208597
17493621,52125029,Private room,,Niagara (82),0,0.0,2,1.0,58.0,,43.645145,-79.411506,2017-03-12 13:56:11.204716
401824,304551,Private room,,Palmerston-Little Italy (80),2,0.0,2,1.0,61.0,,43.660695,-79.409537,2017-03-12 13:56:11.191260
8009520,42289559,Private room,,Waterfront Communities-The Island (77),58,5.0,2,1.0,61.0,,43.64637,-79.400072,2017-03-12 13:56:11.179981
14488992,89407132,Private room,,Kensington-Chinatown (78),19,5.0,2,1.0,42.0,,43.647219,-79.403882,2017-03-12 13:56:09.769583
7162449,13787733,Private room,,University (79),1,0.0,1,1.0,42.0,,43.664179,-79.40851,2017-03-12 13:56:09.759953
6361409,33141808,Private room,,Waterfront Communities-The Island (77),3,2.5,2,1.0,54.0,,43.64436,-79.392726,2017-03-12 13:56:09.740626
11960898,63881575,Private room,,Trinity-Bellwoods (81),20,5.0,2,1.0,58.0,,43.644797,-79.416821,2017-03-12 13:56:09.737667
9320375,47329425,Private room,,Annex (95),4,4.5,2,1.0,61.0,,43.664109,-79.416154,2017-03-12 13:56:09.730978
17173543,5593837,Private room,,Waterfront Communities-The Island (77),1,0.0,2,1.0,58.0,,43.643708,-79.401617,2017-03-12 13:56:08.270013
16193937,8000083,Private room,,Trinity-Bellwoods (81),0,0.0,1,1.0,54.0,,43.650231,-79.415658,2017-03-12 13:56:08.267621
7326521,38379486,Private room,,Trinity-Bellwoods (81),63,4.5,2,1.0,46.0,,43.648039,-79.406693,2017-03-12 13:56:08.260343
2605849,5310483,Private room,,Palmerston-Little Italy (80),29,4.5,2,1.0,42.0,,43.656595,-79.415263,2017-03-12 13:56:08.254362
9934504,1015045,Private room,,Kensington-Chinatown (78),7,4.5,3,2.0,54.0,,43.65155,-79.39292,2017-03-12 13:56:07.187333
4004136,14405518,Private room,,Kensington-Chinatown (78),78,5.0,2,1.0,43.0,,43.649273,-79.400104,2017-03-12 13:56:07.181649
529189,2597290,Private room,,Trinity-Bellwoods (81),106,5.0,2,1.0,42.0,,43.652485,-79.408851,2017-03-12 13:56:07.173961
1503534,5099605,Private room,,Trinity-Bellwoods (81),32,4.5,2,1.0,56.0,,43.651997,-79.416574,2017-03-12 13:56:07.167729
9485482,842110,Private room,,Trinity-Bellwoods (81),6,5.0,2,1.0,52.0,,43.654996,-79.413232,2017-03-12 13:56:06.015673
2183573,2172546,Private room,,Kensington-Chinatown (78),11,4.5,1,1.0,58.0,,43.653351,-79.40364,2017-03-12 13:56:06.012893
9320684,47329425,Private room,,Palmerston-Little Italy (80),5,5.0,2,1.0,47.0,,43.662023,-79.415667,2017-03-12 13:56:06.007330
11374315,31466428,Private room,,University (79),1,0.0,2,1.0,54.0,,43.657968,-79.406326,2017-03-12 13:56:05.998820
14934707,31814201,Private room,,Trinity-Bellwoods (81),6,4.0,2,1.0,44.0,,43.650924,-79.410076,2017-03-12 13:56:05.989038
16534813,107370606,Private room,,Kensington-Chinatown (78),1,0.0,2,1.0,42.0,,43.649883,-79.39941,2017-03-12 13:56:04.478400
251549,1319225,Private room,,Annex (95),11,5.0,1,1.0,49.0,,43.665646,-79.413477,2017-03-12 13:56:04.467595
12788637,30346707,Private room,,Palmerston-Little Italy (80),0,0.0,1,1.0,54.0,,43.656217,-79.412776,2017-03-12 13:56:04.463937
13938523,7719057,Private room,,Kensington-Chinatown (78),2,0.0,2,1.0,58.0,,43.656054,-79.400815,2017-03-12 13:56:04.461505
16544128,107370606,Private room,,Kensington-Chinatown (78),1,0.0,2,1.0,46.0,,43.649587,-79.399937,2017-03-12 13:56:04.456318
17459169,118217503,Private room,,Trinity-Bellwoods (81),0,0.0,1,1.0,49.0,,43.653215,-79.413264,2017-03-12 13:56:02.894941
6762343,26743967,Private room,,University (79),12,5.0,1,1.0,46.0,,43.662712,-79.402577,2017-03-12 13:56:02.880667
7759359,40799791,Private room,,University (79),0,0.0,2,1.0,49.0,,43.662714,-79.404341,2017-03-12 13:56:01.435150
16737266,10081701,Private room,,Kensington-Chinatown (78),2,0.0,2,1.0,49.0,,43.653209,-79.393869,2017-03-12 13:56:01.426663
1360718,7056416,Private room,,University (79),43,4.5,3,1.0,49.0,,43.660885,-79.406697,2017-03-12 13:56:01.421670
16674001,16672293,Private room,,Waterfront Communities-The Island (77),3,5.0,2,1.0,49.0,,43.646962,-79.392082,2017-03-12 13:56:01.413688
9770366,50127967,Private room,,Trinity-Bellwoods (81),13,4.5,2,1.0,53.0,,43.654572,-79.410669,2017-03-12 13:56:01.411011
13184066,26743967,Private room,,University (79),1,0.0,1,1.0,54.0,,43.661612,-79.401758,2017-03-12 13:55:58.758671
15465545,22371065,Private room,,Kensington-Chinatown (78),4,4.0,1,1.0,45.0,,43.650186,-79.403129,2017-03-12 13:55:58.752329
13974056,26743967,Private room,,Annex (95),0,0.0,1,1.0,46.0,,43.66755,-79.403409,2017-03-12 13:55:58.727808
14928675,53955322,Private room,,Kensington-Chinatown (78),1,0.0,2,1.0,44.0,,43.656465,-79.39942,2017-03-12 13:55:57.235913
6762383,26743967,Private room,,University (79),7,4.5,1,1.0,54.0,,43.660777,-79.401094,2017-03-12 13:55:57.233145
14934987,8435530,Private room,,Trinity-Bellwoods (81),11,5.0,2,1.0,46.0,,43.648223,-79.404484,2017-03-12 13:55:57.227015
8082343,28656543,Private room,,Annex (95),0,0.0,2,1.0,46.0,,43.666759,-79.408883,2017-03-12 13:55:53.266001
529256,2597290,Private room,,Trinity-Bellwoods (81),60,4.5,2,1.0,42.0,,43.650377,-79.410186,2017-03-12 13:55:53.260573
11408357,50514304,Private room,,Kensington-Chinatown (78),69,4.0,5,1.0,45.0,,43.65286,-79.395547,2017-03-12 13:55:53.251723
13186626,26743967,Private room,,University (79),11,4.5,1,1.0,54.0,,43.659829,-79.401178,2017-03-12 13:55:49.133998
10379408,9887918,Private room,,Waterfront Communities-The Island (77),13,5.0,1,1.0,61.0,,43.647972,-79.390718,2017-03-12 13:55:47.997555
1592045,5739612,Private room,,Annex (95),59,5.0,2,1.0,61.0,,43.670969,-79.389093,2017-03-12 13:55:47.992518
13873411,36018025,Private room,,Church-Yonge Corridor (75),5,3.5,2,1.0,54.0,,43.668016,-79.383055,2017-03-12 13:55:46.562723
11101354,45376352,Private room,,Bay Street Corridor (76),1,0.0,2,1.0,43.0,,43.666485,-79.388787,2017-03-12 13:55:46.553916
15065717,57327845,Private room,,Islington-City Centre West (14),0,0.0,1,1.0,46.0,,43.642075,-79.526553,2017-03-12 14:08:58.401390
14023679,466044,Private room,,High Park North (88),11,4.0,4,1.0,49.0,,43.654804,-79.459796,2017-03-12 14:08:58.398785
8799193,20867030,Private room,,Lambton Baby Point (114),0,0.0,1,1.0,43.0,,43.651662,-79.487034,2017-03-12 14:08:56.904814
9260908,9956811,Private room,,Mount Dennis (115),12,4.5,1,1.0,52.0,,43.69005,-79.497716,2017-03-12 14:08:56.890542
9739149,48213151,Private room,,Rockcliffe-Smythe (111),1,0.0,2,1.0,42.0,,43.672255,-79.498419,2017-03-12 14:08:55.367502
13093277,33238038,Private room,,Islington-City Centre West (14),0,0.0,2,1.0,46.0,,43.640882,-79.53746,2017-03-12 14:08:55.351327
14168624,82136240,Private room,,Kingsview Village-The Westway (6),17,5.0,4,1.0,54.0,,43.697041,-79.559842,2017-03-12 14:08:52.915567
14949109,24240464,Private room,,Islington-City Centre West (14),9,5.0,2,1.0,56.0,,43.642547,-79.526354,2017-03-12 14:08:52.903870
12963011,71277737,Private room,,Mimico (includes Humber Bay Shores) (17),7,4.5,2,1.0,54.0,,43.623924,-79.479357,2017-03-12 14:08:52.900878
16871635,104651578,Private room,,High Park-Swansea (87),0,0.0,2,1.0,49.0,,43.635983,-79.469835,2017-03-12 14:08:51.550137
16422543,53464459,Private room,,Willowridge-Martingrove-Richview (7),0,0.0,1,1.0,52.0,,43.677597,-79.564922,2017-03-12 14:08:51.540723
16450319,38161047,Private room,,High Park North (88),1,0.0,2,0.0,45.0,,43.656019,-79.459496,2017-03-12 14:08:50.101143
13795533,48362769,Private room,,New Toronto (18),1,0.0,2,1.0,61.0,,43.599777,-79.522785,2017-03-12 14:08:50.085157
14915776,93714780,Private room,,Eringate-Centennial-West Deane (11),7,5.0,2,1.0,42.0,,43.654812,-79.571697,2017-03-12 14:08:48.640491
15130022,67311394,Private room,,High Park-Swansea (87),5,4.5,2,1.0,58.0,,43.637179,-79.468167,2017-03-12 14:08:47.333279
13006068,13162025,Private room,,New Toronto (18),23,5.0,3,1.0,43.0,,43.599117,-79.511744,2017-03-12 14:08:45.935131
14962346,6791906,Private room,,Rockcliffe-Smythe (111),6,5.0,2,1.0,53.0,,43.670933,-79.482655,2017-03-12 14:08:45.932151
13167137,73553248,Private room,,Rockcliffe-Smythe (111),0,0.0,2,1.0,42.0,,43.668951,-79.483984,2017-03-12 14:08:44.664714
4053197,20744105,Private room,,Islington-City Centre West (14),24,4.5,2,1.0,42.0,,43.638633,-79.535852,2017-03-12 14:08:44.647747
15081914,50593863,Private room,,Rockcliffe-Smythe (111),0,0.0,1,1.0,46.0,,43.677315,-79.495491,2017-03-12 14:08:41.506894
17638439,113051813,Private room,,Corso Italia-Davenport (92),0,0.0,2,1.0,58.0,,43.680874,-79.448318,2017-03-12 14:08:41.502566
15927177,38945334,Private room,,Willowridge-Martingrove-Richview (7),4,4.5,2,1.0,46.0,,43.684297,-79.531991,2017-03-12 14:08:41.489417
14898743,42153857,Private room,,Runnymede-Bloor West Village (89),10,4.5,2,1.0,49.0,,43.650426,-79.480297,2017-03-12 14:08:39.884027
17110987,29413579,Private room,,Kingsway South (15),1,0.0,3,1.0,54.0,,43.65996,-79.510366,2017-03-12 14:08:38.348440
6363368,29339351,Private room,,Islington-City Centre West (14),2,0.0,2,1.0,58.0,,43.650277,-79.534922,2017-03-12 14:08:36.732042
15132980,95941458,Private room,,Etobicoke West Mall (13),19,5.0,2,1.0,55.0,,43.63678,-79.564395,2017-03-12 14:08:36.725625
15853135,88719204,Private room,,Eringate-Centennial-West Deane (11),20,5.0,2,1.0,52.0,,43.644394,-79.584847,2017-03-12 14:08:36.709839
3684280,5022997,Private room,,Roncesvalles (86),6,4.0,2,1.0,61.0,,43.642152,-79.432438,2017-03-12 14:08:20.144372
8629227,1163698,Private room,,Palmerston-Little Italy (80),0,0.0,2,1.0,46.0,,43.661496,-79.424299,2017-03-12 14:08:04.570354
6776498,5460237,Private room,,Little Portugal (84),0,0.0,2,1.0,54.0,,43.650446,-79.432487,2017-03-12 14:08:01.034670
5894330,30609954,Private room,,Niagara (82),4,5.0,2,1.0,49.0,,43.644246,-79.414042,2017-03-12 14:07:26.981225
5849335,5845598,Private room,,South Parkdale (85),9,5.0,2,1.0,53.0,,43.639913,-79.42481,2017-03-12 14:07:23.360030
15973711,16278746,Private room,,Waterfront Communities-The Island (77),1,0.0,2,1.0,61.0,,43.642411,-79.391064,2017-03-12 14:06:27.024601
6925403,36300461,Private room,,Waterfront Communities-The Island (77),7,4.5,2,1.0,58.0,,43.642979,-79.394626,2017-03-12 14:06:03.535620
14178546,2773339,Private room,,Trinity-Bellwoods (81),0,0.0,1,1.0,46.0,,43.651254,-79.412802,2017-03-12 14:04:25.576798
384549,1923052,Private room,,North St.James Town (74),0,0.0,2,1.0,49.0,,43.671444,-79.376851,2017-03-12 14:04:07.241647
15453432,8552136,Private room,,Bay Street Corridor (76),3,4.5,2,1.0,58.0,,43.655723,-79.385223,2017-03-12 14:02:58.777651
790887,2056128,Private room,,Bay Street Corridor (76),6,4.5,2,1.0,61.0,,43.664555,-79.385333,2017-03-12 14:02:42.231866
6343605,33037538,Private room,,South Riverdale (70),0,0.0,2,1.0,59.0,,43.658116,-79.347307,2017-03-12 14:02:26.026652
2553718,9649736,Private room,,South Riverdale (70),1,0.0,2,1.0,49.0,,43.660432,-79.333701,2017-03-12 14:02:24.914672
12466246,29469563,Private room,,Playter Estates-Danforth (67),0,0.0,2,1.0,42.0,,43.680498,-79.35256,2017-03-12 14:02:16.250950
2875711,4350429,Private room,,North Riverdale (68),1,0.0,1,1.0,49.0,,43.677235,-79.345871,2017-03-12 14:02:13.356564
7590955,36451181,Private room,,South Parkdale (85),6,4.5,2,1.0,42.0,,43.635813,-79.438634,2017-03-12 14:01:03.037362
14919900,16346801,Private room,,South Parkdale (85),0,0.0,1,1.0,52.0,,43.63368,-79.434952,2017-03-12 14:01:01.900285
5623641,3998902,Private room,,South Parkdale (85),5,5.0,2,1.0,52.0,,43.636779,-79.442262,2017-03-12 14:01:01.889683
10255379,52723346,Private room,,Waterfront Communities-The Island (77),1,0.0,1,1.0,53.0,,43.64707,-79.393424,2017-03-12 14:00:57.255876
9195571,47835352,Private room,,Waterfront Communities-The Island (77),4,5.0,2,1.0,61.0,,43.639019,-79.397658,2017-03-12 14:00:56.104892
14069821,56534404,Private room,,Waterfront Communities-The Island (77),4,4.0,3,1.0,49.0,,43.642145,-79.392792,2017-03-12 14:00:53.888128
7329506,26274598,Private room,,Niagara (82),51,5.0,2,1.0,46.0,,43.637788,-79.405289,2017-03-12 14:00:53.879435
14590008,90471674,Private room,,Little Portugal (84),5,5.0,2,1.0,58.0,,43.64106,-79.423098,2017-03-12 14:00:49.011471
7873288,3714317,Private room,,South Parkdale (85),3,4.5,2,1.0,42.0,,43.635395,-79.440284,2017-03-12 14:00:49.003527
13449204,30947892,Private room,,Dufferin Grove (83),0,0.0,2,1.0,46.0,,43.65523,-79.440401,2017-03-12 14:00:49.000304
6799347,22509324,Private room,,South Parkdale (85),26,4.0,2,1.0,46.0,,43.637412,-79.444974,2017-03-12 14:00:48.995542
10306681,53030404,Private room,,Little Portugal (84),0,0.0,2,1.0,61.0,,43.642398,-79.427462,2017-03-12 14:00:48.136969
13111728,47659921,Private room,,South Parkdale (85),5,4.5,2,1.0,49.0,,43.63502,-79.439272,2017-03-12 14:00:48.130856
10706420,29190570,Private room,,South Parkdale (85),15,4.5,2,1.0,58.0,,43.634148,-79.434096,2017-03-12 14:00:47.470202
6541441,16108665,Private room,,South Parkdale (85),0,0.0,2,1.0,49.0,,43.634475,-79.432825,2017-03-12 14:00:47.461629
5682594,7967956,Private room,,South Parkdale (85),11,5.0,2,1.0,42.0,,43.63401,-79.432586,2017-03-12 14:00:45.869064
6994050,34231481,Private room,,Bay Street Corridor (76),2,0.0,1,1.0,46.0,,43.655374,-79.386425,2017-03-12 13:55:46.536635
14383227,11018899,Private room,,Bay Street Corridor (76),3,4.5,1,1.0,61.0,,43.664212,-79.388717,2017-03-12 13:55:46.533903
10765243,7649649,Private room,,Cabbagetown-South St.James Town (71),0,0.0,2,1.0,42.0,,43.662746,-79.376481,2017-03-12 13:55:46.526251
3032302,15445037,Private room,,Cabbagetown-South St.James Town (71),22,5.0,1,1.0,61.0,,43.666272,-79.376498,2017-03-12 13:55:45.155179
9614824,49133533,Private room,,Moss Park (73),1,0.0,2,1.0,57.0,,43.654798,-79.372044,2017-03-12 13:55:45.150773
14604740,84782139,Private room,,Bay Street Corridor (76),3,4.5,1,1.0,58.0,,43.65382,-79.38777,2017-03-12 13:55:45.148086
9540269,49412882,Private room,,Church-Yonge Corridor (75),0,0.0,2,1.0,46.0,,43.657961,-79.381354,2017-03-12 13:55:45.131757
12292365,64982559,Private room,,Waterfront Communities-The Island (77),1,0.0,1,1.0,54.0,,43.648256,-79.369744,2017-03-12 13:55:45.104137
16885273,112608754,Private room,,Bay Street Corridor (76),0,0.0,1,1.0,46.0,,43.656345,-79.386071,2017-03-12 13:55:43.491064
2760082,14117100,Private room,,Moss Park (73),29,4.5,1,1.0,53.0,,43.651284,-79.371312,2017-03-12 13:55:43.475743
14666284,31733101,Private room,,Church-Yonge Corridor (75),13,4.5,2,1.0,54.0,,43.653707,-79.375037,2017-03-12 13:55:43.471813
6656676,32632978,Private room,,Moss Park (73),6,5.0,2,1.0,61.0,,43.658204,-79.367329,2017-03-12 13:55:41.976157
16895368,112608754,Private room,,Bay Street Corridor (76),1,0.0,2,1.0,54.0,,43.656554,-79.384844,2017-03-12 13:55:41.973916
15006658,25747756,Private room,,Moss Park (73),7,4.5,2,1.0,61.0,,43.653882,-79.372991,2017-03-12 13:55:41.969284
849500,4435131,Private room,,Moss Park (73),89,5.0,2,1.0,61.0,,43.652431,-79.367791,2017-03-12 13:55:40.514083
13138534,73214584,Private room,,Bay Street Corridor (76),85,5.0,2,1.0,45.0,,43.654093,-79.384775,2017-03-12 13:55:36.958008
535086,2511000,Private room,,Moss Park (73),10,3.5,2,1.0,54.0,,43.65796,-79.371457,2017-03-12 13:55:35.644362
13344362,75603989,Private room,,Bay Street Corridor (76),0,0.0,1,1.0,61.0,,43.669346,-79.389658,2017-03-12 13:55:25.171692
13911458,68250714,Private room,,Annex (95),1,0.0,2,1.0,47.0,,43.667344,-79.404632,2017-03-12 13:55:25.162289
13671920,26743967,Private room,,Annex (95),3,3.5,2,1.0,46.0,,43.669106,-79.406249,2017-03-12 13:55:25.156086
4909762,7557728,Private room,,Annex (95),2,0.0,1,1.0,48.0,,43.670699,-79.403284,2017-03-12 13:55:19.798445
7088587,19703001,Private room,,Bay Street Corridor (76),8,4.5,1,1.0,43.0,,43.669135,-79.388079,2017-03-12 13:55:14.654830
3575601,6739062,Private room,,Rosedale-Moore Park (98),0,0.0,2,1.0,61.0,,43.671777,-79.385855,2017-03-12 13:55:14.640092
4977473,25657420,Private room,,Rosedale-Moore Park (98),4,4.5,1,1.0,42.0,,43.671235,-79.384401,2017-03-12 13:55:14.638058
16572175,56493771,Private room,,North St.James Town (74),0,0.0,2,1.0,46.0,,43.67098,-79.378553,2017-03-12 13:55:14.632268
13412156,28057005,Private room,,North St.James Town (74),3,5.0,3,1.0,42.0,,43.671163,-79.37406,2017-03-12 13:55:12.848900
8578752,45149625,Private room,,Rosedale-Moore Park (98),26,5.0,2,1.0,61.0,,43.672667,-79.38731,2017-03-12 13:55:12.841897
11013329,27558357,Private room,,Rosedale-Moore Park (98),0,0.0,2,1.0,49.0,,43.673356,-79.387314,2017-03-12 13:55:12.824669
13587618,50514304,Private room,,Kensington-Chinatown (78),30,3.5,6,1.0,43.0,,43.651497,-79.398608,2017-03-12 13:55:06.154678
535079,2511000,Private room,,Moss Park (73),2,0.0,2,1.0,58.0,,43.658518,-79.371654,2017-03-12 13:55:06.152019
1001438,3131000,Private room,,Trinity-Bellwoods (81),67,5.0,2,1.0,44.0,,43.649193,-79.406231,2017-03-12 13:55:06.146805
13184805,26743967,Private room,,University (79),2,0.0,1,1.0,46.0,,43.660277,-79.401992,2017-03-12 13:55:06.142103
14294873,87288641,Private room,,Bay Street Corridor (76),3,5.0,1,1.0,42.0,,43.669591,-79.388152,2017-03-12 13:55:04.473060
8598071,17173046,Private room,,Bay Street Corridor (76),13,5.0,1,1.0,42.0,,43.659723,-79.385066,2017-03-12 13:55:04.469885
11683303,10724994,Private room,,Palmerston-Little Italy (80),1,0.0,2,1.0,55.0,,43.660281,-79.410625,2017-03-12 13:55:04.453067
15043417,4013498,Private room,,Kensington-Chinatown (78),10,4.5,2,1.0,46.0,,43.653809,-79.404842,2017-03-12 13:55:02.164433
12904571,70708148,Private room,,Bay Street Corridor (76),1,0.0,1,1.0,58.0,,43.662737,-79.385525,2017-03-12 13:55:02.160174
16895274,112608754,Private room,,Bay Street Corridor (76),0,0.0,2,1.0,54.0,,43.656576,-79.384898,2017-03-12 13:55:02.154025
13183743,26743967,Private room,,University (79),8,4.0,2,1.0,46.0,,43.66025,-79.402696,2017-03-12 13:55:02.145811
12540799,32789999,Private room,,Kensington-Chinatown (78),3,4.5,2,1.0,46.0,,43.652557,-79.396735,2017-03-12 13:55:00.536799
14729409,1910258,Private room,,Kensington-Chinatown (78),1,0.0,1,1.0,42.0,,43.656993,-79.39716,2017-03-12 13:55:00.524644
15311292,96990916,Private room,,Bay Street Corridor (76),0,0.0,2,1.0,61.0,,43.667536,-79.389198,2017-03-12 13:54:59.493206
6762848,26743967,Private room,,University (79),3,4.5,1,1.0,46.0,,43.662035,-79.403111,2017-03-12 13:54:58.239526
13787028,49028111,Private room,,Annex (95),24,5.0,2,1.0,49.0,,43.666717,-79.409964,2017-03-12 13:54:56.906278
6762428,26743967,Private room,,University (79),9,4.0,1,1.0,54.0,,43.662473,-79.402525,2017-03-12 13:54:56.902622
16240600,76610945,Private room,,Bay Street Corridor (76),4,4.5,2,1.0,61.0,,43.661176,-79.385099,2017-03-12 13:54:56.900507
6955940,26743967,Private room,,Annex (95),6,4.0,2,1.0,54.0,,43.672487,-79.403584,2017-03-12 13:54:56.887877
12687633,68959259,Private room,,Annex (95),26,5.0,2,1.0,48.0,,43.674467,-79.404171,2017-03-12 13:54:56.883283
14075100,3508697,Private room,,Kensington-Chinatown (78),6,5.0,2,1.0,42.0,,43.654071,-79.400164,2017-03-12 13:54:55.739659
11224558,8552136,Private room,,Bay Street Corridor (76),27,4.5,1,1.0,42.0,,43.655454,-79.385513,2017-03-12 13:54:55.731782
15947199,29086079,Private room,,Bay Street Corridor (76),1,0.0,2,1.0,61.0,,43.668609,-79.389431,2017-03-12 13:54:55.729826
13769192,4922265,Private room,,Palmerston-Little Italy (80),0,0.0,4,2.0,49.0,,43.657568,-79.408501,2017-03-12 13:54:55.724147
12184007,25916552,Private room,,Annex (95),0,0.0,2,1.0,53.0,,43.672334,-79.405522,2017-03-12 13:54:54.207176
7698542,7781366,Private room,,Bay Street Corridor (76),14,5.0,3,1.0,58.0,,43.668845,-79.387217,2017-03-12 13:54:54.198872
14152093,85507924,Private room,,Kensington-Chinatown (78),6,4.5,2,1.0,61.0,,43.652104,-79.405904,2017-03-12 13:54:52.687061
11958853,16949970,Private room,,Annex (95),0,0.0,2,1.0,42.0,,43.672387,-79.407292,2017-03-12 13:54:52.682560
2364687,5791794,Private room,,University (79),124,4.5,4,1.0,58.0,,43.657533,-79.407987,2017-03-12 13:54:51.128353
16871817,85507924,Private room,,Trinity-Bellwoods (81),2,0.0,2,1.0,53.0,,43.650691,-79.405714,2017-03-12 13:54:51.103753
15389741,80603071,Private room,,Cabbagetown-South St.James Town (71),3,4.5,2,1.0,54.0,,43.665742,-79.372821,2017-03-12 13:54:49.495904
14557441,4013498,Private room,,Kensington-Chinatown (78),25,4.5,2,1.0,46.0,,43.654233,-79.40649,2017-03-12 13:54:49.487497
15537875,4976043,Private room,,Kensington-Chinatown (78),9,5.0,3,1.0,49.0,,43.655413,-79.403078,2017-03-12 13:54:48.459477
14588448,16353118,Private room,,Kensington-Chinatown (78),12,4.5,2,1.0,49.0,,43.656612,-79.392465,2017-03-12 13:54:47.068289
15832854,55136561,Private room,,Bay Street Corridor (76),4,5.0,2,1.0,42.0,,43.668319,-79.387375,2017-03-12 13:54:45.531691
7952721,20906958,Private room,,Annex (95),82,4.5,1,1.0,42.0,,43.673828,-79.406008,2017-03-12 13:54:42.761122
2617846,13406877,Private room,,Wychwood (94),3,4.5,2,1.0,43.0,,43.682745,-79.419395,2017-03-12 13:54:39.564950
10811923,415421,Private room,,Oakwood Village (107),0,0.0,2,1.0,46.0,,43.684625,-79.440061,2017-03-12 13:54:39.560686
16150097,22025684,Private room,,Caledonia-Fairbank (109),0,0.0,2,1.0,46.0,,43.69033,-79.450693,2017-03-12 13:54:39.558321
16150423,22025684,Private room,,Caledonia-Fairbank (109),0,0.0,2,1.0,46.0,,43.688678,-79.450341,2017-03-12 13:54:39.554205
13128570,4989379,Private room,,Oakwood Village (107),0,0.0,4,1.0,46.0,,43.687884,-79.444597,2017-03-12 13:54:39.543298
8782212,41579136,Private room,,Oakwood Village (107),2,0.0,2,1.0,42.0,,43.688872,-79.437949,2017-03-12 13:54:39.538755
3946616,14103269,Private room,,Oakwood Village (107),7,5.0,2,1.0,46.0,,43.686818,-79.436988,2017-03-12 13:54:38.699090
3994189,20705430,Private room,,Yonge-St.Clair (97),32,5.0,2,1.0,61.0,,43.682898,-79.394648,2017-03-12 13:54:37.926748
1100908,1038649,Private room,,University (79),48,4.5,2,1.0,58.0,,43.659461,-79.408674,2017-03-12 13:54:34.260275
13529049,451646,Private room,,Wychwood (94),4,4.5,1,1.0,42.0,,43.675306,-79.428834,2017-03-12 13:54:34.241397
3992076,5354283,Private room,,Annex (95),36,5.0,2,1.0,61.0,,43.670739,-79.418661,2017-03-12 13:54:31.749278
15814950,18592209,Private room,,Palmerston-Little Italy (80),3,5.0,2,1.0,43.0,,43.65854,-79.42375,2017-03-12 13:54:31.746728
7115343,9210152,Private room,,Casa Loma (96),1,0.0,1,1.0,53.0,,43.681684,-79.40106,2017-03-12 13:54:31.736790
14351277,28917201,Private room,,Wychwood (94),7,5.0,2,1.0,42.0,,43.67413,-79.425641,2017-03-12 13:54:31.727052
6897540,5743030,Private room,,Dovercourt-Wallace Emerson-Junction (93),2,0.0,1,1.0,59.0,,43.665235,-79.423781,2017-03-12 13:54:31.724879
6762702,26743967,Private room,,University (79),12,4.5,2,1.0,54.0,,43.66056,-79.402243,2017-03-12 13:54:31.722729
14613571,2374070,Private room,,Kensington-Chinatown (78),6,5.0,4,1.0,44.0,,43.655843,-79.40605,2017-03-12 13:54:31.720167
6636187,34734409,Private room,,Palmerston-Little Italy (80),0,0.0,2,1.0,46.0,,43.658556,-79.418547,2017-03-12 13:54:30.201122
3077611,13475067,Private room,,Dovercourt-Wallace Emerson-Junction (93),10,5.0,1,1.0,49.0,,43.671833,-79.439236,2017-03-12 13:54:30.198129
14182328,50915168,Private room,,Dufferin Grove (83),19,5.0,2,1.0,49.0,,43.657215,-79.44743,2017-03-12 13:54:30.173098
14388636,81019504,Private room,,Church-Yonge Corridor (75),6,5.0,2,1.0,61.0,,43.670238,-79.381149,2017-03-12 13:54:29.287852
6762229,26743967,Private room,,University (79),10,4.5,2,1.0,54.0,,43.660869,-79.4011,2017-03-12 13:54:29.277136
15522864,58714781,Private room,,Annex (95),2,0.0,1,1.0,42.0,,43.67177,-79.388679,2017-03-12 13:54:29.267323
8165100,2741309,Private room,,Palmerston-Little Italy (80),1,0.0,2,1.0,54.0,,43.658365,-79.412068,2017-03-12 13:54:29.257691
7194339,1290195,Private room,,Dovercourt-Wallace Emerson-Junction (93),9,5.0,2,1.0,45.0,,43.660725,-79.447543,2017-03-12 13:54:28.420564
13126966,25157177,Private room,,Dovercourt-Wallace Emerson-Junction (93),7,4.0,2,1.0,42.0,,43.663996,-79.435766,2017-03-12 13:54:28.415501
15864877,7661652,Private room,,Palmerston-Little Italy (80),5,5.0,2,1.0,54.0,,43.656496,-79.41559,2017-03-12 13:54:28.409657
6762465,26743967,Private room,,University (79),6,4.5,1,1.0,54.0,,43.662019,-79.401055,2017-03-12 13:54:28.407513
13651120,26743967,Private room,,Annex (95),3,3.5,2,1.0,46.0,,43.66806,-79.40407,2017-03-12 13:54:28.403202
1163516,5175157,Private room,,Annex (95),3,4.0,1,1.0,53.0,,43.673471,-79.403231,2017-03-12 13:54:28.396593
14119531,26743967,Private room,,Annex (95),1,0.0,1,1.0,54.0,,43.667351,-79.405772,2017-03-12 13:54:28.392441
14240038,86624266,Private room,,Annex (95),7,4.5,3,1.0,46.0,,43.671208,-79.401944,2017-03-12 13:54:26.952572
6762560,26743967,Private room,,University (79),11,4.5,1,1.0,46.0,,43.661948,-79.400877,2017-03-12 13:54:26.945887
7336473,26743967,Private room,,University (79),4,4.0,1,1.0,46.0,,43.659769,-79.400476,2017-03-12 13:54:26.943734
10410738,50610533,Private room,,Humewood-Cedarvale (106),22,5.0,2,1.0,61.0,,43.683374,-79.427518,2017-03-12 13:54:26.940838
16946596,17430748,Private room,,Palmerston-Little Italy (80),0,0.0,2,1.0,54.0,,43.660715,-79.424244,2017-03-12 13:54:26.936798
5355000,8374268,Private room,,Dovercourt-Wallace Emerson-Junction (93),1,0.0,1,1.0,54.0,,43.659134,-79.442045,2017-03-12 13:54:26.931625
5639925,5850352,Private room,,Wychwood (94),1,0.0,1,1.0,46.0,,43.672778,-79.421875,2017-03-12 13:54:26.928758
8617426,873497,Private room,,Wychwood (94),10,4.5,3,1.0,54.0,,43.673562,-79.42933,2017-03-12 13:54:26.926324
12896632,21526358,Private room,,Annex (95),3,4.5,2,1.0,50.0,,43.672928,-79.405868,2017-03-12 13:54:26.923035
8655298,713509,Private room,,Humewood-Cedarvale (106),0,0.0,1,1.0,58.0,,43.683333,-79.42191,2017-03-12 13:54:26.915673
14122290,26743967,Private room,,Annex (95),1,0.0,2,1.0,54.0,,43.667531,-79.405562,2017-03-12 13:54:25.368461
8335476,8804961,Private room,,Palmerston-Little Italy (80),8,5.0,2,1.0,49.0,,43.659153,-79.420591,2017-03-12 13:54:25.360771
8236676,43435432,Private room,,Dovercourt-Wallace Emerson-Junction (93),5,5.0,1,1.0,46.0,,43.669013,-79.428917,2017-03-12 13:54:25.357928
8241557,43462929,Private room,,Dufferin Grove (83),119,5.0,2,1.0,49.0,,43.656054,-79.44703,2017-03-12 13:54:25.353033
13975932,26743967,Private room,,Annex (95),0,0.0,1,1.0,46.0,,43.668679,-79.405482,2017-03-12 13:54:25.348542
13860434,1676636,Private room,,Dufferin Grove (83),17,5.0,2,1.0,46.0,,43.655786,-79.444318,2017-03-12 13:54:25.341530
6762908,26743967,Private room,,University (79),9,4.0,1,1.0,46.0,,43.661303,-79.40152,2017-03-12 13:54:24.204691
5917740,13075049,Private room,,Palmerston-Little Italy (80),0,0.0,1,1.0,49.0,,43.661938,-79.422747,2017-03-12 13:54:24.199756
6505520,34006741,Private room,,Dovercourt-Wallace Emerson-Junction (93),0,0.0,2,1.0,44.0,,43.665217,-79.430207,2017-03-12 13:54:24.196862
16242890,105127468,Private room,,Annex (95),0,0.0,1,1.0,50.0,,43.666675,-79.416804,2017-03-12 13:54:24.185064
11986080,5840981,Private room,,Trinity-Bellwoods (81),36,4.5,2,1.0,49.0,,43.654929,-79.415258,2017-03-12 13:54:24.182525
5061001,14282,Private room,,Palmerston-Little Italy (80),15,4.5,1,1.0,49.0,,43.662303,-79.422798,2017-03-12 13:54:24.173598
17108716,4444298,Private room,,Dovercourt-Wallace Emerson-Junction (93),2,0.0,2,1.0,54.0,,43.66261,-79.443747,2017-03-12 13:54:24.169368
3115777,15534990,Private room,,Church-Yonge Corridor (75),66,4.5,2,1.0,44.0,,43.669786,-79.382353,2017-03-12 13:54:23.305801
13973721,26743967,Private room,,Annex (95),2,0.0,1,1.0,54.0,,43.668947,-79.40627,2017-03-12 13:54:23.300995
1836298,1125010,Private room,,University (79),43,5.0,2,1.0,52.0,,43.660744,-79.407401,2017-03-12 13:54:23.298124
7377303,26743967,Private room,,University (79),10,4.5,2,1.0,46.0,,43.661702,-79.40121,2017-03-12 13:54:23.295609
13672408,26743967,Private room,,Annex (95),1,0.0,1,1.0,46.0,,43.669389,-79.406031,2017-03-12 13:54:23.290879
3513467,17690911,Private room,,Annex (95),10,4.5,1,1.0,49.0,,43.670964,-79.401497,2017-03-12 13:54:23.287915
6955869,26743967,Private room,,Annex (95),8,4.0,1,1.0,54.0,,43.672103,-79.403811,2017-03-12 13:54:23.285370
13184433,26743967,Private room,,University (79),4,4.5,1,1.0,46.0,,43.659983,-79.400712,2017-03-12 13:54:23.282389
14090172,26743967,Private room,,Annex (95),0,0.0,1,1.0,54.0,,43.668921,-79.40496,2017-03-12 13:54:23.279003
14087085,26743967,Private room,,Annex (95),5,4.0,1,1.0,46.0,,43.667159,-79.405653,2017-03-12 13:54:23.276339
13636224,26743967,Private room,,Annex (95),5,4.5,1,1.0,46.0,,43.666679,-79.404242,2017-03-12 13:54:23.268949
13874098,7087982,Private room,,Palmerston-Little Italy (80),13,4.5,2,1.0,46.0,,43.657823,-79.410408,2017-03-12 13:54:23.265708
3861498,13007302,Private room,,Annex (95),36,4.5,2,1.0,61.0,,43.672731,-79.408277,2017-03-12 13:54:23.261879
17567754,816209,Private room,,Dovercourt-Wallace Emerson-Junction (93),0,0.0,2,1.0,49.0,,43.66477,-79.426676,2017-03-12 13:54:22.248375
8169606,6110248,Private room,,Wychwood (94),19,4.5,2,1.0,54.0,,43.681939,-79.419154,2017-03-12 13:54:22.240348
14010413,26743967,Private room,,Annex (95),2,0.0,1,1.0,46.0,,43.669035,-79.406366,2017-03-12 13:54:22.237897
8668262,5034342,Private room,,Wychwood (94),7,5.0,2,1.0,58.0,,43.677502,-79.417557,2017-03-12 13:54:22.232222
6952609,26743967,Private room,,Annex (95),7,4.0,2,1.0,54.0,,43.672081,-79.401899,2017-03-12 13:54:22.226538
15719139,199509,Private room,,Rosedale-Moore Park (98),0,0.0,2,1.0,42.0,,43.672291,-79.385939,2017-03-12 13:54:22.219641
2634306,7457259,Private room,,Dovercourt-Wallace Emerson-Junction (93),56,4.5,2,1.0,43.0,,43.663677,-79.440051,2017-03-12 13:54:22.216803
4508335,23377415,Private room,,Annex (95),9,5.0,1,1.0,46.0,,43.672779,-79.406232,2017-03-12 13:54:21.505420
2693965,13787733,Private room,,University (79),1,0.0,2,1.0,58.0,,43.665188,-79.410433,2017-03-12 13:54:21.497771
16456276,53955322,Private room,,Kensington-Chinatown (78),2,0.0,2,1.0,50.0,,43.656349,-79.399439,2017-03-12 13:54:21.493186
16547671,38127997,Private room,,Palmerston-Little Italy (80),0,0.0,2,1.0,49.0,,43.655404,-79.426223,2017-03-12 13:54:21.477689
13671744,26743967,Private room,,Annex (95),3,3.5,1,1.0,46.0,,43.669909,-79.404892,2017-03-12 13:54:20.478758
13649904,26743967,Private room,,Annex (95),2,0.0,2,1.0,54.0,,43.667788,-79.40577,2017-03-12 13:54:20.474380
6955368,26743967,Private room,,Annex (95),6,4.5,1,1.0,46.0,,43.670836,-79.402777,2017-03-12 13:54:20.471727
3711259,6845247,Private room,,Cabbagetown-South St.James Town (71),43,4.5,2,1.0,45.0,,43.666281,-79.371885,2017-03-12 13:54:19.319818
6955746,26743967,Private room,,Annex (95),3,4.5,1,1.0,46.0,,43.671408,-79.402534,2017-03-12 13:54:19.299017
7114353,13787733,Private room,,University (79),5,4.5,2,1.0,45.0,,43.665099,-79.410016,2017-03-12 13:54:19.296569
14569263,1000549,Private room,,Wychwood (94),0,0.0,2,1.0,49.0,,43.671803,-79.430751,2017-03-12 13:54:18.006342
15217074,12095564,Private room,,Annex (95),2,0.0,2,1.0,46.0,,43.666801,-79.407366,2017-03-12 13:54:16.671243
4020596,20844756,Private room,,Palmerston-Little Italy (80),69,4.5,3,1.0,42.0,,43.659389,-79.426896,2017-03-12 13:54:15.347632
12285791,1476027,Private room,,Annex (95),17,5.0,2,1.0,54.0,,43.674509,-79.408507,2017-03-12 13:54:12.965006
8291555,43716941,Private room,,Church-Yonge Corridor (75),13,4.5,2,1.0,58.0,,43.66147,-79.382314,2017-03-12 13:54:12.280331
261235,1367540,Private room,,Moss Park (73),64,4.5,4,1.0,62.0,,43.656269,-79.371155,2017-03-12 13:54:12.272108
9958146,15433871,Private room,,Church-Yonge Corridor (75),0,0.0,4,1.0,54.0,,43.666556,-79.383156,2017-03-12 13:54:12.266887
14498682,2762230,Private room,,Church-Yonge Corridor (75),1,0.0,2,1.0,61.0,,43.669283,-79.384984,2017-03-12 13:54:12.264013
850151,1132399,Private room,,Church-Yonge Corridor (75),7,5.0,2,1.0,60.0,,43.667325,-79.380198,2017-03-12 13:54:12.257654
2223275,4216247,Private room,,Regent Park (72),8,4.5,2,1.0,54.0,,43.658727,-79.363943,2017-03-12 13:54:12.254814
3228216,4532928,Private room,,Moss Park (73),1,0.0,2,1.0,52.0,,43.655973,-79.357064,2017-03-12 13:54:10.712655
15966365,48074184,Private room,,North St.James Town (74),1,0.0,2,1.0,61.0,,43.670079,-79.376898,2017-03-12 13:54:10.708558
16275084,106445062,Private room,,North St.James Town (74),0,0.0,2,1.0,62.0,,43.667844,-79.374316,2017-03-12 13:54:10.706156
678398,3451822,Private room,,Rosedale-Moore Park (98),2,0.0,1,1.0,52.0,,43.683562,-79.38267,2017-03-12 13:54:10.701424
268888,1408862,Private room,,Broadview North (57),0,0.0,1,1.0,46.0,,43.687903,-79.352683,2017-03-12 13:54:10.690071
4170154,21633160,Private room,,Church-Yonge Corridor (75),0,0.0,2,1.0,58.0,,43.664302,-79.381612,2017-03-12 13:54:10.687252
12953949,23803223,Private room,,Church-Yonge Corridor (75),3,4.5,1,1.0,46.0,,43.657893,-79.375784,2017-03-12 13:54:10.681097
9513337,1323880,Private room,,Church-Yonge Corridor (75),1,0.0,2,1.0,58.0,,43.665088,-79.383712,2017-03-12 13:54:09.558870
11698757,56219048,Private room,,Church-Yonge Corridor (75),0,0.0,1,1.0,42.0,,43.669113,-79.382955,2017-03-12 13:54:09.553441
14451229,87708239,Private room,,Danforth (66),0,0.0,3,1.0,58.0,,43.680804,-79.341983,2017-03-12 13:54:09.551084
11370261,2511000,Private room,,Moss Park (73),4,3.5,2,1.0,61.0,,43.660062,-79.372398,2017-03-12 13:54:09.548166
509575,2511000,Private room,,Moss Park (73),4,3.0,2,1.0,61.0,,43.657512,-79.371775,2017-03-12 13:54:09.540594
11814610,17719217,Private room,,Cabbagetown-South St.James Town (71),1,0.0,2,1.0,61.0,,43.664394,-79.375283,2017-03-12 13:54:09.532789
8469320,44601429,Private room,,Church-Yonge Corridor (75),0,0.0,2,1.0,46.0,,43.664493,-79.383457,2017-03-12 13:54:09.526156
13936839,82856374,Private room,,Moss Park (73),1,0.0,2,1.0,58.0,,43.657808,-79.371348,2017-03-12 13:54:09.521285
16099592,37487929,Private room,,Cabbagetown-South St.James Town (71),0,0.0,2,1.0,58.0,,43.666774,-79.372102,2017-03-12 13:54:09.514806
3378345,14545450,Private room,,Church-Yonge Corridor (75),0,0.0,2,1.0,46.0,,43.661842,-79.377581,2017-03-12 13:54:08.794451
14092787,57403776,Private room,,Church-Yonge Corridor (75),19,5.0,2,1.0,60.0,,43.655472,-79.376668,2017-03-12 13:54:08.789199
13749891,22911032,Private room,,Church-Yonge Corridor (75),5,5.0,2,1.0,54.0,,43.656566,-79.379953,2017-03-12 13:54:08.776455
12227642,65783834,Private room,,Cabbagetown-South St.James Town (71),0,0.0,2,1.0,46.0,,43.66363,-79.371134,2017-03-12 13:54:08.763886
15732152,101641234,Private room,,North St.James Town (74),0,0.0,2,1.0,58.0,,43.66782,-79.371514,2017-03-12 13:54:08.122109
260645,1367540,Private room,,Moss Park (73),112,4.5,4,1.0,42.0,,43.654898,-79.371036,2017-03-12 13:54:08.116568
264319,1367540,Private room,,Moss Park (73),74,4.5,4,1.0,46.0,,43.655513,-79.371334,2017-03-12 13:54:08.106108
3925001,20334033,Private room,,Church-Yonge Corridor (75),43,5.0,2,1.0,46.0,,43.665782,-79.378903,2017-03-12 13:54:08.101334
2447970,4420576,Private room,,Cabbagetown-South St.James Town (71),34,4.5,2,1.0,44.0,,43.667529,-79.371719,2017-03-12 13:54:08.097156
13787490,18222998,Private room,,Woodbine Corridor (64),0,0.0,2,1.0,46.0,,43.675539,-79.318635,2017-03-12 13:54:08.090789
11949739,63805267,Private room,,Church-Yonge Corridor (75),47,4.5,2,1.0,46.0,,43.666008,-79.384727,2017-03-12 13:54:08.086984
10142632,52053102,Private room,,Woodbine Corridor (64),3,4.5,1,1.0,49.0,,43.674499,-79.308754,2017-03-12 13:54:08.084188
12249804,65943721,Private room,,Church-Yonge Corridor (75),0,0.0,2,1.0,46.0,,43.664845,-79.383063,2017-03-12 13:54:07.269885
7972916,35030912,Private room,,Church-Yonge Corridor (75),0,0.0,2,1.0,54.0,,43.659417,-79.378675,2017-03-12 13:54:07.264545
535006,2511000,Private room,,Moss Park (73),2,0.0,3,1.0,61.0,,43.659311,-79.372582,2017-03-12 13:54:07.262176
13101905,4719496,Private room,,Church-Yonge Corridor (75),1,0.0,2,1.0,58.0,,43.661546,-79.37757,2017-03-12 13:54:07.255430
1447944,7771785,Private room,,Cabbagetown-South St.James Town (71),14,5.0,2,1.0,49.0,,43.666876,-79.368421,2017-03-12 13:54:07.252403
17522911,30813376,Private room,,Church-Yonge Corridor (75),0,0.0,2,1.0,45.0,,43.660152,-79.380964,2017-03-12 13:54:07.248188
14502569,89565392,Private room,,South Riverdale (70),1,0.0,1,1.0,61.0,,43.657544,-79.340335,2017-03-12 13:54:07.240033
15362414,91031149,Private room,,Moss Park (73),0,0.0,2,1.0,56.0,,43.662347,-79.368238,2017-03-12 13:54:07.237711
534962,2511000,Private room,,Moss Park (73),4,3.5,3,1.0,61.0,,43.66002,-79.372171,2017-03-12 13:54:07.235369
10657885,34075696,Private room,,Church-Yonge Corridor (75),0,0.0,2,1.0,54.0,,43.660961,-79.381438,2017-03-12 13:54:07.229734
14101349,84884182,Private room,,Moss Park (73),2,0.0,2,1.0,45.0,,43.655475,-79.373823,2017-03-12 13:54:07.225274
7914141,41730546,Private room,,Church-Yonge Corridor (75),0,0.0,1,1.0,46.0,,43.665277,-79.379242,2017-03-12 13:54:05.945551
2684516,3982898,Private room,,Cabbagetown-South St.James Town (71),9,5.0,1,1.0,49.0,,43.665154,-79.37142,2017-03-12 13:54:05.942498
1681627,8893412,Private room,,Cabbagetown-South St.James Town (71),3,4.5,1,1.0,43.0,,43.667823,-79.366545,2017-03-12 13:54:05.939812
13257078,40813523,Private room,,North St.James Town (74),0,0.0,1,1.0,52.0,,43.668818,-79.378797,2017-03-12 13:54:05.931855
8426990,44377587,Private room,,Playter Estates-Danforth (67),18,4.5,2,1.0,42.0,,43.677077,-79.356373,2017-03-12 13:54:05.928760
14930010,3560836,Private room,,North St.James Town (74),3,3.0,2,1.0,46.0,,43.669014,-79.372429,2017-03-12 13:54:05.926225
15158739,3667087,Private room,,North St.James Town (74),1,0.0,2,1.0,54.0,,43.670885,-79.379243,2017-03-12 13:54:05.919504
6992869,5407816,Private room,,South Riverdale (70),4,5.0,1,1.0,46.0,,43.669329,-79.332236,2017-03-12 13:54:05.917286
6834011,1472545,Private room,,Church-Yonge Corridor (75),60,5.0,2,1.0,52.0,,43.666894,-79.381615,2017-03-12 13:54:04.609363
5714244,2511000,Private room,,Moss Park (73),3,4.5,2,1.0,54.0,,43.659163,-79.371897,2017-03-12 13:54:04.598082
14204501,5451628,Private room,,North St.James Town (74),1,0.0,1,1.0,61.0,,43.671154,-79.377541,2017-03-12 13:54:04.585973
14057261,17719217,Private room,,Cabbagetown-South St.James Town (71),1,0.0,1,1.0,45.0,,43.664946,-79.37589,2017-03-12 13:54:04.574431
7064484,24370734,Private room,,North St.James Town (74),0,0.0,2,1.0,54.0,,43.672262,-79.374814,2017-03-12 13:54:03.699243
8370668,44118051,Private room,,South Riverdale (70),4,5.0,1,1.0,46.0,,43.664218,-79.349261,2017-03-12 13:54:03.124205
13372579,31232878,Private room,,Regent Park (72),39,4.5,2,1.0,46.0,,43.661236,-79.363538,2017-03-12 13:54:03.098675
4334780,16671493,Private room,,Woodbine Corridor (64),10,5.0,2,1.0,46.0,,43.681974,-79.316626,2017-03-12 13:54:03.096002
15477902,95104098,Private room,,North St.James Town (74),8,5.0,2,2.0,46.0,,43.667649,-79.374725,2017-03-12 13:54:02.460586
12049285,2511000,Private room,,Moss Park (73),0,0.0,2,1.0,61.0,,43.659665,-79.37239,2017-03-12 13:54:02.458314
16909149,108747651,Private room,,Bay Street Corridor (76),5,4.5,1,0.0,53.0,,43.656044,-79.383528,2017-03-12 13:54:01.740144
6705718,3528140,Private room,,Dovercourt-Wallace Emerson-Junction (93),13,5.0,2,1.0,49.0,,43.668597,-79.433596,2017-03-12 13:56:27.774523
8171944,8218296,Private room,,Little Portugal (84),7,5.0,1,1.0,42.0,,43.650343,-79.42831,2017-03-12 13:56:27.771640
16194208,26779917,Private room,,Little Portugal (84),1,0.0,2,1.0,49.0,,43.652314,-79.429026,2017-03-12 13:56:27.765847
14426874,16381471,Private room,,Little Portugal (84),1,0.0,2,1.0,46.0,,43.651427,-79.426511,2017-03-12 13:56:27.752476
14233661,80282871,Private room,,Dovercourt-Wallace Emerson-Junction (93),1,0.0,2,3.0,46.0,,43.663839,-79.433978,2017-03-12 13:56:27.744690
2592785,6893345,Private room,,Trinity-Bellwoods (81),23,4.5,2,1.0,45.0,,43.654467,-79.422123,2017-03-12 13:56:26.481232
758354,3995213,Private room,,Palmerston-Little Italy (80),17,4.5,2,1.0,57.0,,43.6563,-79.418873,2017-03-12 13:56:26.476722
14915895,6893345,Private room,,Palmerston-Little Italy (80),5,5.0,2,1.0,49.0,,43.655525,-79.422465,2017-03-12 13:56:26.472320
16315543,31311000,Private room,,Dovercourt-Wallace Emerson-Junction (93),1,0.0,3,1.0,42.0,,43.663177,-79.43679,2017-03-12 13:56:26.457608
14238218,7457259,Private room,,Dovercourt-Wallace Emerson-Junction (93),15,4.5,3,1.0,49.0,,43.660879,-79.438714,2017-03-12 13:56:26.452531
17167708,115485651,Private room,,Palmerston-Little Italy (80),0,0.0,1,1.0,42.0,,43.660918,-79.422322,2017-03-12 13:56:26.449506
6926684,8244823,Private room,,Dovercourt-Wallace Emerson-Junction (93),15,5.0,2,1.0,46.0,,43.664687,-79.421979,2017-03-12 13:56:24.866924
8102582,25997451,Private room,,Dovercourt-Wallace Emerson-Junction (93),5,5.0,2,1.0,49.0,,43.662897,-79.430659,2017-03-12 13:56:24.855578
682120,3474662,Private room,,Corso Italia-Davenport (92),112,5.0,2,1.0,46.0,,43.672258,-79.448953,2017-03-12 13:56:24.852722
14542108,50743551,Private room,,Roncesvalles (86),10,5.0,2,1.0,61.0,,43.648327,-79.447711,2017-03-12 13:56:24.842807
6558171,6141240,Private room,,High Park-Swansea (87),57,5.0,2,1.0,44.0,,43.653685,-79.452207,2017-03-12 13:56:23.600434
14156490,4013498,Private room,,Wychwood (94),14,4.5,2,1.0,54.0,,43.675277,-79.423224,2017-03-12 13:56:23.589616
16984377,94649836,Private room,,Corso Italia-Davenport (92),0,0.0,2,1.0,58.0,,43.675365,-79.443904,2017-03-12 13:56:22.429622
4424530,19295637,Private room,,Dovercourt-Wallace Emerson-Junction (93),91,4.5,2,1.0,46.0,,43.670177,-79.448828,2017-03-12 13:56:22.426727
13476261,776350,Private room,,Dovercourt-Wallace Emerson-Junction (93),25,5.0,2,1.0,49.0,,43.660227,-79.45199,2017-03-12 13:56:22.417931
17123961,53869452,Private room,,Weston-Pellam Park (91),0,0.0,1,1.0,52.0,,43.66987,-79.454158,2017-03-12 13:56:21.521537
14647315,18248913,Private room,,Little Portugal (84),13,5.0,2,1.0,43.0,,43.650337,-79.426154,2017-03-12 13:56:21.508778
7124975,37318876,Private room,,East End-Danforth (62),3,5.0,2,1.0,42.0,,43.679403,-79.304683,2017-03-12 13:54:00.798147
5714803,2511000,Private room,,Moss Park (73),2,0.0,2,1.0,54.0,,43.659339,-79.371633,2017-03-12 13:53:55.679974
6692731,19461277,Private room,,Church-Yonge Corridor (75),124,4.5,2,1.0,45.0,,43.654472,-79.374282,2017-03-12 13:53:55.675357
1722517,8859994,Private room,,Niagara (82),151,5.0,2,1.0,61.0,,43.643897,-79.41521,2017-03-12 13:53:55.669046
7377322,26743967,Private room,,University (79),5,4.0,2,1.0,54.0,,43.661909,-79.402332,2017-03-12 13:53:52.678441
11636050,3826275,Private room,,Church-Yonge Corridor (75),36,5.0,1,1.0,62.0,,43.653797,-79.378364,2017-03-12 13:53:52.670288
12007585,55136561,Private room,,Bay Street Corridor (76),23,4.5,2,1.0,42.0,,43.668749,-79.386305,2017-03-12 13:53:52.667973
11441562,5304307,Private room,,Trinity-Bellwoods (81),30,4.5,2,1.0,49.0,,43.654032,-79.411862,2017-03-12 13:53:52.659559
15308115,8758544,Private room,,Niagara (82),0,0.0,2,1.0,46.0,,43.641657,-79.407913,2017-03-12 13:53:52.649070
1629651,3388399,Private room,,Church-Yonge Corridor (75),5,4.5,1,2.0,49.0,,43.664027,-79.383239,2017-03-12 13:53:51.119976
14119628,26743967,Private room,,Annex (95),5,5.0,2,1.0,54.0,,43.667874,-79.406714,2017-03-12 13:53:51.113431
8481480,6729289,Private room,,Bay Street Corridor (76),3,3.0,2,1.0,45.0,,43.659535,-79.383839,2017-03-12 13:53:51.107397
15485811,44972033,Private room,,Waterfront Communities-The Island (77),8,5.0,2,1.0,61.0,,43.639257,-79.397518,2017-03-12 13:53:51.103285
12171838,41257294,Private room,,Trinity-Bellwoods (81),10,5.0,2,1.0,61.0,,43.6546,-79.414311,2017-03-12 13:53:51.101009
14165419,1816349,Private room,,Bay Street Corridor (76),5,5.0,2,1.0,53.0,,43.660334,-79.385002,2017-03-12 13:53:51.097504
16588218,85544595,Private room,,Niagara (82),1,0.0,2,1.0,54.0,,43.638738,-79.414087,2017-03-12 13:53:51.093117
6377465,13066292,Private room,,Little Portugal (84),50,4.5,2,1.0,54.0,,43.64911,-79.431532,2017-03-12 13:53:51.090001
6762778,26743967,Private room,,University (79),4,5.0,1,1.0,54.0,,43.660816,-79.400818,2017-03-12 13:53:51.082078
13549446,78003474,Private room,,Bay Street Corridor (76),3,4.5,2,1.0,58.0,,43.655363,-79.384481,2017-03-12 13:53:49.331397
12007596,55136561,Private room,,Bay Street Corridor (76),41,4.5,2,1.0,42.0,,43.66878,-79.38759,2017-03-12 13:53:49.325768
14301438,8825051,Private room,,Annex (95),10,4.5,2,1.0,59.0,,43.66683,-79.416786,2017-03-12 13:53:49.322821
2909325,1786235,Private room,,Trinity-Bellwoods (81),59,5.0,2,1.0,54.0,,43.647978,-79.42329,2017-03-12 13:53:49.319953
13667176,4886346,Private room,,Kensington-Chinatown (78),16,5.0,2,1.0,58.0,,43.656558,-79.40561,2017-03-12 13:53:49.312130
6493467,13066292,Private room,,Little Portugal (84),23,4.5,2,1.0,49.0,,43.649612,-79.431184,2017-03-12 13:53:49.308552
14380529,80603071,Private room,,North St.James Town (74),7,5.0,3,1.0,56.0,,43.667573,-79.372529,2017-03-12 13:53:49.302183
6884105,36070909,Private room,,Church-Yonge Corridor (75),34,4.5,2,1.0,49.0,,43.664008,-79.377522,2017-03-12 13:53:49.294267
12682579,25606140,Private room,,Annex (95),16,5.0,2,1.0,49.0,,43.666001,-79.411285,2017-03-12 13:53:48.264937
7226058,5190383,Private room,,Little Portugal (84),95,5.0,2,1.0,45.0,,43.641303,-79.424993,2017-03-12 13:53:48.251964
16442231,103843653,Private room,,Trinity-Bellwoods (81),0,0.0,1,1.0,61.0,,43.645288,-79.416832,2017-03-12 13:53:48.247941
2387816,979746,Private room,,Annex (95),16,4.5,2,1.0,62.0,,43.6739,-79.406525,2017-03-12 13:53:48.238611
6762292,26743967,Private room,,University (79),7,4.5,2,1.0,54.0,,43.660758,-79.403137,2017-03-12 13:53:48.235520
15511667,99664615,Private room,,Waterfront Communities-The Island (77),9,4.5,2,1.0,61.0,,43.639659,-79.397689,2017-03-12 13:53:48.232586
14843375,92893224,Private room,,Church-Yonge Corridor (75),5,5.0,1,1.0,46.0,,43.664501,-79.377659,2017-03-12 13:53:46.107048
14916416,7077256,Private room,,Waterfront Communities-The Island (77),11,5.0,2,1.0,54.0,,43.64695,-79.394345,2017-03-12 13:53:46.100778
7628399,4427850,Private room,,Cabbagetown-South St.James Town (71),2,0.0,1,1.0,58.0,,43.665775,-79.375982,2017-03-12 13:53:46.096657
15303402,35436655,Private room,,Trinity-Bellwoods (81),11,5.0,2,1.0,46.0,,43.645414,-79.416056,2017-03-12 13:53:46.089491
12713345,68583749,Private room,,Waterfront Communities-The Island (77),5,5.0,2,1.0,49.0,,43.649488,-79.367999,2017-03-12 13:53:46.074621
17570110,119299463,Private room,,Cabbagetown-South St.James Town (71),0,0.0,2,1.0,58.0,,43.666561,-79.36672,2017-03-12 13:53:44.973046
4143209,145804,Private room,,South Parkdale (85),92,4.5,2,1.0,58.0,,43.641185,-79.429576,2017-03-12 13:53:44.963033
5403527,28009571,Private room,,Kensington-Chinatown (78),29,5.0,2,1.0,53.0,,43.656486,-79.400236,2017-03-12 13:53:43.974600
14571840,17719217,Private room,,Cabbagetown-South St.James Town (71),1,0.0,1,1.0,45.0,,43.664386,-79.374507,2017-03-12 13:53:42.645774
15271092,3879545,Private room,,Church-Yonge Corridor (75),30,5.0,2,1.0,61.0,,43.654298,-79.375184,2017-03-12 13:53:41.496769
6563833,27050079,Private room,,Waterfront Communities-The Island (77),64,4.5,2,1.0,42.0,,43.649434,-79.367145,2017-03-12 13:53:41.476716
7054051,36990819,Private room,,Moss Park (73),16,4.0,2,1.0,54.0,,43.656691,-79.371758,2017-03-12 13:53:40.614626
15394472,7992960,Private room,,Little Portugal (84),12,5.0,2,1.0,57.0,,43.642772,-79.426869,2017-03-12 13:53:38.831652
14948553,87591817,Private room,,Church-Yonge Corridor (75),23,5.0,2,1.0,46.0,,43.663751,-79.377338,2017-03-12 13:53:38.818545
14557501,4013498,Private room,,Kensington-Chinatown (78),26,4.5,2,1.0,58.0,,43.655528,-79.406229,2017-03-12 13:53:36.357088
9226763,17719217,Private room,,Cabbagetown-South St.James Town (71),0,0.0,1,1.0,53.0,,43.665091,-79.374471,2017-03-12 13:53:36.348985
16673396,10323838,Private room,,Waterfront Communities-The Island (77),1,0.0,2,1.0,52.0,,43.643243,-79.389019,2017-03-12 13:53:35.392758
6603099,34547305,Private room,,Waterfront Communities-The Island (77),49,5.0,1,1.0,46.0,,43.648313,-79.366392,2017-03-12 13:53:34.186347
6820099,29475105,Private room,,Danforth (66),0,0.0,2,1.0,49.0,,43.682244,-79.331275,2017-03-12 13:53:31.726782
14422995,34268583,Private room,,The Beaches (63),4,4.5,2,1.0,49.0,,43.670333,-79.287473,2017-03-12 13:53:30.654628
6683288,25872649,Private room,,Woodbine Corridor (64),9,5.0,2,1.0,58.0,,43.676315,-79.316588,2017-03-12 13:53:30.649452
13700214,49573755,Private room,,South Riverdale (70),15,5.0,8,1.0,61.0,,43.66065,-79.338729,2017-03-12 13:53:30.643331
504258,2486706,Private room,,Woodbine Corridor (64),3,5.0,2,1.0,58.0,,43.681546,-79.314739,2017-03-12 13:53:30.638171
6235796,32354557,Private room,,Greenwood-Coxwell (65),4,5.0,2,1.0,42.0,,43.678847,-79.326212,2017-03-12 13:53:30.635128
6245918,14244176,Private room,,Danforth (66),5,5.0,2,1.0,54.0,,43.684021,-79.321927,2017-03-12 13:53:30.629503
4292460,21798188,Private room,,Greenwood-Coxwell (65),0,0.0,2,1.0,46.0,,43.669438,-79.32189,2017-03-12 13:53:30.624525
387957,1941221,Private room,,The Beaches (63),2,0.0,2,1.0,54.0,,43.672864,-79.306735,2017-03-12 13:53:30.617359
1331304,7221344,Private room,,Woodbine Corridor (64),8,4.5,2,1.0,58.0,,43.674744,-79.31066,2017-03-12 13:53:30.610111
13417742,24938790,Private room,,Greenwood-Coxwell (65),3,5.0,2,1.0,54.0,,43.66981,-79.324132,2017-03-12 13:53:29.422067
17159524,7743571,Private room,,Greenwood-Coxwell (65),0,0.0,2,1.0,58.0,,43.680418,-79.322942,2017-03-12 13:53:29.418277
15547349,100051234,Private room,,East End-Danforth (62),1,0.0,2,1.0,46.0,,43.681881,-79.289192,2017-03-12 13:53:29.412296
12738942,44450561,Private room,,The Beaches (63),0,0.0,1,1.0,45.0,,43.674891,-79.298874,2017-03-12 13:53:29.404813
13300575,20795940,Private room,,Greenwood-Coxwell (65),11,5.0,2,1.0,52.0,,43.667598,-79.326623,2017-03-12 13:53:26.857688
2257124,3540058,Private room,,Woodbine Corridor (64),24,5.0,2,1.0,54.0,,43.679263,-79.310654,2017-03-12 13:53:26.854585
16907164,12304400,Private room,,South Riverdale (70),0,0.0,2,1.0,42.0,,43.670138,-79.333639,2017-03-12 13:53:26.852419
5719836,3053042,Private room,,The Beaches (63),9,4.5,2,1.0,46.0,,43.668534,-79.292909,2017-03-12 13:53:26.848988
13617044,11723113,Private room,,Woodbine Corridor (64),12,5.0,4,1.0,55.0,,43.668939,-79.316542,2017-03-12 13:53:25.354837
13639052,54253801,Private room,,East End-Danforth (62),9,5.0,2,1.0,58.0,,43.681808,-79.290474,2017-03-12 13:53:25.339034
13175570,73661345,Private room,,Don Valley Village (47),1,0.0,2,1.0,59.0,,43.775102,-79.347357,2017-03-12 13:53:23.922066
12510551,4366884,Private room,,Danforth East York (59),0,0.0,2,1.0,61.0,,43.687945,-79.347622,2017-03-12 13:53:23.919548
14502202,89562071,Private room,,Woodbine Corridor (64),0,0.0,1,1.0,43.0,,43.684364,-79.318439,2017-03-12 13:53:22.809593
4932639,23622751,Private room,,Henry Farm (53),0,0.0,2,1.0,61.0,,43.770435,-79.345287,2017-03-12 13:53:22.807157
14283475,911051,Private room,,Humewood-Cedarvale (106),4,5.0,1,1.0,46.0,,43.688337,-79.424903,2017-03-12 13:53:22.038493
4431255,23004422,Private room,,Mount Pleasant East (99),3,4.5,2,1.0,46.0,,43.713044,-79.386743,2017-03-12 13:53:22.031317
15345801,4119722,Private room,,Forest Hill South (101),0,0.0,2,1.0,42.0,,43.686657,-79.414677,2017-03-12 13:53:22.022238
1038085,5713708,Private room,,Humewood-Cedarvale (106),63,5.0,2,1.0,61.0,,43.684468,-79.423197,2017-03-12 13:53:21.390763
14673711,91208270,Private room,,Willowdale West (37),19,5.0,4,1.0,61.0,,43.773395,-79.419557,2017-03-12 13:53:21.381655
2259492,706785,Private room,,Willowdale East (51),10,5.0,1,1.0,42.0,,43.760348,-79.406891,2017-03-12 13:53:21.377151
1068652,5879267,Private room,,Broadview North (57),49,4.5,4,1.0,58.0,,43.686561,-79.355431,2017-03-12 13:53:21.370702
3880929,9423995,Private room,,Lawrence Park North (105),17,4.5,1,1.0,58.0,,43.728897,-79.408954,2017-03-12 13:53:20.034728
6788390,22654478,Private room,,Humewood-Cedarvale (106),0,0.0,2,1.0,55.0,,43.684952,-79.424706,2017-03-12 13:53:20.028700
8888508,32304883,Private room,,Henry Farm (53),0,0.0,2,1.0,61.0,,43.770544,-79.344237,2017-03-12 13:53:20.026484
13138265,73211212,Private room,,Banbury-Don Mills (42),0,0.0,2,1.0,46.0,,43.730103,-79.335511,2017-03-12 13:53:20.020721
13092250,29632176,Private room,,Willowdale West (37),0,0.0,1,1.0,58.0,,43.777284,-79.418381,2017-03-12 13:53:20.018148
5813814,30165868,Private room,,Rosedale-Moore Park (98),79,5.0,2,1.0,61.0,,43.686252,-79.390227,2017-03-12 13:53:18.651117
11677890,8058227,Private room,,Bayview Village (52),27,4.5,4,1.0,46.0,,43.767526,-79.373325,2017-03-12 13:53:18.648232
14980600,24375483,Private room,,Forest Hill North (102),9,5.0,2,1.0,57.0,,43.704475,-79.418024,2017-03-12 13:53:18.635288
14136277,1802846,Private room,,Bridle Path-Sunnybrook-York Mills (41),9,5.0,3,1.0,49.0,,43.738615,-79.403553,2017-03-12 13:53:17.383421
13290213,8187321,Private room,,Yonge-Eglinton (100),5,5.0,2,1.0,61.0,,43.710821,-79.405108,2017-03-12 13:53:17.371536
13479047,72938007,Private room,,Victoria Village (43),0,0.0,2,1.0,57.0,,43.740894,-79.318171,2017-03-12 13:53:14.536993
8530857,44917604,Private room,,Victoria Village (43),0,0.0,2,1.0,53.0,,43.727762,-79.312318,2017-03-12 13:53:14.529616
6949361,6481211,Private room,,Woburn (137),1,0.0,2,1.0,58.0,,43.759656,-79.241028,2017-03-12 13:53:14.520709
15914439,103246907,Private room,,Pleasant View (46),0,0.0,1,1.0,61.0,,43.775895,-79.336878,2017-03-12 13:53:13.671847
11674218,52080589,Private room,,Henry Farm (53),2,0.0,1,1.0,58.0,,43.77468,-79.332887,2017-03-12 13:53:13.661423
6750664,2019658,Private room,,Wexford/Maryvale (119),0,0.0,2,1.0,49.0,,43.751776,-79.293547,2017-03-12 13:53:13.645735
14163229,85669323,Private room,,East End-Danforth (62),0,0.0,1,1.0,55.0,,43.69087,-79.296461,2017-03-12 13:53:13.011599
15519026,645000,Private room,,Henry Farm (53),0,0.0,2,1.0,49.0,,43.77073,-79.338747,2017-03-12 13:53:11.609991
14406397,41824899,Private room,,Bendale (127),0,0.0,2,1.0,61.0,,43.773395,-79.253414,2017-03-12 13:53:11.597818
3393362,6845002,Private room,,The Beaches (63),8,5.0,1,1.0,49.0,,43.667577,-79.306446,2017-03-12 13:53:07.263653
15025927,2175568,Private room,,Cabbagetown-South St.James Town (71),0,0.0,1,1.0,58.0,,43.666099,-79.377545,2017-03-12 13:53:07.257521
8935294,39687322,Private room,,Church-Yonge Corridor (75),5,5.0,2,1.0,49.0,,43.668715,-79.384317,2017-03-12 13:53:07.237262
16219683,105970627,Private room,,University (79),4,4.5,1,1.0,42.0,,43.66433,-79.40877,2017-03-12 13:53:07.232469
16294321,7954709,Private room,,Yonge-St.Clair (97),0,0.0,1,1.0,46.0,,43.690526,-79.396966,2017-03-12 13:53:07.228425
13876855,13990839,Private room,,Waterfront Communities-The Island (77),11,5.0,2,1.0,55.0,,43.648918,-79.388187,2017-03-12 13:53:07.222370
8597204,45244113,Private room,,Waterfront Communities-The Island (77),56,5.0,2,1.0,58.0,,43.647016,-79.401376,2017-03-12 13:53:07.218676
16847327,7743571,Private room,,Woodbine Corridor (64),0,0.0,4,2.0,61.0,,43.679742,-79.321981,2017-03-12 13:53:04.185699
17184859,4951854,Private room,,Trinity-Bellwoods (81),3,5.0,1,1.0,57.0,,43.649764,-79.423604,2017-03-12 13:53:04.181677
3176828,16109184,Private room,,Church-Yonge Corridor (75),116,4.5,2,1.0,52.0,,43.669141,-79.380934,2017-03-12 13:53:04.169477
13589955,49573755,Private room,,South Riverdale (70),7,4.5,4,1.0,46.0,,43.661143,-79.339893,2017-03-12 13:53:04.165277
17437243,115584376,Private room,,Church-Yonge Corridor (75),0,0.0,2,1.0,53.0,,43.665311,-79.378844,2017-03-12 13:53:04.154921
6795492,9408559,Private room,,Playter Estates-Danforth (67),29,4.5,2,1.0,46.0,,43.681368,-79.347547,2017-03-12 13:53:04.146455
14006115,82051780,Private room,,Broadview North (57),11,5.0,2,1.0,45.0,,43.686802,-79.353016,2017-03-12 13:53:02.569950
15140283,95860165,Private room,,Moss Park (73),8,4.5,2,1.0,49.0,,43.658872,-79.372645,2017-03-12 13:53:02.567383
16427081,36227863,Private room,,Niagara (82),2,0.0,2,1.0,61.0,,43.644953,-79.403846,2017-03-12 13:53:02.560215
13451225,34450819,Private room,,South Riverdale (70),1,0.0,2,1.0,46.0,,43.662376,-79.354563,2017-03-12 13:53:01.220610
14027742,45226228,Private room,,Waterfront Communities-The Island (77),36,4.5,2,1.0,42.0,,43.640581,-79.392998,2017-03-12 13:53:01.204986
10342131,53226870,Private room,,Greenwood-Coxwell (65),5,5.0,1,1.0,42.0,,43.677143,-79.321944,2017-03-12 13:53:01.201206
17079461,103436757,Private room,,Waterfront Communities-The Island (77),0,0.0,2,0.0,52.0,,43.641565,-79.383971,2017-03-12 13:52:59.888653
224775,1170217,Private room,,Church-Yonge Corridor (75),10,5.0,2,1.0,54.0,,43.661678,-79.379371,2017-03-12 13:52:59.884349
10751470,30605156,Private room,,Old East York (58),1,0.0,2,1.0,42.0,,43.695929,-79.335414,2017-03-12 13:52:59.872519
13753767,80603071,Private room,,Cabbagetown-South St.James Town (71),13,4.5,2,1.0,44.0,,43.666968,-79.37084,2017-03-12 13:52:58.621395
13705226,2013956,Private room,,Cabbagetown-South St.James Town (71),4,5.0,2,1.0,54.0,,43.664866,-79.377563,2017-03-12 13:52:58.616860
13753505,80603071,Private room,,Moss Park (73),15,5.0,2,1.0,48.0,,43.663745,-79.36945,2017-03-12 13:52:58.611828
756619,3982898,Private room,,Cabbagetown-South St.James Town (71),18,5.0,1,1.0,49.0,,43.66389,-79.370504,2017-03-12 13:52:58.604990
8777119,19033405,Private room,,East End-Danforth (62),12,5.0,1,1.0,49.0,,43.674831,-79.307001,2017-03-12 13:52:58.599474
3860565,3185242,Private room,,South Riverdale (70),12,5.0,2,1.0,57.0,,43.665764,-79.347387,2017-03-12 13:52:58.596347
6385389,11867271,Private room,,Banbury-Don Mills (42),1,0.0,1,1.0,54.0,,43.739217,-79.337409,2017-03-12 13:52:57.829182
1747092,2741400,Private room,,Palmerston-Little Italy (80),51,5.0,3,1.0,49.0,,43.655756,-79.414246,2017-03-12 13:52:57.821444
13312351,75234692,Private room,,South Riverdale (70),6,4.0,1,1.0,49.0,,43.666908,-79.335224,2017-03-12 13:52:57.818591
17434969,99640072,Private room,,Waterfront Communities-The Island (77),2,0.0,2,1.0,61.0,,43.639031,-79.394759,2017-03-12 13:52:57.811987
11522091,48165284,Private room,,Yonge-St.Clair (97),1,0.0,2,1.0,56.0,,43.686262,-79.398681,2017-03-12 13:52:57.805037
14738832,69337293,Private room,,Moss Park (73),1,0.0,2,1.0,49.0,,43.65591,-79.355383,2017-03-12 13:52:56.885404
7266618,2195979,Private room,,South Riverdale (70),52,5.0,2,1.0,42.0,,43.662206,-79.333186,2017-03-12 13:52:56.859437
14899704,8435530,Private room,,Trinity-Bellwoods (81),22,5.0,2,1.0,42.0,,43.64779,-79.406005,2017-03-12 13:52:55.775717
12082466,64755323,Private room,,Waterfront Communities-The Island (77),0,0.0,2,1.0,49.0,,43.649512,-79.367713,2017-03-12 13:52:55.770012
13407243,2252184,Private room,,Annex (95),6,4.5,2,1.0,47.0,,43.671123,-79.406308,2017-03-12 13:52:55.760679
15172919,7137687,Private room,,Cabbagetown-South St.James Town (71),3,4.5,2,1.0,58.0,,43.66419,-79.370143,2017-03-12 13:52:53.319044
6971485,3274029,Private room,,Cabbagetown-South St.James Town (71),36,5.0,2,1.0,49.0,,43.665571,-79.363812,2017-03-12 13:52:53.307984
7150524,37447329,Private room,,Waterfront Communities-The Island (77),107,4.5,2,1.0,46.0,,43.63958,-79.399423,2017-03-12 13:52:52.551572
5432639,28180980,Private room,,South Riverdale (70),15,5.0,2,1.0,42.0,,43.662601,-79.347889,2017-03-12 13:52:52.530555
9651151,9681137,Private room,,Waterfront Communities-The Island (77),134,5.0,2,1.0,54.0,,43.649211,-79.364852,2017-03-12 13:52:50.213649
14932804,93850966,Private room,,Cabbagetown-South St.James Town (71),3,3.5,2,1.0,44.0,,43.668093,-79.369698,2017-03-12 13:52:50.189525
2695468,2204634,Private room,,Niagara (82),153,4.5,3,1.0,58.0,,43.646351,-79.407928,2017-03-12 13:52:48.989973
2447231,3250968,Private room,,Cabbagetown-South St.James Town (71),10,5.0,2,1.0,58.0,,43.669034,-79.364771,2017-03-12 13:52:48.987623
4708992,24338063,Private room,,Cabbagetown-South St.James Town (71),180,4.5,2,1.0,54.0,,43.664566,-79.376161,2017-03-12 13:52:47.087324
7897109,36300450,Private room,,Bay Street Corridor (76),96,5.0,2,1.0,53.0,,43.659874,-79.384402,2017-03-12 13:52:47.082472
13006589,53331580,Private room,,Church-Yonge Corridor (75),62,5.0,2,1.0,53.0,,43.667977,-79.382425,2017-03-12 13:52:47.076441
14028401,14945683,Private room,,Niagara (82),18,5.0,2,1.0,47.0,,43.636945,-79.402655,2017-03-12 13:52:21.530315
11001570,56853992,Private room,,Waterfront Communities-The Island (77),0,0.0,3,1.0,54.0,,43.644007,-79.387781,2017-03-12 13:52:21.523690
17296688,18727877,Private room,,Waterfront Communities-The Island (77),0,0.0,2,1.0,58.0,,43.641156,-79.395438,2017-03-12 13:52:21.521332
6413597,32876233,Private room,,Cabbagetown-South St.James Town (71),50,5.0,2,1.0,54.0,,43.662854,-79.376487,2017-03-12 13:52:21.518648
8972905,46887747,Private room,,Danforth East York (59),90,5.0,2,1.0,54.0,,43.683678,-79.341634,2017-03-12 13:52:20.280670
13642653,9339046,Private room,,Moss Park (73),9,5.0,2,1.0,54.0,,43.659486,-79.368832,2017-03-12 13:52:20.278200
14692846,31682604,Private room,,Waterfront Communities-The Island (77),26,5.0,2,1.0,54.0,,43.641251,-79.381449,2017-03-12 13:52:20.275744
15115175,47146729,Private room,,Greenwood-Coxwell (65),11,5.0,2,1.0,45.0,,43.681971,-79.328879,2017-03-12 13:52:19.515718
5116767,25522632,Private room,,Moss Park (73),58,5.0,2,1.0,54.0,,43.659379,-79.368097,2017-03-12 13:52:19.511610
3987246,20667851,Private room,,Regent Park (72),189,4.5,2,1.0,46.0,,43.656607,-79.364012,2017-03-12 13:52:19.501616
9937334,5648154,Private room,,Rosedale-Moore Park (98),6,5.0,2,1.0,46.0,,43.691419,-79.386092,2017-03-12 13:52:18.388209
1652220,8569918,Private room,,Yonge-Eglinton (100),6,4.0,2,1.0,60.0,,43.705207,-79.40698,2017-03-12 13:52:18.382343
15084625,95455953,Private room,,West Humber-Clairville (1),0,0.0,3,1.0,46.0,,43.724536,-79.622861,2017-03-12 13:52:18.374605
9318571,48297497,Private room,,Willowdale East (51),5,4.0,3,1.0,60.0,,43.780744,-79.411084,2017-03-12 13:52:17.417973
12474826,48297497,Private room,,Newtonbrook East (50),0,0.0,2,1.0,61.0,,43.782264,-79.411476,2017-03-12 13:52:17.415677
15925111,103332460,Private room,,St.Andrew-Windfields (40),1,0.0,1,1.0,54.0,,43.750808,-79.377165,2017-03-12 13:52:15.793673
16015969,104146034,Private room,,Briar Hill-Belgravia (108),1,0.0,2,1.0,42.0,,43.704609,-79.440312,2017-03-12 13:52:15.784950
127380,630920,Private room,,Yonge-Eglinton (100),83,4.5,2,1.0,46.0,,43.703704,-79.408204,2017-03-12 13:52:15.774132
5871265,30484119,Private room,,Rosedale-Moore Park (98),1,0.0,2,1.0,49.0,,43.69109,-79.394863,2017-03-12 13:52:15.771726
4492200,12033867,Private room,,Bayview Village (52),2,0.0,2,1.0,58.0,,43.767215,-79.378446,2017-03-12 13:52:15.768973
5727260,29681364,Private room,,Newtonbrook East (50),5,5.0,3,1.0,61.0,,43.785595,-79.415715,2017-03-12 13:52:15.764472
6828967,35773426,Private room,,Mount Pleasant East (99),2,0.0,1,1.0,42.0,,43.701958,-79.377949,2017-03-12 13:52:15.761938
16394609,106327097,Private room,,Bayview Woods-Steeles (49),0,0.0,2,1.0,42.0,,43.79073,-79.37204,2017-03-12 13:52:15.756598
11346258,59411100,Private room,,Newtonbrook West (36),8,5.0,2,1.0,44.0,,43.781906,-79.436246,2017-03-12 13:52:14.063870
6408674,6112148,Private room,,Westminster-Branson (35),3,5.0,1,1.0,46.0,,43.786067,-79.459591,2017-03-12 13:52:14.057594
7413729,37729430,Private room,,Briar Hill-Belgravia (108),7,4.5,2,1.0,43.0,,43.701706,-79.445642,2017-03-12 13:52:14.055287
5727375,29681364,Private room,,Newtonbrook East (50),2,0.0,2,1.0,46.0,,43.787751,-79.415743,2017-03-12 13:52:14.051156
11840922,48337255,Private room,,Bayview Village (52),13,5.0,2,1.0,43.0,,43.766786,-79.371732,2017-03-12 13:52:14.043417
4066081,20474972,Private room,,Briar Hill-Belgravia (108),27,5.0,2,1.0,46.0,,43.702642,-79.447265,2017-03-12 13:52:14.030596
756367,3980471,Private room,,Bayview Village (52),26,5.0,1,1.0,54.0,,43.778982,-79.366901,2017-03-12 13:52:12.647933
462366,2297131,Private room,,Brookhaven-Amesbury (30),19,4.5,2,1.0,42.0,,43.706296,-79.487677,2017-03-12 13:52:12.645989
13744802,43659984,Private room,,Willowdale East (51),2,0.0,3,1.0,61.0,,43.766633,-79.410108,2017-03-12 13:52:12.643943
7089924,17248238,Private room,,Briar Hill-Belgravia (108),0,0.0,2,1.0,46.0,,43.693063,-79.462182,2017-03-12 13:52:12.637607
6901394,35878579,Private room,,Hillcrest Village (48),9,4.5,3,1.0,50.0,,43.804026,-79.369419,2017-03-12 13:52:12.632024
179217,857989,Private room,,Downsview-Roding-CFB (26),9,5.0,2,1.0,61.0,,43.741101,-79.486158,2017-03-12 13:52:12.629606
16858420,56045106,Private room,,Rosedale-Moore Park (98),1,0.0,2,1.0,54.0,,43.692178,-79.384414,2017-03-12 13:52:12.622441
2881235,14700210,Private room,,Newtonbrook West (36),1,0.0,2,1.0,61.0,,43.779688,-79.427018,2017-03-12 13:52:12.613537
288313,1499044,Private room,,Willowdale East (51),2,0.0,2,1.0,46.0,,43.770534,-79.411007,2017-03-12 13:52:12.609959
15806750,102295306,Private room,,West Humber-Clairville (1),0,0.0,2,1.0,53.0,,43.726506,-79.592243,2017-03-12 13:52:11.003551
16054829,85459663,Private room,,Bathurst Manor (34),1,0.0,4,1.0,45.0,,43.755627,-79.456469,2017-03-12 13:52:10.993332
1814992,9506792,Private room,,Willowdale East (51),25,5.0,2,1.0,61.0,,43.775128,-79.412575,2017-03-12 13:52:10.989514
14263483,86902540,Private room,,Briar Hill-Belgravia (108),6,5.0,2,1.0,42.0,,43.703202,-79.440735,2017-03-12 13:52:10.987270
17188061,23169623,Private room,,Willowdale East (51),0,0.0,2,1.0,49.0,,43.766333,-79.411346,2017-03-12 13:52:10.128145
13828292,63571672,Private room,,Elms-Old Rexdale (5),2,0.0,3,1.0,46.0,,43.721702,-79.545382,2017-03-12 13:52:10.123827
16268351,9129017,Private room,,Mount Pleasant West (104),0,0.0,1,1.0,46.0,,43.712237,-79.392737,2017-03-12 13:52:10.113609
14690959,63655883,Private room,,Lansing-Westgate (38),2,0.0,2,1.0,49.0,,43.761046,-79.420607,2017-03-12 13:52:10.106467
14858072,18816767,Private room,,Bayview Village (52),2,0.0,2,1.0,54.0,,43.766384,-79.382006,2017-03-12 13:52:10.102558
1984190,7026137,Private room,,Willowdale West (37),12,5.0,2,1.0,49.0,,43.769078,-79.415761,2017-03-12 13:52:10.097960
17446482,22612385,Private room,,Clanton Park (33),0,0.0,2,1.0,42.0,,43.753171,-79.444906,2017-03-12 13:52:09.260665
16151988,21423346,Private room,,Willowdale East (51),0,0.0,1,1.0,46.0,,43.765688,-79.411863,2017-03-12 13:52:09.251353
6823218,21379812,Private room,,Lansing-Westgate (38),3,4.5,1,1.0,58.0,,43.763158,-79.41225,2017-03-12 13:52:09.249168
14011682,33149769,Private room,,Lawrence Park South (103),1,0.0,2,1.0,42.0,,43.708439,-79.415186,2017-03-12 13:52:09.232815
12656399,61280014,Private room,,Wychwood (94),0,0.0,2,1.0,46.0,,43.679156,-79.42285,2017-03-12 13:54:16.692290
12655922,61280014,Private room,,Wychwood (94),1,0.0,1,1.0,42.0,,43.680652,-79.423656,2017-03-12 13:54:16.687710
4563146,23091262,Private room,,Annex (95),118,5.0,2,1.0,60.0,,43.666686,-79.407473,2017-03-12 13:54:16.685137
3849103,2505811,Private room,,Oakwood Village (107),1,0.0,2,1.0,46.0,,43.682162,-79.4317,2017-03-12 13:54:16.680098
5884597,284529,Private room,,Annex (95),0,0.0,2,1.0,54.0,,43.670862,-79.400866,2017-03-12 13:54:16.676189
16395300,106207804,Private room,,Humbermede (22),0,0.0,2,1.0,57.0,,43.746619,-79.552732,2017-03-12 13:52:09.230501
12593498,45717250,Private room,,Newtonbrook West (36),10,5.0,8,1.0,45.0,,43.782326,-79.424957,2017-03-12 13:52:07.738900
15361600,98069322,Private room,,Newtonbrook West (36),0,0.0,2,1.0,49.0,,43.795376,-79.420325,2017-03-12 13:52:07.732404
3950407,20474972,Private room,,Briar Hill-Belgravia (108),20,5.0,2,1.0,42.0,,43.701565,-79.448272,2017-03-12 13:52:07.722576
12949852,49224579,Private room,,Lawrence Park South (103),28,5.0,2,1.0,43.0,,43.714605,-79.40104,2017-03-12 13:52:07.719565
12805911,63808003,Private room,,Bathurst Manor (34),1,0.0,2,1.0,44.0,,43.757617,-79.43689,2017-03-12 13:52:07.712876
15053275,17301025,Private room,,Newtonbrook West (36),2,0.0,2,1.0,46.0,,43.787741,-79.426781,2017-03-12 13:52:07.710342
13494977,45717250,Private room,,Newtonbrook West (36),2,0.0,12,1.0,45.0,,43.782321,-79.425455,2017-03-12 13:52:06.265942
14591606,89531406,Private room,,Newtonbrook East (50),0,0.0,2,1.0,61.0,,43.78406,-79.414986,2017-03-12 13:52:06.263227
10925910,30735558,Private room,,Bedford Park-Nortown (39),2,0.0,2,1.0,49.0,,43.739413,-79.419896,2017-03-12 13:52:06.252987
13474834,77086471,Private room,,Downsview-Roding-CFB (26),1,0.0,2,1.0,46.0,,43.734041,-79.479994,2017-03-12 13:52:06.248059
17223237,115975599,Private room,,Newtonbrook West (36),0,0.0,2,1.0,42.0,,43.790617,-79.424749,2017-03-12 13:52:06.245721
8064489,34194007,Private room,,Hillcrest Village (48),1,0.0,2,1.0,47.0,,43.804211,-79.36568,2017-03-12 13:52:06.232947
16518220,12846807,Private room,,York University Heights (27),0,0.0,2,1.0,54.0,,43.766345,-79.492094,2017-03-12 13:52:04.760202
14302641,44529139,Private room,,Newtonbrook West (36),1,0.0,2,1.0,58.0,,43.781808,-79.432337,2017-03-12 13:52:04.753184
16491597,12846807,Private room,,York University Heights (27),1,0.0,2,1.0,54.0,,43.766002,-79.4939,2017-03-12 13:52:04.750591
15023666,94423952,Private room,,Brookhaven-Amesbury (30),2,0.0,1,1.0,43.0,,43.704306,-79.481901,2017-03-12 13:52:04.735124
6139245,21440173,Private room,,Newtonbrook West (36),16,5.0,2,1.0,49.0,,43.782711,-79.433662,2017-03-12 13:52:04.731210
14499782,89531406,Private room,,Newtonbrook East (50),1,0.0,1,1.0,45.0,,43.78504,-79.416225,2017-03-12 13:52:04.725433
11378902,25805697,Private room,,Willowdale East (51),18,5.0,4,1.0,60.0,,43.77098,-79.400844,2017-03-12 13:52:04.722661
2733606,13988901,Private room,,Kingsview Village-The Westway (6),9,5.0,1,1.0,46.0,,43.696632,-79.558612,2017-03-12 13:52:04.710596
14416393,88694889,Private room,,Kingsview Village-The Westway (6),2,0.0,2,1.0,53.0,,43.695455,-79.563368,2017-03-12 13:52:03.183484
16298678,104146034,Private room,,Yorkdale-Glen Park (31),0,0.0,1,1.0,46.0,,43.715154,-79.453614,2017-03-12 13:52:03.181074
3012895,2362826,Private room,,Yorkdale-Glen Park (31),26,5.0,1,1.0,42.0,,43.70844,-79.454922,2017-03-12 13:52:03.178158
8615017,45319900,Private room,,Clanton Park (33),2,0.0,2,1.0,61.0,,43.74574,-79.446717,2017-03-12 13:52:03.175068
17265706,4480793,Private room,,Mount Pleasant West (104),0,0.0,2,1.0,42.0,,43.712449,-79.394921,2017-03-12 13:52:03.172827
13981198,31537843,Private room,,West Humber-Clairville (1),4,5.0,2,1.0,54.0,,43.730049,-79.611303,2017-03-12 13:52:03.162863
16001272,104011905,Private room,,West Humber-Clairville (1),1,0.0,2,1.0,53.0,,43.72924,-79.594693,2017-03-12 13:52:03.146106
15542578,89843199,Private room,,Newtonbrook West (36),4,4.0,4,1.0,45.0,,43.77816,-79.423101,2017-03-12 13:52:02.427196
11084751,19691495,Private room,,Willowdale East (51),4,5.0,2,1.0,46.0,,43.760405,-79.407949,2017-03-12 13:52:02.424177
17076377,112767058,Private room,,Downsview-Roding-CFB (26),0,0.0,2,2.0,54.0,,43.72676,-79.490723,2017-03-12 13:52:02.421899
17127422,45717250,Private room,,Newtonbrook West (36),0,0.0,1,1.0,57.0,,43.781158,-79.429087,2017-03-12 13:52:02.416144
16542589,7026137,Private room,,Willowdale West (37),0,0.0,1,1.0,49.0,,43.770001,-79.415435,2017-03-12 13:52:02.410477
14405093,44529139,Private room,,Newtonbrook West (36),0,0.0,2,1.0,53.0,,43.781378,-79.432423,2017-03-12 13:52:02.405843
8274318,4309728,Private room,,Willowdale East (51),11,5.0,2,1.0,49.0,,43.777964,-79.411609,2017-03-12 13:52:02.403872
11973723,21619471,Private room,,Weston (113),0,0.0,2,1.0,42.0,,43.708085,-79.506846,2017-03-12 13:52:01.713717
12901723,66874716,Private room,,West Humber-Clairville (1),13,5.0,2,1.0,44.0,,43.721042,-79.584011,2017-03-12 13:52:01.700714
4927291,25381428,Private room,,Westminster-Branson (35),0,0.0,1,1.0,55.0,,43.788984,-79.461526,2017-03-12 13:52:01.692493
8760507,45904599,Private room,,Willowdale East (51),13,5.0,2,2.0,56.0,,43.756629,-79.406029,2017-03-12 13:52:01.685683
6625373,24346665,Private room,,York University Heights (27),45,5.0,3,1.0,42.0,,43.769615,-79.501177,2017-03-12 13:52:00.440561
7859654,40821346,Private room,,York University Heights (27),1,0.0,1,1.0,49.0,,43.766403,-79.496531,2017-03-12 13:52:00.436924
8009368,22121582,Private room,,Willowdale East (51),25,5.0,2,1.0,53.0,,43.763777,-79.409733,2017-03-12 13:52:00.430710
17423728,112322647,Private room,,Glenfield-Jane Heights (25),0,0.0,1,1.0,58.0,,43.753109,-79.510491,2017-03-12 13:52:00.428463
15747098,12846807,Private room,,York University Heights (27),4,5.0,2,1.0,58.0,,43.763624,-79.493834,2017-03-12 13:52:00.426119
6989389,12616705,Private room,,Willowdale East (51),44,5.0,2,1.0,45.0,,43.756711,-79.406676,2017-03-12 13:52:00.410711
13671996,79528541,Private room,,Mount Olive-Silverstone-Jamestown (2),24,5.0,2,1.0,50.0,,43.757467,-79.593876,2017-03-12 13:52:00.407965
16946325,24459050,Private room,,Willowdale East (51),8,5.0,1,1.0,45.0,,43.765442,-79.411034,2017-03-12 13:52:00.405473
14390077,66668209,Private room,,Clanton Park (33),28,5.0,3,1.0,54.0,,43.738117,-79.448945,2017-03-12 13:52:00.403000
15194254,34606669,Private room,,Mount Pleasant West (104),0,0.0,1,1.0,42.0,,43.705793,-79.394047,2017-03-12 13:51:58.649101
878480,4642507,Private room,,St.Andrew-Windfields (40),1,0.0,1,1.0,54.0,,43.753475,-79.403683,2017-03-12 13:51:58.642685
3954077,11206244,Private room,,Bayview Woods-Steeles (49),1,0.0,1,1.0,45.0,,43.792303,-79.372987,2017-03-12 13:51:58.627233
8072414,3332663,Private room,,Bayview Village (52),1,0.0,2,1.0,61.0,,43.773566,-79.370004,2017-03-12 13:51:57.040661
8132060,27391012,Private room,,Mount Pleasant West (104),3,4.5,4,1.0,49.0,,43.709766,-79.395128,2017-03-12 13:51:57.029028
246284,1291877,Private room,,L'Amoreaux (117),0,0.0,1,1.0,58.0,,43.796606,-79.302968,2017-03-12 13:51:57.022601
9319824,48297497,Private room,,Pleasant View (46),3,3.5,2,1.0,46.0,,43.792647,-79.338245,2017-03-12 13:51:57.011709
4670622,5259756,Private room,,Mount Pleasant West (104),1,0.0,2,2.0,52.0,,43.706867,-79.393433,2017-03-12 13:51:57.007286
2666635,11206244,Private room,,Bayview Woods-Steeles (49),9,4.0,1,1.0,45.0,,43.792685,-79.371305,2017-03-12 13:51:57.005080
6671052,34915743,Private room,,Hillcrest Village (48),0,0.0,2,1.0,46.0,,43.804685,-79.369782,2017-03-12 13:51:57.000534
7748636,40694917,Private room,,Pleasant View (46),0,0.0,2,1.0,43.0,,43.791402,-79.336548,2017-03-12 13:51:56.995596
9958623,51152544,Private room,,Newtonbrook East (50),2,0.0,3,1.0,42.0,,43.801567,-79.40151,2017-03-12 13:51:55.358703
9374040,46256392,Private room,,Oakridge (121),0,0.0,2,1.0,45.0,,43.697088,-79.287978,2017-03-12 13:51:55.356267
9301914,33466406,Private room,,Hillcrest Village (48),2,0.0,3,1.0,46.0,,43.791433,-79.366531,2017-03-12 13:51:55.351532
5625065,26554720,Private room,,Tam O'Shanter-Sullivan (118),0,0.0,1,1.0,58.0,,43.771384,-79.312267,2017-03-12 13:51:55.344036
10142161,30605156,Private room,,Old East York (58),5,4.5,2,1.0,42.0,,43.695645,-79.335667,2017-03-12 13:51:55.341394
531457,2611195,Private room,,Ionview (125),1,0.0,1,1.0,52.0,,43.729731,-79.273987,2017-03-12 13:51:55.336760
6603272,34548804,Private room,,Willowdale East (51),25,4.5,2,1.0,46.0,,43.762211,-79.397655,2017-03-12 13:51:55.332039
5990220,31101343,Private room,,Newtonbrook East (50),4,5.0,2,1.0,42.0,,43.794343,-79.403364,2017-03-12 13:51:55.329760
14279742,85744469,Private room,,Hillcrest Village (48),2,0.0,2,1.0,46.0,,43.809184,-79.364027,2017-03-12 13:51:55.324313
15705901,101424683,Private room,,Eglinton East (138),0,0.0,1,1.0,58.0,,43.736039,-79.245915,2017-03-12 13:51:53.621645
16092044,104884824,Private room,,Morningside (135),0,0.0,4,1.0,61.0,,43.789864,-79.21908,2017-03-12 13:51:53.619204
7821596,37051289,Private room,,Mount Pleasant West (104),13,5.0,1,1.0,46.0,,43.711273,-79.39463,2017-03-12 13:51:53.614810
14789771,32985430,Private room,,Bendale (127),0,0.0,3,1.0,46.0,,43.748048,-79.246212,2017-03-12 13:51:53.608497
9374740,48641289,Private room,,Cliffcrest (123),0,0.0,1,1.0,45.0,,43.723027,-79.235385,2017-03-12 13:51:53.606300
7396418,27495508,Private room,,Wexford/Maryvale (119),0,0.0,2,1.0,46.0,,43.754605,-79.292724,2017-03-12 13:51:53.603922
17584793,45237656,Private room,,Taylor-Massey (61),0,0.0,8,1.0,42.0,,43.692701,-79.301344,2017-03-12 13:51:53.601558
5776304,25805697,Private room,,Willowdale East (51),12,4.5,2,1.0,44.0,,43.772236,-79.40084,2017-03-12 13:51:53.590383
16576341,44351479,Private room,,Newtonbrook East (50),0,0.0,1,1.0,54.0,,43.797816,-79.39771,2017-03-12 13:51:53.584764
3708835,17429756,Private room,,Mount Pleasant West (104),21,5.0,2,1.0,46.0,,43.707069,-79.39118,2017-03-12 13:51:52.205810
14239170,73054393,Private room,,Clairlea-Birchmount (120),6,5.0,2,1.0,42.0,,43.71533,-79.277605,2017-03-12 13:51:52.201164
14047895,1294659,Private room,,Clairlea-Birchmount (120),0,0.0,2,1.0,62.0,,43.709709,-79.276328,2017-03-12 13:51:52.197205
6323344,30797673,Private room,,O'Connor-Parkview (54),2,0.0,2,1.0,45.0,,43.71121,-79.321954,2017-03-12 13:51:52.193189
4738681,24463594,Private room,,Mount Pleasant East (99),4,5.0,1,1.0,42.0,,43.714838,-79.398899,2017-03-12 13:51:52.182167
9073933,44467749,Private room,,Highland Creek (134),4,4.5,2,1.0,42.0,,43.788211,-79.185796,2017-03-12 13:51:52.178917
11777213,56130387,Private room,,Mount Pleasant West (104),6,5.0,1,1.0,42.0,,43.711251,-79.3943,2017-03-12 13:51:52.174465
8556083,45037256,Private room,,Hillcrest Village (48),0,0.0,1,1.0,46.0,,43.802482,-79.36275,2017-03-12 13:51:52.169180
10594294,54661138,Private room,,Don Valley Village (47),0,0.0,1,1.0,54.0,,43.789802,-79.357545,2017-03-12 13:51:52.165447
6920888,35773426,Private room,,Mount Pleasant East (99),0,0.0,1,1.0,42.0,,43.703009,-79.378822,2017-03-12 13:51:52.161349
12666643,68819719,Private room,,Lawrence Park North (105),6,5.0,2,1.0,49.0,,43.732327,-79.392707,2017-03-12 13:51:50.614301
833462,1429645,Private room,,Mount Pleasant West (104),0,0.0,1,1.0,54.0,,43.698188,-79.393664,2017-03-12 13:51:50.610992
16068935,104676153,Private room,,Lawrence Park North (105),0,0.0,2,3.0,49.0,,43.727486,-79.401551,2017-03-12 13:51:50.608750
15753514,4470139,Private room,,Clairlea-Birchmount (120),1,0.0,2,1.0,54.0,,43.700727,-79.285653,2017-03-12 13:51:50.604172
560148,1027776,Private room,,Mount Pleasant West (104),21,4.0,2,1.0,46.0,,43.698131,-79.391502,2017-03-12 13:51:50.600225
13376185,75979727,Private room,,Clairlea-Birchmount (120),3,4.0,2,1.0,42.0,,43.715496,-79.26099,2017-03-12 13:51:50.592644
3956180,1643470,Private room,,Flemingdon Park (44),11,4.5,2,1.0,42.0,,43.712339,-79.324011,2017-03-12 13:51:50.582079
16018907,10022755,Private room,,O'Connor-Parkview (54),0,0.0,2,1.0,49.0,,43.702139,-79.297668,2017-03-12 13:51:50.576983
14918925,93741522,Private room,,Danforth East York (59),7,4.0,2,1.0,46.0,,43.693396,-79.324684,2017-03-12 13:51:48.981288
6847213,35878579,Private room,,Hillcrest Village (48),9,4.0,3,1.0,44.0,,43.804067,-79.370493,2017-03-12 13:51:48.979170
13292870,69661799,Private room,,Willowdale East (51),1,0.0,1,1.0,58.0,,43.758547,-79.404991,2017-03-12 13:51:48.971879
16064743,81131468,Private room,,Flemingdon Park (44),0,0.0,1,1.0,49.0,,43.717709,-79.325397,2017-03-12 13:51:48.962515
8001458,34548804,Private room,,Willowdale East (51),25,4.5,2,1.0,46.0,,43.761893,-79.398716,2017-03-12 13:51:48.955541
17021914,114163961,Private room,,Yonge-Eglinton (100),0,0.0,1,1.0,61.0,,43.703143,-79.401973,2017-03-12 13:51:48.953055
15008294,85744469,Private room,,Hillcrest Village (48),0,0.0,3,1.0,53.0,,43.809382,-79.364681,2017-03-12 13:51:48.950461
15956302,103332460,Private room,,St.Andrew-Windfields (40),0,0.0,1,1.0,46.0,,43.752643,-79.377503,2017-03-12 13:51:48.947798
3864721,10022956,Private room,,Woodbine-Lumsden (60),21,5.0,2,1.0,55.0,,43.6913,-79.314412,2017-03-12 13:51:48.942901
15335682,97707625,Private room,,Flemingdon Park (44),8,4.5,2,1.0,42.0,,43.715973,-79.330365,2017-03-12 13:51:47.690480
13173253,65401028,Private room,,West Hill (136),0,0.0,5,1.0,57.0,,43.76985,-79.175733,2017-03-12 13:51:47.686621
777132,1664833,Private room,,Don Valley Village (47),52,5.0,2,1.0,52.0,,43.775634,-79.349225,2017-03-12 13:51:47.681638
15581975,100393231,Private room,,Steeles (116),0,0.0,3,1.0,46.0,,43.817208,-79.317048,2017-03-12 13:51:47.672982
13590050,78501927,Private room,,Rouge (131),1,0.0,2,1.0,45.0,,43.805955,-79.16689,2017-03-12 13:51:46.853900
15310972,10022755,Private room,,O'Connor-Parkview (54),2,0.0,2,1.0,53.0,,43.702491,-79.296433,2017-03-12 13:51:45.152805
14465146,43321895,Private room,,Rouge (131),0,0.0,2,1.0,58.0,,43.824172,-79.228355,2017-03-12 13:51:45.146587
15126156,35973042,Private room,,Birchcliffe-Cliffside (122),0,0.0,1,1.0,46.0,,43.691432,-79.278248,2017-03-12 13:51:45.123850
15421649,98832892,Private room,,West Hill (136),2,0.0,2,1.0,42.0,,43.762761,-79.183535,2017-03-12 13:51:43.960811
9199019,4436049,Private room,,Birchcliffe-Cliffside (122),1,0.0,1,1.0,42.0,,43.70463,-79.257897,2017-03-12 13:51:43.958570
16752815,36840016,Private room,,Leaside-Bennington (56),0,0.0,2,1.0,58.0,,43.696273,-79.372147,2017-03-12 13:51:43.956109
13280714,33229998,Private room,,Highland Creek (134),0,0.0,2,1.0,58.0,,43.791269,-79.185385,2017-03-12 13:51:43.953440
7836983,16714645,Private room,,Dorset Park (126),0,0.0,2,1.0,54.0,,43.764205,-79.289319,2017-03-12 13:51:43.950235
17453874,98530378,Private room,,Kennedy Park (124),0,0.0,3,1.0,45.0,,43.72996,-79.255057,2017-03-12 13:51:43.946373
16032717,47207035,Private room,,Wexford/Maryvale (119),1,0.0,2,1.0,58.0,,43.743675,-79.301592,2017-03-12 13:51:43.944162
15605831,3377580,Private room,,Ionview (125),0,0.0,2,1.0,45.0,,43.731191,-79.27476,2017-03-12 13:51:43.929588
7330122,7186266,Private room,,Clairlea-Birchmount (120),2,0.0,1,1.0,46.0,,43.710905,-79.296156,2017-03-12 13:51:43.927051
14896783,46189512,Private room,,Henry Farm (53),3,5.0,2,1.0,55.0,,43.773158,-79.343305,2017-03-12 13:51:43.924093
17131134,115144128,Private room,,Eglinton East (138),0,0.0,2,0.0,42.0,,43.742308,-79.264227,2017-03-12 13:51:43.921303
16275854,1367969,Private room,,Malvern (132),0,0.0,3,1.0,47.0,,43.79913,-79.220232,2017-03-12 13:51:42.174719
15924982,50235976,Private room,,Bendale (127),0,0.0,1,1.0,58.0,,43.773662,-79.257132,2017-03-12 13:51:42.170246
7258216,21649543,Private room,,Centennial Scarborough (133),5,5.0,2,1.0,54.0,,43.775428,-79.150919,2017-03-12 13:51:42.168105
16712953,110751066,Private room,,Clairlea-Birchmount (120),2,0.0,6,2.0,58.0,,43.706927,-79.26331,2017-03-12 13:51:42.165769
15610894,942611,Private room,,Wexford/Maryvale (119),1,0.0,2,1.0,46.0,,43.748123,-79.30683,2017-03-12 13:51:42.163078
13494003,60133491,Private room,,Highland Creek (134),1,0.0,2,1.0,49.0,,43.795826,-79.183914,2017-03-12 13:51:42.159826
12761337,52597476,Private room,,Parkwoods-Donalda (45),7,4.5,1,1.0,46.0,,43.760351,-79.323623,2017-03-12 13:51:42.157636
10656285,49380886,Private room,,Wexford/Maryvale (119),8,4.5,6,2.0,52.0,,43.760277,-79.302525,2017-03-12 13:51:42.155499
15206715,52891161,Private room,,Don Valley Village (47),8,5.0,2,1.0,46.0,,43.787239,-79.344545,2017-03-12 13:51:42.151704
9696726,47219710,Private room,,Woburn (137),0,0.0,2,1.0,42.0,,43.778411,-79.225496,2017-03-12 13:51:42.149198
13174974,73652320,Private room,,Parkwoods-Donalda (45),10,5.0,2,1.0,46.0,,43.745903,-79.338502,2017-03-12 13:51:42.145134
13168794,33389692,Private room,,Highland Creek (134),3,4.5,2,1.0,46.0,,43.79496,-79.172757,2017-03-12 13:51:42.142247
15115210,50535614,Private room,,Dorset Park (126),13,5.0,2,1.0,43.0,,43.764376,-79.282555,2017-03-12 13:51:42.137941
15379429,68563955,Private room,,Centennial Scarborough (133),1,0.0,2,1.0,44.0,,43.777893,-79.159253,2017-03-12 13:51:42.134696
8519037,44856111,Private room,,Yonge-Eglinton (100),135,4.5,4,1.0,43.0,,43.704576,-79.402606,2017-03-12 13:51:40.831042
7254876,21649543,Private room,,Centennial Scarborough (133),4,5.0,2,1.0,58.0,,43.773622,-79.152363,2017-03-12 13:51:40.828070
15216622,61573874,Private room,,Tam O'Shanter-Sullivan (118),0,0.0,1,1.0,58.0,,43.770313,-79.31087,2017-03-12 13:51:40.824367
16891844,50209294,Private room,,Victoria Village (43),0,0.0,1,1.0,54.0,,43.718263,-79.300782,2017-03-12 13:51:40.815306
16531265,34442211,Private room,,Highland Creek (134),0,0.0,1,1.0,57.0,,43.794315,-79.173991,2017-03-12 13:51:40.813078
13992586,83547279,Private room,,L'Amoreaux (117),1,0.0,2,1.0,44.0,,43.785415,-79.319934,2017-03-12 13:51:40.807622
15263093,82276880,Private room,,Woburn (137),0,0.0,2,1.0,54.0,,43.770919,-79.226989,2017-03-12 13:51:39.616368
17160165,71028073,Private room,,Parkwoods-Donalda (45),0,0.0,4,2.0,43.0,,43.745664,-79.312482,2017-03-12 13:51:39.613798
15590352,100443189,Private room,,Eglinton East (138),1,0.0,1,1.0,49.0,,43.742475,-79.244042,2017-03-12 13:51:39.609811
16742620,43321895,Private room,,Rouge (131),0,0.0,2,1.0,44.0,,43.8243,-79.227509,2017-03-12 13:51:39.605673
14395319,70849121,Private room,,Agincourt South-Malvern West (128),10,4.0,5,1.0,54.0,,43.793409,-79.283997,2017-03-12 13:51:39.601933
8791275,13870527,Private room,,West Hill (136),0,0.0,2,1.0,54.0,,43.765614,-79.178948,2017-03-12 13:51:39.598674
5406518,9196538,Private room,,Agincourt South-Malvern West (128),0,0.0,1,1.0,54.0,,43.796885,-79.285743,2017-03-12 13:51:39.590015
17639630,7308320,Private room,,Don Valley Village (47),0,0.0,1,1.0,46.0,,43.786206,-79.34289,2017-03-12 13:51:39.587487
9823073,50535614,Private room,,Dorset Park (126),39,4.0,2,1.0,43.0,,43.765694,-79.283262,2017-03-12 13:51:39.578927
10705922,49224579,Private room,,Ionview (125),81,4.5,2,1.0,42.0,,43.73773,-79.266106,2017-03-12 13:51:39.574806
15301514,97436011,Private room,,Woburn (137),10,5.0,4,1.0,46.0,,43.779686,-79.222948,2017-03-12 13:51:39.571774
13347756,74609299,Private room,,Pleasant View (46),0,0.0,1,1.0,52.0,,43.77579,-79.331861,2017-03-12 13:51:35.399735
17317745,18895153,Private room,,Annex (95),0,0.0,2,2.0,53.0,,43.670217,-79.390727,2017-03-12 13:51:35.394382
1613565,8589410,Private room,,Niagara (82),99,5.0,2,1.0,58.0,,43.641783,-79.413587,2017-03-12 13:51:35.392216
8536724,44943466,Private room,,Cabbagetown-South St.James Town (71),50,5.0,2,1.0,54.0,,43.666931,-79.37204,2017-03-12 13:51:35.387632
14556742,36823972,Private room,,Bay Street Corridor (76),2,0.0,2,1.0,54.0,,43.66685,-79.388322,2017-03-12 13:51:35.385280
6738673,2818847,Private room,,Palmerston-Little Italy (80),53,5.0,2,1.0,47.0,,43.656793,-79.414523,2017-03-12 13:51:35.377815
16945160,22545747,Private room,,Dovercourt-Wallace Emerson-Junction (93),0,0.0,1,1.0,45.0,,43.672551,-79.433954,2017-03-12 13:51:35.375657
8684070,25822165,Private room,,Corso Italia-Davenport (92),0,0.0,1,1.0,54.0,,43.681785,-79.445399,2017-03-12 13:51:35.372883
15859879,65944724,Private room,,Waterfront Communities-The Island (77),10,4.5,1,1.0,42.0,,43.644833,-79.376704,2017-03-12 13:51:35.370417
1325356,7093939,Private room,,Taylor-Massey (61),36,5.0,3,1.0,49.0,,43.699823,-79.294602,2017-03-12 13:51:35.367360
13723635,80229985,Private room,,Leaside-Bennington (56),4,5.0,2,1.0,58.0,,43.705372,-79.369909,2017-03-12 13:51:35.363524
14571880,59970209,Private room,,Woodbine Corridor (64),6,5.0,2,1.0,54.0,,43.677945,-79.310378,2017-03-12 13:51:35.359514
16719383,108747651,Private room,,Bay Street Corridor (76),7,5.0,1,0.0,53.0,,43.657927,-79.38551,2017-03-12 13:51:35.356709
7145150,7796273,Private room,,Wychwood (94),0,0.0,1,1.0,58.0,,43.672401,-79.429423,2017-03-12 13:51:34.391983
4243683,7153656,Private room,,Moss Park (73),142,4.5,1,1.0,49.0,,43.657509,-79.367142,2017-03-12 13:52:47.073101
11260291,58771991,Private room,,Danforth (66),42,5.0,1,1.0,42.0,,43.686162,-79.314554,2017-03-12 13:52:45.646105
15726567,101605390,Private room,,Cliffcrest (123),2,0.0,4,1.0,61.0,,43.727883,-79.229225,2017-03-12 13:52:44.059331
11893374,27712712,Private room,,Kennedy Park (124),0,0.0,2,1.0,49.0,,43.719415,-79.261616,2017-03-12 13:52:44.056928
11893449,27712712,Private room,,Kennedy Park (124),0,0.0,2,1.0,54.0,,43.719218,-79.261498,2017-03-12 13:52:44.049782
15181441,95932262,Private room,,Clairlea-Birchmount (120),0,0.0,2,1.0,46.0,,43.714016,-79.259859,2017-03-12 13:52:44.040945
15230891,86000047,Private room,,Birchcliffe-Cliffside (122),1,0.0,3,1.0,43.0,,43.702979,-79.256415,2017-03-12 13:52:44.032601
14183374,82069057,Private room,,South Riverdale (70),1,0.0,2,1.0,61.0,,43.659353,-79.344694,2017-03-12 13:52:41.995844
13129756,50514304,Private room,,Kensington-Chinatown (78),34,4.0,6,1.0,42.0,,43.650978,-79.397958,2017-03-12 13:52:41.988154
7292732,6845247,Private room,,Cabbagetown-South St.James Town (71),20,4.5,2,1.0,45.0,,43.664858,-79.372205,2017-03-12 13:52:41.977199
13784364,80954801,Private room,,Bay Street Corridor (76),1,0.0,2,1.0,57.0,,43.655821,-79.383061,2017-03-12 13:52:40.421869
6953057,26743967,Private room,,Annex (95),7,4.0,2,1.0,54.0,,43.671848,-79.402769,2017-03-12 13:52:40.411601
1986934,10249063,Private room,,Waterfront Communities-The Island (77),16,5.0,1,1.0,54.0,,43.640156,-79.398387,2017-03-12 13:52:40.408663
9716107,50157972,Private room,,Kensington-Chinatown (78),2,0.0,2,1.0,42.0,,43.658104,-79.393871,2017-03-12 13:52:40.406217
17464189,7873588,Private room,,Kensington-Chinatown (78),0,0.0,2,1.0,49.0,,43.648898,-79.396229,2017-03-12 13:52:40.402301
15829604,62537309,Private room,,Moss Park (73),1,0.0,2,1.0,43.0,,43.652284,-79.368263,2017-03-12 13:52:40.399447
15830810,69276116,Private room,,East End-Danforth (62),0,0.0,2,1.0,58.0,,43.683198,-79.309258,2017-03-12 13:52:40.396923
14694444,87087592,Private room,,Taylor-Massey (61),2,0.0,2,1.0,49.0,,43.691764,-79.299713,2017-03-12 13:52:40.390666
9906967,1902540,Private room,,Waterfront Communities-The Island (77),28,5.0,2,1.0,46.0,,43.642812,-79.400871,2017-03-12 13:52:40.388046
10823532,34268583,Private room,,The Beaches (63),12,4.5,2,1.0,49.0,,43.672403,-79.287716,2017-03-12 13:52:39.059301
13668848,26743967,Private room,,Annex (95),4,5.0,2,1.0,54.0,,43.669649,-79.404762,2017-03-12 13:52:39.056699
16095532,104915502,Private room,,Bay Street Corridor (76),1,0.0,2,1.0,49.0,,43.653895,-79.384861,2017-03-12 13:52:39.049679
6389565,10011884,Private room,,Kensington-Chinatown (78),29,4.0,2,1.0,53.0,,43.652729,-79.390737,2017-03-12 13:52:39.041457
14291253,60070256,Private room,,Moss Park (73),7,4.0,2,1.0,54.0,,43.659018,-79.374214,2017-03-12 13:52:39.035269
13753828,80603071,Private room,,Cabbagetown-South St.James Town (71),8,5.0,2,1.0,58.0,,43.666189,-79.371379,2017-03-12 13:52:39.032923
3949839,20471811,Private room,,Annex (95),3,5.0,2,1.0,59.0,,43.67146,-79.405081,2017-03-12 13:52:39.029373
14539935,3500933,Private room,,Bay Street Corridor (76),25,5.0,1,1.0,49.0,,43.665963,-79.385533,2017-03-12 13:52:38.328996
14810600,37242111,Private room,,Church-Yonge Corridor (75),8,5.0,3,1.0,42.0,,43.659164,-79.379729,2017-03-12 13:52:38.326392
15453354,4976043,Private room,,Kensington-Chinatown (78),15,5.0,2,1.0,49.0,,43.656554,-79.403021,2017-03-12 13:52:38.322203
3155584,8638373,Private room,,North St.James Town (74),47,4.5,2,1.0,45.0,,43.668989,-79.375456,2017-03-12 13:52:38.315656
2613708,1781148,Private room,,Danforth (66),8,5.0,2,1.0,46.0,,43.688005,-79.316751,2017-03-12 13:52:38.312815
13970804,70048848,Private room,,Church-Yonge Corridor (75),0,0.0,2,1.0,54.0,,43.661362,-79.378463,2017-03-12 13:52:38.310774
16234313,74672680,Private room,,Annex (95),2,0.0,2,1.0,45.0,,43.675848,-79.389334,2017-03-12 13:52:38.299278
3778966,9428278,Private room,,South Riverdale (70),2,0.0,2,1.0,58.0,,43.665445,-79.342065,2017-03-12 13:52:38.296973
17190641,115716388,Private room,,Danforth (66),1,0.0,6,3.0,61.0,,43.682665,-79.332899,2017-03-12 13:52:36.672202
15125355,60070256,Private room,,Moss Park (73),8,4.0,2,1.0,49.0,,43.660577,-79.372426,2017-03-12 13:52:36.669206
4615440,15286111,Private room,,University (79),42,5.0,2,1.0,42.0,,43.6661,-79.401129,2017-03-12 13:52:36.657039
1256687,6845247,Private room,,Cabbagetown-South St.James Town (71),92,4.5,2,1.0,45.0,,43.664896,-79.373685,2017-03-12 13:52:36.654736
5714659,2511000,Private room,,Moss Park (73),5,4.0,3,1.0,58.0,,43.658225,-79.371966,2017-03-12 13:52:36.652457
6261636,32535785,Private room,,Danforth East York (59),1,0.0,1,1.0,46.0,,43.688626,-79.346789,2017-03-12 13:52:36.648171
14119202,26743967,Private room,,Annex (95),5,4.5,2,1.0,54.0,,43.668576,-79.404969,2017-03-12 13:52:36.643579
13786441,18480565,Private room,,Church-Yonge Corridor (75),1,0.0,2,1.0,49.0,,43.659381,-79.379155,2017-03-12 13:52:36.639242
12206972,18572420,Private room,,Waterfront Communities-The Island (77),14,4.5,1,1.0,42.0,,43.642638,-79.375198,2017-03-12 13:52:35.968742
15086621,65005218,Private room,,Moss Park (73),2,0.0,2,1.0,61.0,,43.655588,-79.365357,2017-03-12 13:52:35.966178
13636790,26743967,Private room,,Annex (95),7,5.0,2,1.0,54.0,,43.668321,-79.404734,2017-03-12 13:52:35.964126
14470729,22929016,Private room,,Moss Park (73),54,5.0,4,1.0,49.0,,43.656976,-79.368984,2017-03-12 13:52:35.961242
14586418,20805770,Private room,,Blake-Jones (69),3,4.5,2,1.0,46.0,,43.676728,-79.337233,2017-03-12 13:52:35.955826
12965048,11627597,Private room,,Waterfront Communities-The Island (77),38,5.0,2,1.0,61.0,,43.641433,-79.382102,2017-03-12 13:52:35.953834
11066549,57441002,Private room,,Church-Yonge Corridor (75),0,0.0,1,1.0,42.0,,43.654881,-79.379637,2017-03-12 13:52:35.945491
6054007,31415641,Private room,,Church-Yonge Corridor (75),0,0.0,2,1.0,58.0,,43.657555,-79.37843,2017-03-12 13:52:35.942688
17363075,25044627,Private room,,Waterfront Communities-The Island (77),0,0.0,1,1.0,42.0,,43.640174,-79.393966,2017-03-12 13:52:35.936802
13489097,4514582,Private room,,Kensington-Chinatown (78),20,5.0,2,1.0,45.0,,43.654727,-79.400304,2017-03-12 13:52:35.932421
6620431,8314264,Private room,,Church-Yonge Corridor (75),33,5.0,1,1.0,52.0,,43.662291,-79.376759,2017-03-12 13:52:34.424256
7237649,37893352,Private room,,Rosedale-Moore Park (98),30,4.5,2,1.0,58.0,,43.679908,-79.386488,2017-03-12 13:52:34.419565
12911913,69358188,Private room,,South Riverdale (70),2,0.0,2,1.0,54.0,,43.660419,-79.341978,2017-03-12 13:52:34.412837
16572050,350162,Private room,,Waterfront Communities-The Island (77),0,0.0,1,1.0,54.0,,43.639255,-79.397596,2017-03-12 13:52:34.410584
4719564,4042327,Private room,,Cabbagetown-South St.James Town (71),42,5.0,2,1.0,58.0,,43.664894,-79.369342,2017-03-12 13:52:34.406782
6832515,16684565,Private room,,Waterfront Communities-The Island (77),37,5.0,1,1.0,61.0,,43.647305,-79.395542,2017-03-12 13:52:34.403263
15424001,48888716,Private room,,Bay Street Corridor (76),0,0.0,1,1.0,52.0,,43.650347,-79.380933,2017-03-12 13:52:34.401050
14605069,60070256,Private room,,Moss Park (73),6,4.5,2,1.0,53.0,,43.660497,-79.373151,2017-03-12 13:52:33.038650
535110,2511000,Private room,,Moss Park (73),13,4.0,2,1.0,54.0,,43.658227,-79.372126,2017-03-12 13:52:33.035637
8504507,36990819,Private room,,Moss Park (73),1,0.0,2,1.0,54.0,,43.655541,-79.371908,2017-03-12 13:52:33.029876
15868933,5002091,Private room,,Cabbagetown-South St.James Town (71),0,0.0,2,1.0,58.0,,43.664643,-79.364264,2017-03-12 13:52:33.017659
14330683,60070256,Private room,,Moss Park (73),9,4.0,2,1.0,49.0,,43.659125,-79.372724,2017-03-12 13:52:33.015531
15859637,72297242,Private room,,Kensington-Chinatown (78),5,5.0,2,1.0,61.0,,43.652882,-79.389356,2017-03-12 13:52:33.013397
14164435,11723113,Private room,,Woodbine Corridor (64),4,5.0,2,1.0,54.0,,43.670892,-79.315654,2017-03-12 13:52:33.009548
12727183,69202072,Private room,,Annex (95),6,4.0,1,1.0,52.0,,43.67191,-79.388796,2017-03-12 13:52:33.004696
12182482,50681900,Private room,,Waterfront Communities-The Island (77),51,4.5,2,1.0,45.0,,43.646604,-79.395334,2017-03-12 13:52:32.100303
9006735,16700132,Private room,,East End-Danforth (62),20,5.0,3,1.0,49.0,,43.683401,-79.309143,2017-03-12 13:52:32.098102
14413653,28417805,Private room,,The Beaches (63),1,0.0,2,1.0,61.0,,43.674977,-79.305145,2017-03-12 13:52:32.092611
14186995,19926945,Private room,,Bay Street Corridor (76),2,0.0,1,1.0,42.0,,43.658454,-79.38373,2017-03-12 13:52:32.088854
9486899,21253164,Private room,,East End-Danforth (62),3,5.0,1,1.0,46.0,,43.680531,-79.299525,2017-03-12 13:52:32.086749
3944552,1643470,Private room,,Flemingdon Park (44),11,4.5,1,1.0,42.0,,43.712476,-79.322187,2017-03-12 13:52:32.079107
10314,35505,Private room,,South Riverdale (70),77,5.0,2,1.0,53.0,,43.670186,-79.335848,2017-03-12 13:52:32.076850
14913091,25999232,Private room,,Church-Yonge Corridor (75),16,5.0,2,1.0,61.0,,43.669713,-79.385552,2017-03-12 13:52:32.074598
17460403,85741425,Private room,,Niagara (82),0,0.0,2,1.0,61.0,,43.63741,-79.401357,2017-03-12 13:52:32.070961
12981972,69193756,Private room,,Waterfront Communities-The Island (77),0,0.0,2,1.0,54.0,,43.644378,-79.376451,2017-03-12 13:52:32.068809
9903000,986530,Private room,,Church-Yonge Corridor (75),80,5.0,2,1.0,50.0,,43.668607,-79.384101,2017-03-12 13:52:32.065579
15615339,2994437,Private room,,Moss Park (73),4,5.0,2,1.0,43.0,,43.658115,-79.3719,2017-03-12 13:52:31.077265
5353217,1891548,Private room,,Danforth East York (59),34,5.0,2,1.0,54.0,,43.685648,-79.342954,2017-03-12 13:52:31.074200
6702152,9408559,Private room,,Playter Estates-Danforth (67),32,5.0,2,1.0,46.0,,43.680435,-79.347402,2017-03-12 13:52:31.071752
14386810,62537309,Private room,,Moss Park (73),8,5.0,2,1.0,49.0,,43.653818,-79.366593,2017-03-12 13:52:31.069266
15322503,30597584,Private room,,East End-Danforth (62),0,0.0,2,1.0,42.0,,43.688773,-79.305688,2017-03-12 13:52:31.066759
6165875,31987779,Private room,,Cabbagetown-South St.James Town (71),92,5.0,2,1.0,60.0,,43.665768,-79.37418,2017-03-12 13:52:31.062613
602943,2511000,Private room,,Moss Park (73),9,3.0,2,1.0,49.0,,43.657585,-79.370719,2017-03-12 13:52:31.056649
17266016,39299576,Private room,,Waterfront Communities-The Island (77),0,0.0,1,1.0,46.0,,43.645095,-79.377055,2017-03-12 13:52:31.052733
12212231,44220845,Private room,,Church-Yonge Corridor (75),2,0.0,2,1.0,49.0,,43.660545,-79.382698,2017-03-12 13:52:31.048520
6951361,36440222,Private room,,Waterfront Communities-The Island (77),47,5.0,2,1.0,42.0,,43.644047,-79.380354,2017-03-12 13:52:31.046197
14927860,93850966,Private room,,Cabbagetown-South St.James Town (71),29,4.5,2,1.0,44.0,,43.668106,-79.368906,2017-03-12 13:52:31.038313
11547073,41290214,Private room,,Bay Street Corridor (76),14,5.0,1,1.0,52.0,,43.666874,-79.390491,2017-03-12 13:52:29.680172
10984051,39507671,Private room,,Woodbine-Lumsden (60),2,0.0,2,1.0,46.0,,43.689997,-79.306443,2017-03-12 13:52:29.671987
16332998,12516644,Private room,,The Beaches (63),0,0.0,2,1.0,61.0,,43.668741,-79.292681,2017-03-12 13:52:29.664715
7144634,26848682,Private room,,Niagara (82),106,4.5,2,1.0,46.0,,43.645136,-79.404502,2017-03-12 13:52:29.662429
16751842,111143157,Private room,,Waterfront Communities-The Island (77),4,5.0,2,1.0,58.0,,43.647766,-79.400332,2017-03-12 13:52:29.655238
11657707,5296312,Private room,,Bay Street Corridor (76),60,5.0,1,1.0,49.0,,43.666397,-79.385959,2017-03-12 13:52:29.651743
10037828,6823955,Private room,,Cabbagetown-South St.James Town (71),2,0.0,1,1.0,61.0,,43.667408,-79.367288,2017-03-12 13:52:29.646742
15313331,97550962,Private room,,Danforth East York (59),8,5.0,2,1.0,42.0,,43.689939,-79.33606,2017-03-12 13:52:28.287431
5748144,29816070,Private room,,Woodbine Corridor (64),9,4.5,1,1.0,42.0,,43.674743,-79.31016,2017-03-12 13:52:28.283984
17216982,2905814,Private room,,Birchcliffe-Cliffside (122),0,0.0,2,1.0,46.0,,43.687499,-79.285285,2017-03-12 13:52:28.274488
15096809,15024433,Private room,,East End-Danforth (62),4,5.0,2,1.0,61.0,,43.68345,-79.287614,2017-03-12 13:52:28.270802
12188141,274034,Private room,,South Riverdale (70),0,0.0,1,1.0,42.0,,43.659873,-79.339257,2017-03-12 13:52:28.263876
12571298,68146278,Private room,,The Beaches (63),27,4.5,2,1.0,42.0,,43.671261,-79.302238,2017-03-12 13:52:28.259947
6302568,24750456,Private room,,Bay Street Corridor (76),158,5.0,2,1.0,49.0,,43.646624,-79.378617,2017-03-12 13:52:28.256564
9793221,49805609,Private room,,Kensington-Chinatown (78),24,4.5,1,1.0,45.0,,43.654279,-79.402134,2017-03-12 13:52:27.561695
17463221,5801157,Private room,,Rosedale-Moore Park (98),0,0.0,2,1.0,54.0,,43.67133,-79.38471,2017-03-12 13:52:27.541623
14214070,33931135,Private room,,North Riverdale (68),1,0.0,1,1.0,57.0,,43.676292,-79.344183,2017-03-12 13:52:26.282196
535025,2511000,Private room,,Moss Park (73),11,4.0,1,1.0,42.0,,43.660147,-79.372064,2017-03-12 13:52:26.278514
8342442,43968015,Private room,,Kensington-Chinatown (78),54,4.5,1,1.0,47.0,,43.656237,-79.392969,2017-03-12 13:52:26.267306
639314,958382,Private room,,Kensington-Chinatown (78),125,5.0,1,1.0,47.0,,43.656299,-79.401724,2017-03-12 13:52:26.254123
16269514,10323838,Private room,,Waterfront Communities-The Island (77),17,5.0,2,1.0,59.0,,43.646131,-79.388451,2017-03-12 13:52:24.504933
7583017,7153656,Private room,,Moss Park (73),41,5.0,2,1.0,55.0,,43.660938,-79.368429,2017-03-12 13:52:24.500357
14280136,82880072,Private room,,Rosedale-Moore Park (98),50,5.0,3,1.0,49.0,,43.671885,-79.38441,2017-03-12 13:52:24.478657
7132306,34346356,Private room,,University (79),145,5.0,1,1.0,58.0,,43.66399,-79.405069,2017-03-12 13:52:24.472601
13992920,83160877,Private room,,East End-Danforth (62),12,5.0,2,1.0,46.0,,43.6847,-79.29929,2017-03-12 13:52:22.871104
4922370,20667851,Private room,,Regent Park (72),182,4.5,2,1.0,46.0,,43.656265,-79.363779,2017-03-12 13:52:22.867656
3010441,15341629,Private room,,Bay Street Corridor (76),24,4.5,2,1.0,42.0,,43.667061,-79.386331,2017-03-12 13:52:22.861045
10468084,103817,Private room,,Bay Street Corridor (76),100,5.0,2,1.0,61.0,,43.648998,-79.386006,2017-03-12 13:52:22.856908
7047706,25406106,Private room,,Woodbine Corridor (64),79,5.0,2,1.0,49.0,,43.680997,-79.317969,2017-03-12 13:52:22.843962
7983038,42134975,Private room,,Greenwood-Coxwell (65),23,5.0,2,1.0,44.0,,43.67538,-79.321093,2017-03-12 13:52:21.554153
9577101,49573755,Private room,,South Riverdale (70),21,5.0,10,1.0,54.0,,43.662508,-79.340549,2017-03-12 13:52:21.549191
17434864,954151,Private room,,South Riverdale (70),0,0.0,2,1.0,46.0,,43.664346,-79.35196,2017-03-12 13:52:21.544920
1323490,377610,Private room,,Cabbagetown-South St.James Town (71),105,5.0,2,1.0,54.0,,43.667175,-79.373097,2017-03-12 13:52:21.534812
17017383,43895834,Private room,,Playter Estates-Danforth (67),0,0.0,2,0.0,54.0,,43.680806,-79.34622,2017-03-12 13:51:34.388212
4310793,22376358,Private room,,Waterfront Communities-The Island (77),125,5.0,2,1.0,61.0,,43.649577,-79.387131,2017-03-12 13:51:34.385921
14663873,91099148,Private room,,Regent Park (72),3,4.0,2,1.0,53.0,,43.659314,-79.362932,2017-03-12 13:51:34.383728
8033886,37943921,Private room,,Mount Pleasant East (99),9,4.5,2,1.0,61.0,,43.712008,-79.390297,2017-03-12 13:51:34.381627
13951772,68370025,Private room,,Mount Pleasant East (99),13,5.0,2,1.0,49.0,,43.709078,-79.379027,2017-03-12 13:51:34.378754
13428374,76566082,Private room,,Broadview North (57),0,0.0,2,1.0,58.0,,43.683156,-79.347058,2017-03-12 13:51:34.376324
14472636,89214204,Private room,,Mimico (includes Humber Bay Shores) (17),6,5.0,1,1.0,46.0,,43.621113,-79.482886,2017-03-12 13:51:34.371094
6955799,26743967,Private room,,Annex (95),4,5.0,1,1.0,54.0,,43.670896,-79.401948,2017-03-12 13:51:34.366124
8760412,34055256,Private room,,Trinity-Bellwoods (81),66,4.5,2,1.0,52.0,,43.644899,-79.420082,2017-03-12 13:51:34.363946
3290328,16622400,Private room,,Yonge-Eglinton (100),102,5.0,2,1.0,42.0,,43.708236,-79.409845,2017-03-12 13:51:34.351705
13348747,75635877,Private room,,Old East York (58),0,0.0,1,1.0,42.0,,43.692028,-79.341859,2017-03-12 13:51:34.348108
15760815,38621132,Private room,,Church-Yonge Corridor (75),1,0.0,2,1.0,45.0,,43.66657,-79.385191,2017-03-12 13:51:32.954202
9406020,8569918,Private room,,Yonge-Eglinton (100),4,4.5,2,1.0,53.0,,43.705741,-79.405068,2017-03-12 13:51:32.951395
10839190,1523473,Private room,,Weston-Pellam Park (91),24,5.0,2,1.0,46.0,,43.670443,-79.458793,2017-03-12 13:51:32.947236
14292517,1802846,Private room,,Bridle Path-Sunnybrook-York Mills (41),11,5.0,2,0.0,42.0,,43.7383,-79.402912,2017-03-12 13:51:32.944497
16226547,46409051,Private room,,Kensington-Chinatown (78),1,0.0,1,1.0,42.0,,43.656425,-79.404275,2017-03-12 13:51:32.942571
12985238,18108889,Private room,,Regent Park (72),4,4.5,1,1.0,49.0,,43.663095,-79.357734,2017-03-12 13:51:32.935810
6617604,34634794,Private room,,Yonge-St.Clair (97),29,4.5,4,1.0,43.0,,43.69318,-79.395702,2017-03-12 13:51:32.933173
15941134,103470489,Private room,,Palmerston-Little Italy (80),2,0.0,3,1.0,49.0,,43.658269,-79.410577,2017-03-12 13:51:32.930453
6157452,1017461,Private room,,Dovercourt-Wallace Emerson-Junction (93),7,5.0,2,1.0,46.0,,43.663522,-79.443499,2017-03-12 13:51:32.927653
16895889,2511000,Private room,,Moss Park (73),0,0.0,1,1.0,42.0,,43.657706,-79.372366,2017-03-12 13:51:32.921322
14781093,91208270,Private room,,Willowdale West (37),10,4.5,2,1.0,45.0,,43.771568,-79.41963,2017-03-12 13:51:32.916342
7516744,36356046,Private room,,Trinity-Bellwoods (81),24,5.0,2,1.0,42.0,,43.648454,-79.408886,2017-03-12 13:51:32.913351
203960,1000549,Private room,,Dovercourt-Wallace Emerson-Junction (93),31,5.0,1,1.0,42.0,,43.670009,-79.430437,2017-03-12 13:51:32.908193
14222166,56083893,Private room,,Palmerston-Little Italy (80),4,5.0,4,1.0,43.0,,43.656839,-79.419108,2017-03-12 13:51:32.905104
13583920,78420154,Private room,,Dovercourt-Wallace Emerson-Junction (93),10,5.0,2,1.0,42.0,,43.66388,-79.453987,2017-03-12 13:51:31.221501
16497968,80302105,Private room,,Palmerston-Little Italy (80),1,0.0,2,1.0,54.0,,43.660803,-79.423718,2017-03-12 13:51:31.219398
17498088,118580983,Private room,,Lawrence Park South (103),0,0.0,4,2.0,54.0,,43.723846,-79.400955,2017-03-12 13:51:31.217129
14262154,23775239,Private room,,Islington-City Centre West (14),32,5.0,2,1.0,61.0,,43.638316,-79.547433,2017-03-12 13:51:31.214256
13671268,36660035,Private room,,Waterfront Communities-The Island (77),0,0.0,2,1.0,46.0,,43.643973,-79.392381,2017-03-12 13:51:31.210197
8044522,42482578,Private room,,North Riverdale (68),63,5.0,2,1.0,61.0,,43.677936,-79.346624,2017-03-12 13:51:31.204376
12171852,39831813,Private room,,University (79),4,5.0,2,1.0,46.0,,43.665814,-79.406708,2017-03-12 13:51:31.201883
11910343,32002974,Private room,,Cabbagetown-South St.James Town (71),3,5.0,1,1.0,58.0,,43.663996,-79.372435,2017-03-12 13:51:31.197650
9778463,48297497,Private room,,Newtonbrook East (50),13,4.5,3,1.0,49.0,,43.782255,-79.410468,2017-03-12 13:51:31.195101
6413589,32876233,Private room,,Cabbagetown-South St.James Town (71),37,5.0,2,1.0,61.0,,43.662575,-79.376541,2017-03-12 13:51:31.192699
16671766,109711892,Private room,,Little Portugal (84),0,0.0,1,1.0,46.0,,43.6423,-79.422855,2017-03-12 13:51:31.190036
17207927,17882256,Private room,,Wexford/Maryvale (119),0,0.0,4,2.0,58.0,,43.734789,-79.305314,2017-03-12 13:51:31.187449
12867861,30006793,Private room,,Trinity-Bellwoods (81),0,0.0,2,1.0,54.0,,43.648093,-79.424062,2017-03-12 13:51:31.184931
9076297,27613253,Private room,,Annex (95),12,4.5,1,1.0,58.0,,43.673382,-79.408435,2017-03-12 13:51:31.182134
12591949,63655883,Private room,,Lansing-Westgate (38),8,5.0,2,1.0,58.0,,43.759563,-79.42128,2017-03-12 13:51:29.510444
5386570,27923833,Private room,,The Beaches (63),28,4.5,2,1.0,43.0,,43.67719,-79.299919,2017-03-12 13:51:29.506239
10707194,49224579,Private room,,Ionview (125),46,5.0,2,1.0,42.0,,43.736203,-79.26864,2017-03-12 13:51:29.500019
6642839,20363967,Private room,,Danforth East York (59),39,5.0,2,1.0,46.0,,43.692485,-79.32629,2017-03-12 13:51:29.496674
14596634,66668209,Private room,,Clanton Park (33),5,5.0,3,1.0,46.0,,43.73954,-79.447542,2017-03-12 13:51:29.493963
15115404,95777434,Private room,,Victoria Village (43),0,0.0,2,1.0,46.0,,43.729607,-79.310967,2017-03-12 13:51:29.488170
8274319,43630614,Private room,,Cabbagetown-South St.James Town (71),42,5.0,2,1.0,58.0,,43.665762,-79.375509,2017-03-12 13:51:29.484533
6750576,35346035,Private room,,Mount Pleasant East (99),22,5.0,2,1.0,54.0,,43.706675,-79.385154,2017-03-12 13:51:29.478059
2774695,653502,Private room,,South Parkdale (85),6,5.0,2,1.0,46.0,,43.63944,-79.430911,2017-03-12 13:51:29.475186
10706580,55323063,Private room,,West Hill (136),41,5.0,2,1.0,46.0,,43.771074,-79.196529,2017-03-12 13:51:27.929361
7322237,8388245,Private room,,Little Portugal (84),1,0.0,2,1.0,61.0,,43.643336,-79.429444,2017-03-12 13:51:27.926425
13019608,21250995,Private room,,Greenwood-Coxwell (65),5,5.0,2,1.0,61.0,,43.663279,-79.327769,2017-03-12 13:51:27.921549
17300633,45913425,Private room,,South Parkdale (85),4,4.5,2,1.0,42.0,,43.639253,-79.441979,2017-03-12 13:51:27.917799
15657116,50468702,Private room,,Cabbagetown-South St.James Town (71),12,5.0,2,1.0,52.0,,43.662866,-79.376559,2017-03-12 13:51:27.915495
1335220,3427647,Private room,,Niagara (82),16,4.5,2,1.0,56.0,,43.641762,-79.413783,2017-03-12 13:51:27.910933
4951472,25522632,Private room,,Moss Park (73),63,5.0,2,1.0,61.0,,43.660331,-79.369086,2017-03-12 13:51:27.908029
15549170,92641347,Private room,,Trinity-Bellwoods (81),4,5.0,2,1.0,52.0,,43.646758,-79.415665,2017-03-12 13:51:27.896965
16506033,43225887,Private room,,Mount Pleasant East (99),4,5.0,2,1.0,49.0,,43.700593,-79.38411,2017-03-12 13:51:27.889628
8334185,1483529,Private room,,Little Portugal (84),23,4.5,2,1.0,49.0,,43.640934,-79.422459,2017-03-12 13:51:27.886502
12490826,25201467,Private room,,Niagara (82),42,4.5,2,1.0,58.0,,43.643311,-79.402574,2017-03-12 13:51:26.985236
9393273,826824,Private room,,High Park-Swansea (87),0,0.0,1,1.0,54.0,,43.641368,-79.451458,2017-03-12 13:51:26.982624
1949150,7901401,Private room,,Waterfront Communities-The Island (77),53,5.0,1,1.0,49.0,,43.64209,-79.392238,2017-03-12 13:51:26.979559
23691,93825,Private room,,Briar Hill-Belgravia (108),191,5.0,12,1.0,46.0,,43.696017,-79.454683,2017-03-12 13:51:26.973453
13876498,82067627,Private room,,Niagara (82),21,5.0,2,1.0,58.0,,43.639014,-79.415122,2017-03-12 13:51:26.970066
7662848,40223042,Private room,,Church-Yonge Corridor (75),43,5.0,1,1.0,49.0,,43.660683,-79.381586,2017-03-12 13:51:26.967962
14808608,91985554,Private room,,Kensington-Chinatown (78),15,4.5,2,1.0,49.0,,43.65783,-79.398231,2017-03-12 13:51:26.965690
3799780,145804,Private room,,South Parkdale (85),108,4.5,3,1.0,61.0,,43.641527,-79.431297,2017-03-12 13:51:26.960167
6389188,9892184,Private room,,Waterfront Communities-The Island (77),7,5.0,2,1.0,54.0,,43.641628,-79.392143,2017-03-12 13:51:26.956473
11137625,57879991,Private room,,Trinity-Bellwoods (81),63,5.0,2,1.0,50.0,,43.648345,-79.424163,2017-03-12 13:51:26.953441
13113014,72915174,Private room,,High Park North (88),0,0.0,2,1.0,57.0,,43.655937,-79.462121,2017-03-12 13:51:26.949555
12123490,65043613,Private room,,Oakridge (121),2,0.0,2,1.0,58.0,,43.698755,-79.27813,2017-03-12 13:51:26.944275
14665883,8696588,Private room,,Palmerston-Little Italy (80),4,5.0,2,1.0,46.0,,43.657484,-79.41228,2017-03-12 13:51:25.629839
12293164,17383310,Private room,,Willowdale East (51),10,5.0,2,1.0,45.0,,43.760601,-79.409532,2017-03-12 13:51:25.626598
14335604,60070256,Private room,,Moss Park (73),22,4.0,2,1.0,45.0,,43.659467,-79.37299,2017-03-12 13:51:25.623259
9221178,47948326,Private room,,Church-Yonge Corridor (75),12,5.0,1,1.0,46.0,,43.670953,-79.383368,2017-03-12 13:51:25.619038
14808373,91985554,Private room,,Kensington-Chinatown (78),9,4.5,2,1.0,49.0,,43.657757,-79.397421,2017-03-12 13:51:25.616065
14915479,67279440,Private room,,Dovercourt-Wallace Emerson-Junction (93),1,0.0,2,1.0,46.0,,43.661148,-79.432216,2017-03-12 13:51:25.613609
9568534,40330270,Private room,,Niagara (82),10,5.0,2,1.0,46.0,,43.644237,-79.414502,2017-03-12 13:51:25.610456
14615384,90709616,Private room,,Church-Yonge Corridor (75),5,5.0,1,1.0,43.0,,43.665292,-79.384085,2017-03-12 13:51:25.607856
12007026,55136561,Private room,,Church-Yonge Corridor (75),72,4.5,2,1.0,42.0,,43.668505,-79.385956,2017-03-12 13:51:25.604973
13728255,3191671,Private room,,Bay Street Corridor (76),12,5.0,2,1.0,46.0,,43.65349,-79.379878,2017-03-12 13:51:25.601837
13772124,16353118,Private room,,Kensington-Chinatown (78),8,5.0,2,1.0,46.0,,43.65592,-79.392268,2017-03-12 13:51:25.598884
15130444,57054213,Private room,,Niagara (82),6,5.0,2,1.0,46.0,,43.646231,-79.408384,2017-03-12 13:51:25.591778
15798577,8269099,Private room,,Waterfront Communities-The Island (77),15,5.0,2,1.0,61.0,,43.645166,-79.400783,2017-03-12 13:51:25.589236
13699478,43968015,Private room,,Kensington-Chinatown (78),5,5.0,2,1.0,49.0,,43.655635,-79.393044,2017-03-12 13:51:24.793076
15326029,97673918,Private room,,Church-Yonge Corridor (75),16,5.0,2,1.0,58.0,,43.662033,-79.377284,2017-03-12 13:51:24.790036
16011418,14630707,Private room,,Church-Yonge Corridor (75),1,0.0,1,1.0,49.0,,43.665078,-79.383844,2017-03-12 13:51:24.787841
10350830,32857505,Private room,,South Riverdale (70),16,5.0,2,1.0,49.0,,43.66182,-79.33502,2017-03-12 13:51:24.784283
15530217,99878338,Private room,,Cabbagetown-South St.James Town (71),0,0.0,1,1.0,46.0,,43.668886,-79.369325,2017-03-12 13:51:24.782296
17575934,33901928,Private room,,Waterfront Communities-The Island (77),0,0.0,2,1.0,42.0,,43.639883,-79.398033,2017-03-12 13:51:24.780199
15659257,90136800,Private room,,Casa Loma (96),4,5.0,6,2.0,53.0,,43.687454,-79.405752,2017-03-12 13:51:24.777778
674193,3422913,Private room,,Mount Pleasant West (104),45,4.5,1,1.0,49.0,,43.702398,-79.396645,2017-03-12 13:51:24.773874
17592245,20457604,Private room,,Willowdale East (51),0,0.0,3,1.0,46.0,,43.766279,-79.390248,2017-03-12 13:51:24.771745
14451671,6919926,Private room,,Little Portugal (84),24,5.0,2,1.0,43.0,,43.642527,-79.423909,2017-03-12 13:51:24.767730
14755393,91985554,Private room,,University (79),4,4.5,2,1.0,49.0,,43.659141,-79.396568,2017-03-12 13:51:24.763646
15916097,35590775,Private room,,Bay Street Corridor (76),1,0.0,1,1.0,42.0,,43.659457,-79.384951,2017-03-12 13:51:24.757983
14332600,33369796,Private room,,Bridle Path-Sunnybrook-York Mills (41),1,0.0,1,1.0,54.0,,43.722171,-79.380704,2017-03-12 13:51:24.755610
4032535,20906958,Private room,,Annex (95),59,4.5,2,1.0,57.0,,43.673349,-79.408267,2017-03-12 13:51:24.753083
6506497,6358119,Private room,,Lawrence Park North (105),0,0.0,1,1.0,58.0,,43.728371,-79.406658,2017-03-12 13:51:23.923927
17591316,25825573,Private room,,Waterfront Communities-The Island (77),0,0.0,1,1.0,54.0,,43.640063,-79.394467,2017-03-12 13:51:23.921442
10014121,11627597,Private room,,Waterfront Communities-The Island (77),31,5.0,2,1.0,61.0,,43.643342,-79.380726,2017-03-12 13:51:23.917907
12973673,71394521,Private room,,Kensington-Chinatown (78),24,4.0,2,1.0,54.0,,43.653933,-79.404974,2017-03-12 13:51:23.912805
10687190,55212390,Private room,,Lansing-Westgate (38),17,5.0,2,1.0,52.0,,43.76599,-79.41306,2017-03-12 13:51:23.910526
12088303,52921252,Private room,,Waterfront Communities-The Island (77),68,5.0,2,1.0,58.0,,43.642512,-79.381562,2017-03-12 13:51:23.907141
15108485,18604370,Private room,,Church-Yonge Corridor (75),2,0.0,1,1.0,58.0,,43.649113,-79.373383,2017-03-12 13:51:23.902546
7331334,25718321,Private room,,Regent Park (72),36,5.0,2,1.0,46.0,,43.658293,-79.359844,2017-03-12 13:51:23.899820
8150292,43030361,Private room,,Waterfront Communities-The Island (77),3,5.0,1,1.0,46.0,,43.637871,-79.397252,2017-03-12 13:51:23.893385
3870028,19985328,Private room,,Mount Pleasant East (99),10,5.0,2,1.0,58.0,,43.71143,-79.385799,2017-03-12 13:51:23.890090
12785617,69398835,Private room,,Mount Pleasant West (104),26,4.0,2,1.0,49.0,,43.697742,-79.393348,2017-03-12 13:51:23.885362
17668583,65394410,Private room,,Downsview-Roding-CFB (26),0,0.0,2,1.0,42.0,,43.729291,-79.503803,2017-03-12 13:51:23.882932
6061201,6141240,Private room,,High Park-Swansea (87),81,4.5,2,1.0,52.0,,43.654056,-79.452574,2017-03-12 13:51:23.878166
16755569,2869019,Private room,,Bay Street Corridor (76),1,0.0,2,1.0,58.0,,43.662372,-79.383999,2017-03-12 13:51:23.873790
15522765,7599053,Private room,,South Riverdale (70),9,5.0,2,1.0,46.0,,43.660509,-79.336723,2017-03-12 13:51:23.187091
1664665,8759373,Private room,,University (79),128,5.0,2,1.0,58.0,,43.658072,-79.405488,2017-03-12 13:51:23.184517
16395552,17937867,Private room,,Waterfront Communities-The Island (77),9,4.5,2,1.0,43.0,,43.642702,-79.392252,2017-03-12 13:51:23.182028
14254597,23775239,Private room,,Islington-City Centre West (14),44,5.0,2,1.0,61.0,,43.638617,-79.547059,2017-03-12 13:51:23.179670
15097240,71975409,Private room,,Church-Yonge Corridor (75),0,0.0,2,1.0,55.0,,43.660595,-79.381456,2017-03-12 13:51:23.177235
15095186,6321750,Private room,,Waterfront Communities-The Island (77),10,5.0,1,1.0,54.0,,43.637773,-79.390899,2017-03-12 13:51:23.174687
6782553,35408746,Private room,,St.Andrew-Windfields (40),0,0.0,3,1.0,54.0,,43.751659,-79.381771,2017-03-12 13:51:23.166463
10115512,5016113,Private room,,Annex (95),6,5.0,2,1.0,46.0,,43.673533,-79.410808,2017-03-12 13:51:23.163318
15818304,102389980,Private room,,Waterfront Communities-The Island (77),0,0.0,1,1.0,54.0,,43.64524,-79.403141,2017-03-12 13:51:23.158503
3522437,8219744,Private room,,Niagara (82),7,5.0,2,1.0,52.0,,43.634981,-79.400986,2017-03-12 13:51:23.155461
16387895,45172809,Private room,,Annex (95),1,0.0,2,1.0,53.0,,43.666525,-79.413163,2017-03-12 13:51:23.153161
1369606,7425753,Private room,,Little Portugal (84),79,5.0,2,1.0,54.0,,43.647222,-79.426767,2017-03-12 13:51:23.150044
14809607,46746407,Private room,,Bay Street Corridor (76),4,5.0,2,1.0,52.0,,43.664771,-79.385339,2017-03-12 13:51:23.145346
13700342,494460,Private room,,Oakwood Village (107),1,0.0,2,1.0,58.0,,43.689362,-79.437041,2017-03-12 13:51:23.142546
17572458,119329199,Private room,,South Parkdale (85),0,0.0,2,1.0,46.0,,43.636961,-79.438136,2017-03-12 13:51:23.140126
13684992,37943921,Private room,,Mount Pleasant East (99),3,4.5,2,1.0,53.0,,43.710945,-79.387691,2017-03-12 13:51:21.916342
14918841,93741522,Private room,,Danforth East York (59),10,4.5,4,1.0,58.0,,43.694146,-79.326081,2017-03-12 13:51:21.913792
17649383,79498873,Private room,,University (79),0,0.0,2,1.0,52.0,,43.657399,-79.406355,2017-03-12 13:51:21.911448
10876871,48188443,Private room,,Mount Pleasant East (99),8,5.0,2,1.0,42.0,,43.697202,-79.384724,2017-03-12 13:51:21.908542
11634983,46024106,Private room,,Dovercourt-Wallace Emerson-Junction (93),14,4.5,3,1.0,47.0,,43.664381,-79.436902,2017-03-12 13:51:21.905735
11714948,652444,Private room,,Dovercourt-Wallace Emerson-Junction (93),6,5.0,2,1.0,58.0,,43.662284,-79.453272,2017-03-12 13:51:21.903273
12007590,55136561,Private room,,Bay Street Corridor (76),41,4.5,2,1.0,42.0,,43.667594,-79.386497,2017-03-12 13:51:21.900885
16101094,44699521,Private room,,Waterfront Communities-The Island (77),6,5.0,1,1.0,46.0,,43.64792,-79.364467,2017-03-12 13:51:21.897151
15736096,101680040,Private room,,Waterfront Communities-The Island (77),25,5.0,1,2.0,46.0,,43.640939,-79.382582,2017-03-12 13:51:21.894651
16912840,111606404,Private room,,Yonge-Eglinton (100),0,0.0,2,1.0,54.0,,43.70652,-79.398887,2017-03-12 13:51:21.892406
17630675,21232402,Private room,,Banbury-Don Mills (42),0,0.0,2,1.0,43.0,,43.728978,-79.32324,2017-03-12 13:51:21.889830
12866733,2134070,Private room,,Kensington-Chinatown (78),58,5.0,2,1.0,45.0,,43.655808,-79.40714,2017-03-12 13:51:21.886910
14772340,22929016,Private room,,Moss Park (73),37,5.0,2,1.0,42.0,,43.658011,-79.369019,2017-03-12 13:51:21.884418
17212272,115584376,Private room,,Church-Yonge Corridor (75),1,0.0,2,1.0,53.0,,43.66429,-79.37914,2017-03-12 13:51:21.880077
5999578,31146334,Private room,,Regent Park (72),44,5.0,2,1.0,49.0,,43.658598,-79.360872,2017-03-12 13:51:21.073696
12065680,37233617,Private room,,Little Portugal (84),60,5.0,2,1.0,49.0,,43.647093,-79.424031,2017-03-12 13:51:21.068426
8125719,23169524,Private room,,Waterfront Communities-The Island (77),51,5.0,2,1.0,61.0,,43.642286,-79.384194,2017-03-12 13:51:21.060128
13539749,77884558,Private room,,North St.James Town (74),8,5.0,2,1.0,54.0,,43.672138,-79.377898,2017-03-12 13:51:21.057956
17569328,80346244,Private room,,Wexford/Maryvale (119),0,0.0,2,2.0,58.0,,43.746667,-79.298782,2017-03-12 13:51:21.052809
17325330,16660993,Private room,,Bay Street Corridor (76),1,0.0,2,1.0,46.0,,43.661621,-79.387071,2017-03-12 13:51:21.050308
12980024,32525007,Private room,,North Riverdale (68),0,0.0,1,1.0,52.0,,43.676302,-79.344648,2017-03-12 13:51:21.047186
12655272,61280014,Private room,,Wychwood (94),4,5.0,2,1.0,52.0,,43.68119,-79.422226,2017-03-12 13:51:21.033929
15965408,71953337,Private room,,Waterfront Communities-The Island (77),3,5.0,2,1.0,46.0,,43.64417,-79.381319,2017-03-12 13:51:21.031015
17193109,4951854,Private room,,Little Portugal (84),3,5.0,1,1.0,61.0,,43.649854,-79.42507,2017-03-12 13:51:19.728059
3433630,9681137,Private room,,Waterfront Communities-The Island (77),190,5.0,2,1.0,54.0,,43.648425,-79.363936,2017-03-12 13:51:19.725780
17193390,4951854,Private room,,Trinity-Bellwoods (81),3,5.0,1,1.0,53.0,,43.647682,-79.42362,2017-03-12 13:51:19.723492
3950747,9681137,Private room,,Waterfront Communities-The Island (77),223,5.0,2,1.0,54.0,,43.648981,-79.364133,2017-03-12 13:51:19.720552
5050211,7153656,Private room,,Moss Park (73),151,4.5,2,1.0,61.0,,43.656977,-79.36731,2017-03-12 13:51:19.713697
13515991,4976043,Private room,,Kensington-Chinatown (78),16,5.0,2,1.0,49.0,,43.655223,-79.403864,2017-03-12 13:51:19.708529
12089611,52921252,Private room,,Waterfront Communities-The Island (77),63,5.0,2,1.0,54.0,,43.642201,-79.381027,2017-03-12 13:51:19.704669
15882396,3306458,Private room,,Kensington-Chinatown (78),0,0.0,1,1.0,46.0,,43.654853,-79.392589,2017-03-12 13:51:19.701431
17651364,53955322,Private room,,Kensington-Chinatown (78),0,0.0,2,1.0,60.0,,43.654545,-79.402778,2017-03-12 13:51:19.698181
11383887,50769016,Private room,,Willowdale East (51),6,5.0,2,1.0,54.0,,43.780761,-79.395792,2017-03-12 13:51:19.692501
14968844,36828267,Private room,,Waterfront Communities-The Island (77),2,0.0,2,1.0,61.0,,43.643154,-79.391917,2017-03-12 13:51:19.689516
15398625,37413014,Private room,,Mimico (includes Humber Bay Shores) (17),2,0.0,2,1.0,42.0,,43.621582,-79.482027,2017-03-12 13:51:19.680195
15888705,32705421,Private room,,Bay Street Corridor (76),12,5.0,2,1.0,62.0,,43.651042,-79.38265,2017-03-12 13:51:19.677523
15885711,103016972,Private room,,Cabbagetown-South St.James Town (71),6,5.0,2,1.0,53.0,,43.666284,-79.375042,2017-03-12 13:51:18.117403
10747419,33842639,Private room,,Bay Street Corridor (76),18,5.0,1,1.0,61.0,,43.662752,-79.385525,2017-03-12 13:51:18.114344
138006,605569,Private room,,Church-Yonge Corridor (75),171,5.0,2,1.0,49.0,,43.656869,-79.374951,2017-03-12 13:51:18.111475
2993635,15262414,Private room,,Moss Park (73),144,5.0,2,1.0,54.0,,43.658069,-79.369407,2017-03-12 13:51:18.108408
5716940,10421960,Private room,,Trinity-Bellwoods (81),14,5.0,2,1.0,58.0,,43.651889,-79.423786,2017-03-12 13:51:18.105100
7673722,37736650,Private room,,Willowdale West (37),36,5.0,2,1.0,43.0,,43.770678,-79.421331,2017-03-12 13:51:18.102062
11145832,57865714,Private room,,Waterfront Communities-The Island (77),46,4.5,2,1.0,54.0,,43.64647,-79.389052,2017-03-12 13:51:18.098785
12556850,2505410,Private room,,Kensington-Chinatown (78),18,5.0,2,1.0,54.0,,43.656758,-79.401825,2017-03-12 13:51:18.093638
13651936,6933394,Private room,,Waterfront Communities-The Island (77),0,0.0,2,1.0,53.0,,43.640353,-79.392585,2017-03-12 13:51:18.090448
14082652,69337293,Private room,,Moss Park (73),62,5.0,2,1.0,46.0,,43.655957,-79.355379,2017-03-12 13:51:18.087515
11729345,10724994,Private room,,Palmerston-Little Italy (80),9,4.5,2,1.0,55.0,,43.660024,-79.409181,2017-03-12 13:51:18.082331
14465518,71953337,Private room,,Waterfront Communities-The Island (77),19,5.0,2,1.0,54.0,,43.642156,-79.381166,2017-03-12 13:51:18.079498
14026316,41573229,Private room,,Waterfront Communities-The Island (77),43,5.0,2,1.0,54.0,,43.642938,-79.380244,2017-03-12 13:51:18.076266
15475639,8480721,Private room,,Waterfront Communities-The Island (77),18,5.0,2,1.0,58.0,,43.639249,-79.396845,2017-03-12 13:51:18.073757
16257341,18873244,Private room,,Kensington-Chinatown (78),8,5.0,2,1.0,54.0,,43.65563,-79.388869,2017-03-12 13:51:18.071092
4567049,17667215,Private room,,Trinity-Bellwoods (81),0,0.0,4,1.0,58.0,,43.646058,-79.420171,2017-03-12 13:51:18.068163
15335526,97097298,Private room,,Waterfront Communities-The Island (77),20,5.0,2,1.0,49.0,,43.650184,-79.368043,2017-03-12 13:51:18.065287
17043257,4755439,Private room,,Church-Yonge Corridor (75),3,5.0,2,1.0,42.0,,43.663024,-79.383229,2017-03-12 13:51:16.755334
15519268,74145623,Private room,,South Parkdale (85),4,5.0,2,1.0,46.0,,43.640612,-79.422997,2017-03-12 13:51:16.747983
1604069,8546454,Private room,,Birchcliffe-Cliffside (122),155,5.0,2,1.0,58.0,,43.692291,-79.259901,2017-03-12 13:51:16.745643
12159247,25137938,Private room,,Yonge-Eglinton (100),45,5.0,2,1.0,58.0,,43.706964,-79.399875,2017-03-12 13:51:16.738751
9312300,48335933,Private room,,Church-Yonge Corridor (75),87,4.5,1,1.0,52.0,,43.660647,-79.382164,2017-03-12 13:51:16.736297
14733628,91208270,Private room,,Willowdale West (37),11,5.0,2,1.0,45.0,,43.772211,-79.420866,2017-03-12 13:51:16.733821
14964920,93850966,Private room,,Cabbagetown-South St.James Town (71),28,5.0,2,1.0,44.0,,43.668006,-79.368848,2017-03-12 13:51:16.731507
12979229,27042758,Private room,,Blake-Jones (69),35,5.0,2,1.0,46.0,,43.678167,-79.331068,2017-03-12 13:51:16.728879
15107695,10857298,Private room,,Moss Park (73),15,5.0,2,1.0,42.0,,43.662358,-79.372736,2017-03-12 13:51:16.725205
5770940,29938723,Private room,,Moss Park (73),61,5.0,2,1.0,54.0,,43.66061,-79.370646,2017-03-12 13:51:16.722074
16605861,84840859,Private room,,Niagara (82),8,5.0,2,1.0,53.0,,43.638282,-79.402706,2017-03-12 13:51:16.717564
13257753,49993937,Private room,,Bay Street Corridor (76),10,5.0,2,1.0,55.0,,43.661393,-79.384646,2017-03-12 13:51:16.714493
2700352,13818332,Private room,,Church-Yonge Corridor (75),178,4.5,2,1.0,46.0,,43.66155,-79.376601,2017-03-12 13:51:16.711375
11573530,53331580,Private room,,Church-Yonge Corridor (75),61,5.0,2,1.0,53.0,,43.666586,-79.383657,2017-03-12 13:51:16.708738
16792740,43815574,Private room,,Little Portugal (84),2,0.0,3,1.0,47.0,,43.643931,-79.427839,2017-03-12 13:51:16.703979
15624418,10323838,Private room,,Waterfront Communities-The Island (77),3,4.5,2,1.0,56.0,,43.645414,-79.387531,2017-03-12 13:51:16.701106
2371972,2619185,Private room,,Church-Yonge Corridor (75),57,5.0,2,1.0,49.0,,43.666305,-79.382564,2017-03-12 13:51:15.985436
5073623,19461277,Private room,,Church-Yonge Corridor (75),139,4.5,4,1.0,45.0,,43.653647,-79.374992,2017-03-12 13:51:15.982980
17193887,4951854,Private room,,Trinity-Bellwoods (81),4,5.0,1,1.0,57.0,,43.648238,-79.423634,2017-03-12 13:51:15.980627
17096540,4350584,Private room,,University (79),7,5.0,2,1.0,42.0,,43.663897,-79.410562,2017-03-12 13:51:15.974652
13447068,76775244,Private room,,Mount Pleasant East (99),10,4.5,1,1.0,48.0,,43.708998,-79.387604,2017-03-12 13:51:15.971440
14613707,49805609,Private room,,Kensington-Chinatown (78),34,4.5,2,1.0,52.0,,43.654239,-79.400491,2017-03-12 13:51:15.969407
15093158,83603199,Private room,,Moss Park (73),24,5.0,3,1.0,46.0,,43.653349,-79.369897,2017-03-12 13:51:15.965554
13909399,37386223,Private room,,Niagara (82),32,5.0,1,1.0,42.0,,43.635672,-79.406535,2017-03-12 13:51:15.960538
14933789,22929016,Private room,,Moss Park (73),33,5.0,4,1.0,52.0,,43.656632,-79.36978,2017-03-12 13:51:15.957760
3931040,20363967,Private room,,Danforth East York (59),77,5.0,2,1.0,42.0,,43.693093,-79.327474,2017-03-12 13:51:15.954581
12089250,52921252,Private room,,Waterfront Communities-The Island (77),85,4.5,2,1.0,46.0,,43.642557,-79.381844,2017-03-12 13:51:15.951796
15721353,34542094,Private room,,Bay Street Corridor (76),12,5.0,2,1.0,52.0,,43.661109,-79.386836,2017-03-12 13:51:15.946998
13046380,6411439,Private room,,Blake-Jones (69),37,5.0,2,1.0,42.0,,43.673863,-79.342753,2017-03-12 13:51:15.943271
17115245,55701747,Private room,,Waterfront Communities-The Island (77),2,0.0,2,1.0,54.0,,43.642189,-79.375646,2017-03-12 13:51:14.700416
4121000,21378321,Private room,,Woodbine Corridor (64),77,5.0,2,1.0,58.0,,43.682283,-79.319809,2017-03-12 13:51:14.698473
5154671,26553293,Private room,,Church-Yonge Corridor (75),8,5.0,1,1.0,49.0,,43.65312,-79.375007,2017-03-12 13:51:14.695975
14202279,86172804,Private room,,Church-Yonge Corridor (75),19,5.0,2,1.0,58.0,,43.660274,-79.379513,2017-03-12 13:51:14.694027
12631955,24901660,Private room,,Bay Street Corridor (76),47,4.5,2,1.0,58.0,,43.657874,-79.38307,2017-03-12 13:51:14.691814
5257184,20457604,Private room,,Willowdale East (51),0,0.0,2,1.0,46.0,,43.76662,-79.390441,2017-03-12 13:51:14.689252
16822533,77601702,Private room,,Banbury-Don Mills (42),0,0.0,1,1.0,46.0,,43.745832,-79.367546,2017-03-12 13:51:46.835216
13449306,76788493,Private room,,Agincourt North (129),1,0.0,1,1.0,62.0,,43.806847,-79.262958,2017-03-12 13:51:46.819025
13000865,49224579,Private room,,Mount Pleasant East (99),29,4.5,3,1.0,43.0,,43.715662,-79.400191,2017-03-12 13:51:46.816248
15928183,36829318,Private room,,Yonge-St.Clair (97),3,4.5,2,1.0,53.0,,43.693234,-79.399902,2017-03-12 13:51:46.814015
15203800,96561120,Private room,,Old East York (58),9,5.0,2,1.0,49.0,,43.69673,-79.332735,2017-03-12 13:51:46.811157
11102004,57660701,Private room,,Willowdale East (51),4,4.5,2,1.0,42.0,,43.757727,-79.404932,2017-03-12 13:51:46.808238
3323877,16781086,Private room,,Pleasant View (46),10,4.5,2,1.0,54.0,,43.782213,-79.338895,2017-03-12 13:51:46.804279
13992875,83547279,Private room,,L'Amoreaux (117),2,0.0,3,1.0,52.0,,43.784986,-79.322033,2017-03-12 13:51:45.155154
14594697,45486569,Private room,,Waterfront Communities-The Island (77),17,5.0,2,1.0,55.0,,43.643632,-79.375962,2017-03-12 13:51:14.687179
10646501,2854730,Private room,,Niagara (82),82,5.0,2,1.0,52.0,,43.635534,-79.404465,2017-03-12 13:51:14.684303
11821846,62969976,Private room,,Waterfront Communities-The Island (77),47,5.0,2,1.0,58.0,,43.640038,-79.392739,2017-03-12 13:51:14.681507
17193517,4951854,Private room,,Little Portugal (84),3,5.0,1,1.0,53.0,,43.648117,-79.424376,2017-03-12 13:51:14.678956
13878818,82117464,Private room,,Waterfront Communities-The Island (77),19,5.0,2,1.0,54.0,,43.646439,-79.3747,2017-03-12 13:51:14.672996
9057883,17740154,Private room,,Little Portugal (84),124,5.0,3,1.0,50.0,,43.64188,-79.424284,2017-03-12 13:51:14.670905
14807935,16675496,Private room,,Waterfront Communities-The Island (77),63,5.0,2,1.0,49.0,,43.643345,-79.375816,2017-03-12 13:51:14.668593
5785794,30017611,Private room,,Waterfront Communities-The Island (77),80,5.0,2,1.0,58.0,,43.646639,-79.401404,2017-03-12 13:51:14.665902
15069358,15321613,Private room,,Niagara (82),2,0.0,2,1.0,42.0,,43.639633,-79.416905,2017-03-12 13:51:14.662001
3464606,9681137,Private room,,Waterfront Communities-The Island (77),214,5.0,2,1.0,54.0,,43.649058,-79.364807,2017-03-12 13:51:14.658836
3280280,3873543,Private room,,Willowdale East (51),203,5.0,2,1.0,54.0,,43.765612,-79.411563,2017-03-12 13:51:14.654882
17542133,57185655,Private room,,Little Portugal (84),0,0.0,3,2.0,52.0,,43.642688,-79.42494,2017-03-12 13:51:14.652336
7025575,36826564,Private room,,New Toronto (18),6,5.0,1,1.0,37.0,,43.603063,-79.504223,2017-03-12 13:51:13.286179
2867749,5566743,Private room,,Etobicoke West Mall (13),9,5.0,2,1.0,38.0,,43.647243,-79.577401,2017-03-12 13:51:10.478917
8132339,42944058,Private room,,Etobicoke West Mall (13),26,5.0,1,1.0,27.0,,43.648726,-79.565177,2017-03-12 13:51:09.733772
5615052,5229359,Private room,,Etobicoke West Mall (13),1,0.0,2,1.0,38.0,,43.639186,-79.562577,2017-03-12 13:51:08.650612
13955965,83111756,Private room,,New Toronto (18),0,0.0,1,1.0,13.0,,43.60058,-79.514332,2017-03-12 13:51:02.671354
5779368,29679062,Private room,,New Toronto (18),1,0.0,1,1.0,28.0,,43.602615,-79.506699,2017-03-12 13:51:02.668268
5258441,1552850,Private room,,New Toronto (18),18,5.0,2,1.0,25.0,,43.603958,-79.499217,2017-03-12 13:51:02.665338
13451391,1294910,Private room,,Mimico (includes Humber Bay Shores) (17),0,0.0,1,1.0,11.0,,43.618683,-79.487042,2017-03-12 13:51:00.097034
3031632,4186924,Private room,,New Toronto (18),2,0.0,1,1.0,25.0,,43.60038,-79.516698,2017-03-12 13:51:00.086584
629902,3130150,Private room,,Long Branch (19),2,0.0,2,1.0,24.0,,43.592212,-79.530181,2017-03-12 13:50:58.446287
9544829,20511772,Private room,,New Toronto (18),3,5.0,2,1.0,34.0,,43.59539,-79.510506,2017-03-12 13:50:58.443336
5724222,29679062,Private room,,New Toronto (18),4,4.5,1,1.0,28.0,,43.603389,-79.507216,2017-03-12 13:50:58.440994
708757,3470868,Private room,,Long Branch (19),34,4.5,2,1.0,41.0,,43.597705,-79.524802,2017-03-12 13:50:58.437604
15842562,97653627,Private room,,Long Branch (19),0,0.0,1,1.0,23.0,,43.595043,-79.523609,2017-03-12 13:50:57.184024
720645,3470868,Private room,,Long Branch (19),83,5.0,2,1.0,36.0,,43.597433,-79.524839,2017-03-12 13:50:57.179451
8668963,45540162,Private room,,Islington-City Centre West (14),5,4.0,2,1.0,31.0,,43.646862,-79.530099,2017-03-12 13:50:47.693450
12344329,17054368,Private room,,Wychwood (94),0,0.0,1,1.0,20.0,,43.674436,-79.420147,2017-03-12 13:48:58.825824
10879388,1552850,Private room,,New Toronto (18),17,5.0,1,1.0,23.0,,43.603727,-79.500973,2017-03-12 13:47:44.205325
15999340,103991956,Private room,,New Toronto (18),2,0.0,2,1.0,37.0,,43.596895,-79.503077,2017-03-12 13:47:27.660524
12810167,30066525,Private room,,New Toronto (18),9,5.0,1,1.0,34.0,,43.603047,-79.499261,2017-03-12 13:43:15.295315
4012123,11077388,Private room,,New Toronto (18),193,4.5,2,1.0,30.0,,43.600194,-79.519655,2017-03-12 13:43:13.895385
9449690,42594823,Private room,,Kingsview Village-The Westway (6),26,4.5,2,1.0,31.0,,43.699079,-79.562122,2017-03-12 13:42:59.074501
7130415,34358894,Private room,,Eringate-Centennial-West Deane (11),1,0.0,1,1.0,34.0,,43.670067,-79.567745,2017-03-12 13:42:58.434038
10330922,29658560,Private room,,Eringate-Centennial-West Deane (11),0,0.0,2,1.0,21.0,,43.658782,-79.578752,2017-03-12 13:42:58.417912
3228677,5566743,Private room,,Eringate-Centennial-West Deane (11),16,4.5,2,1.0,23.0,,43.648399,-79.57849,2017-03-12 13:42:57.013355
6813135,35671752,Private room,,Eringate-Centennial-West Deane (11),0,0.0,1,1.0,20.0,,43.655983,-79.569894,2017-03-12 13:42:56.999974
6831750,8857499,Private room,,Islington-City Centre West (14),12,5.0,2,1.0,34.0,,43.64497,-79.528528,2017-03-12 13:42:56.997848
7439545,37520003,Private room,,Willowridge-Martingrove-Richview (7),2,0.0,1,1.0,34.0,,43.678096,-79.565859,2017-03-12 13:42:55.639826
14454018,89035495,Private room,,Etobicoke West Mall (13),0,0.0,2,1.0,30.0,,43.640358,-79.562382,2017-03-12 13:42:55.611819
17372909,10163660,Private room,,Eringate-Centennial-West Deane (11),0,0.0,4,1.0,23.0,,43.664834,-79.571935,2017-03-12 13:42:54.378597
13185034,73759043,Private room,,West Humber-Clairville (1),1,0.0,1,1.0,38.0,,43.733748,-79.599562,2017-03-12 13:42:54.358100
8206114,42944058,Private room,,Etobicoke West Mall (13),9,4.5,1,1.0,27.0,,43.649281,-79.565675,2017-03-12 13:42:54.346153
13017854,4292538,Private room,,Kingsview Village-The Westway (6),5,5.0,2,1.0,38.0,,43.696448,-79.551205,2017-03-12 13:42:52.953384
15466223,92185927,Private room,,West Humber-Clairville (1),1,0.0,2,1.0,37.0,,43.723225,-79.616544,2017-03-12 13:42:52.944160
15643609,100920595,Private room,,Willowridge-Martingrove-Richview (7),7,5.0,2,1.0,38.0,,43.677969,-79.551366,2017-03-12 13:42:52.934779
7783864,37363980,Private room,,Islington-City Centre West (14),1,0.0,2,1.0,20.0,,43.645472,-79.526273,2017-03-12 13:42:49.275830
15528267,11223306,Private room,,Stonegate-Queensway (16),0,0.0,4,1.0,38.0,,43.6479,-79.496335,2017-03-12 13:42:49.270476
14025021,11972090,Private room,,Mimico (includes Humber Bay Shores) (17),1,0.0,1,1.0,23.0,,43.622262,-79.502304,2017-03-12 13:42:47.810352
14615293,26373233,Private room,,Mimico (includes Humber Bay Shores) (17),2,0.0,1,1.0,37.0,,43.619394,-79.507763,2017-03-12 13:42:47.805567
13781598,51533907,Private room,,Islington-City Centre West (14),0,0.0,2,1.0,27.0,,43.645411,-79.547112,2017-03-12 13:42:47.797256
15634524,35683478,Private room,,Mimico (includes Humber Bay Shores) (17),1,0.0,1,1.0,34.0,,43.618836,-79.505172,2017-03-12 13:42:47.785939
17514315,38594440,Private room,,Mimico (includes Humber Bay Shores) (17),0,0.0,2,1.0,38.0,,43.622107,-79.485948,2017-03-12 13:42:45.558368
10955528,4246087,Private room,,Mimico (includes Humber Bay Shores) (17),0,0.0,1,1.0,29.0,,43.615884,-79.502118,2017-03-12 13:42:45.548117
16113093,105062706,Private room,,Mimico (includes Humber Bay Shores) (17),5,5.0,2,1.0,34.0,,43.610108,-79.495811,2017-03-12 13:42:45.533099
13739181,21572742,Private room,,Islington-City Centre West (14),10,4.5,2,1.0,35.0,,43.642741,-79.523554,2017-03-12 13:42:44.443043
15321230,81175079,Private room,,Mimico (includes Humber Bay Shores) (17),2,0.0,3,1.0,27.0,,43.612291,-79.487417,2017-03-12 13:42:43.009766
6261098,32531889,Private room,,Stonegate-Queensway (16),0,0.0,1,1.0,38.0,,43.63376,-79.487425,2017-03-12 13:42:43.000204
15786021,102110353,Private room,,Mimico (includes Humber Bay Shores) (17),2,0.0,2,1.0,34.0,,43.612285,-79.494128,2017-03-12 13:42:42.995252
13201505,73923578,Private room,,Mimico (includes Humber Bay Shores) (17),6,5.0,2,1.0,41.0,,43.621313,-79.482433,2017-03-12 13:42:41.753744
13466283,1294910,Private room,,Mimico (includes Humber Bay Shores) (17),2,0.0,2,1.0,31.0,,43.618885,-79.487303,2017-03-12 13:42:41.741901
15747639,62532214,Private room,,Mimico (includes Humber Bay Shores) (17),2,0.0,1,1.0,31.0,,43.622008,-79.481928,2017-03-12 13:42:40.597864
13062387,25360551,Private room,,Roncesvalles (86),10,4.5,2,1.0,31.0,,43.640881,-79.442777,2017-03-12 13:42:38.035647
15973626,102762217,Private room,,Stonegate-Queensway (16),0,0.0,1,1.0,27.0,,43.634836,-79.488339,2017-03-12 13:42:29.515376
7884301,41562836,Private room,,South Parkdale (85),1,0.0,1,1.0,38.0,,43.635184,-79.469291,2017-03-12 13:42:27.350254
9472834,2949279,Private room,,South Parkdale (85),0,0.0,1,1.0,30.0,,43.636173,-79.46844,2017-03-12 13:40:50.900994
8553094,2948789,Private room,,Junction Area (90),0,0.0,1,1.0,31.0,,43.665788,-79.466386,2017-03-12 13:40:27.377712
1256759,2948789,Private room,,Junction Area (90),25,5.0,1,1.0,32.0,,43.666357,-79.467909,2017-03-12 13:38:27.412535
5230742,17549800,Private room,,Mimico (includes Humber Bay Shores) (17),5,4.0,1,1.0,31.0,,43.620301,-79.493479,2017-03-12 13:38:23.751720
4729860,7052964,Private room,,High Park North (88),35,5.0,2,1.0,38.0,,43.657626,-79.468014,2017-03-12 13:38:22.253267
14303618,419086,Private room,,Stonegate-Queensway (16),7,5.0,1,1.0,27.0,,43.63585,-79.492547,2017-03-12 13:38:14.251954
17318871,24709378,Private room,,Waterfront Communities-The Island (77),0,0.0,1,1.0,36.0,,43.638363,-79.387064,2017-03-12 13:38:00.869064
17423583,3407826,Private room,,Kensington-Chinatown (78),2,0.0,2,1.0,20.0,,43.656882,-79.391606,2017-03-12 13:36:33.969566
4202579,618537,Private room,,Waterfront Communities-The Island (77),6,5.0,1,1.0,31.0,,43.637625,-79.390239,2017-03-12 13:36:32.724849
14606541,37890444,Private room,,Lawrence Park South (103),1,0.0,2,1.0,40.0,,43.724137,-79.399498,2017-03-12 13:32:28.144683
10305768,29658560,Private room,,Eringate-Centennial-West Deane (11),0,0.0,1,1.0,21.0,,43.660471,-79.582601,2017-03-12 13:31:45.285256
16719081,99199029,Private room,,New Toronto (18),1,0.0,2,1.0,27.0,,43.600656,-79.498879,2017-03-12 13:31:43.880787
16349635,106310804,Private room,,Mimico (includes Humber Bay Shores) (17),0,0.0,1,1.0,31.0,,43.616076,-79.505085,2017-03-12 13:31:41.374425
13477083,77135037,Private room,,Alderwood (20),1,0.0,1,1.0,13.0,,43.60867,-79.551648,2017-03-12 13:31:41.344546
13619101,78870847,Private room,,Corso Italia-Davenport (92),1,0.0,2,1.0,37.0,,43.677424,-79.440189,2017-03-12 13:26:32.720749
15735603,11253044,Private room,,South Parkdale (85),3,5.0,1,1.0,20.0,,43.634688,-79.428953,2017-03-12 13:25:57.553677
12810266,49028399,Private room,,Cabbagetown-South St.James Town (71),0,0.0,1,1.0,27.0,,43.664758,-79.358426,2017-03-12 13:25:21.637991
5433885,28188213,Private room,,South Parkdale (85),2,0.0,2,1.0,23.0,,43.636884,-79.429733,2017-03-12 13:24:45.438491
7262082,23040391,Private room,,Niagara (82),0,0.0,1,1.0,38.0,,43.637126,-79.401439,2017-03-12 13:24:40.408236
10282765,15584360,Private room,,Niagara (82),1,0.0,1,1.0,41.0,,43.636374,-79.401875,2017-03-12 13:24:38.010401
14716462,894181,Private room,,South Parkdale (85),14,5.0,2,1.0,27.0,,43.636186,-79.439657,2017-03-12 13:24:35.951048
16687770,52879633,Private room,,Niagara (82),2,0.0,1,2.0,34.0,,43.636084,-79.399439,2017-03-12 13:24:34.687933
8900920,6141240,Private room,,South Parkdale (85),9,4.5,2,1.0,37.0,,43.636067,-79.427233,2017-03-12 13:24:32.129196
8900639,6141240,Private room,,South Parkdale (85),20,4.5,2,1.0,40.0,,43.634355,-79.425812,2017-03-12 13:24:32.121866
17551686,119100743,Private room,,South Parkdale (85),0,0.0,2,1.0,21.0,,43.637224,-79.439494,2017-03-12 13:24:31.202127
17540852,77614693,Private room,,Waterfront Communities-The Island (77),0,0.0,2,1.0,38.0,,43.637284,-79.388826,2017-03-12 13:24:31.197898
9557701,1153761,Private room,,Trinity-Bellwoods (81),2,0.0,1,1.0,37.0,,43.645027,-79.422861,2017-03-12 13:24:12.050062
14444484,45152898,Private room,,Lawrence Park South (103),1,0.0,1,1.0,20.0,,43.723862,-79.400907,2017-03-12 13:22:38.198943
8900827,6141240,Private room,,South Parkdale (85),17,4.5,2,1.0,35.0,,43.635947,-79.425377,2017-03-12 13:21:41.870983
7582469,33187115,Private room,,Danforth (66),4,5.0,2,1.0,23.0,,43.684805,-79.324173,2017-03-12 13:21:17.913459
9424894,48860375,Private room,,East End-Danforth (62),0,0.0,1,1.0,28.0,,43.690735,-79.295223,2017-03-12 13:21:16.899165
3302679,11206244,Private room,,Oakridge (121),9,5.0,1,1.0,29.0,,43.699115,-79.277276,2017-03-12 13:21:12.526259
804100,3508364,Private room,,Birchcliffe-Cliffside (122),6,5.0,1,1.0,33.0,,43.674638,-79.278373,2017-03-12 13:21:11.267274
6368769,33187115,Private room,,Danforth (66),8,5.0,2,1.0,27.0,,43.686075,-79.323072,2017-03-12 13:20:45.165023
3041513,15486990,Private room,,Birchcliffe-Cliffside (122),1,0.0,2,1.0,38.0,,43.689871,-79.267203,2017-03-12 13:20:43.902038
13265026,10007303,Private room,,Birchcliffe-Cliffside (122),1,0.0,1,1.0,23.0,,43.687903,-79.272204,2017-03-12 13:20:43.877208
3378231,10837683,Private room,,Birchcliffe-Cliffside (122),45,4.5,2,1.0,38.0,,43.6845,-79.281614,2017-03-12 13:20:42.252931
7872805,32044025,Private room,,Oakridge (121),3,4.5,1,1.0,30.0,,43.699637,-79.275691,2017-03-12 13:20:40.366298
17160839,25825228,Private room,,Waterfront Communities-The Island (77),1,0.0,2,2.0,37.0,,43.637135,-79.398179,2017-03-12 13:20:18.768465
16148434,3747686,Private room,,East End-Danforth (62),0,0.0,2,1.0,41.0,,43.682588,-79.309796,2017-03-12 13:20:16.411108
10793588,13893030,Private room,,Oakridge (121),7,4.5,2,1.0,34.0,,43.690741,-79.288024,2017-03-12 13:20:15.166572
13783591,77919672,Private room,,Bendale (127),8,4.5,2,1.0,33.0,,43.763847,-79.258552,2017-03-12 13:20:02.912435
10339744,29882189,Private room,,Scarborough Village (139),1,0.0,2,1.0,38.0,,43.736745,-79.208217,2017-03-12 13:20:01.343957
16301568,106637065,Private room,,Guildwood (140),1,0.0,2,1.0,19.0,,43.753489,-79.184352,2017-03-12 13:20:00.109066
9332840,40609951,Private room,,Clairlea-Birchmount (120),1,0.0,2,1.0,37.0,,43.705858,-79.291735,2017-03-12 13:19:56.344946
8354053,8572794,Private room,,Niagara (82),37,5.0,1,1.0,34.0,,43.636804,-79.401886,2017-03-12 13:19:54.163883
12026734,64360243,Private room,,Niagara (82),26,4.5,2,1.0,38.0,,43.636917,-79.402413,2017-03-12 13:19:54.150271
16391914,1636451,Private room,,East End-Danforth (62),1,0.0,2,1.0,31.0,,43.689992,-79.294767,2017-03-12 13:19:52.785741
15890568,103064867,Private room,,Oakridge (121),0,0.0,1,1.0,23.0,,43.695891,-79.274568,2017-03-12 13:19:50.077874
14506498,89571041,Private room,,Taylor-Massey (61),2,0.0,1,1.0,23.0,,43.691266,-79.291396,2017-03-12 13:19:48.729043
13565465,77612887,Private room,,West Humber-Clairville (1),0,0.0,6,1.0,36.0,,43.723863,-79.619128,2017-03-12 13:19:34.549289
16671575,110289028,Private room,,West Humber-Clairville (1),0,0.0,6,1.0,31.0,,43.731526,-79.614331,2017-03-12 13:19:34.547087
17106988,37520003,Private room,,Willowridge-Martingrove-Richview (7),2,0.0,1,1.0,37.0,,43.6783,-79.563647,2017-03-12 13:19:33.389160
13451852,25374649,Private room,,Mount Dennis (115),0,0.0,2,1.0,23.0,,43.691121,-79.507437,2017-03-12 13:19:32.852887
12157556,9287141,Private room,,Eringate-Centennial-West Deane (11),34,5.0,2,1.0,38.0,,43.672021,-79.567785,2017-03-12 13:19:32.840540
9258704,37520003,Private room,,Willowridge-Martingrove-Richview (7),4,5.0,2,1.0,37.0,,43.677741,-79.565258,2017-03-12 13:19:32.838286
14127357,59824620,Private room,,Willowridge-Martingrove-Richview (7),3,5.0,1,1.0,31.0,,43.677388,-79.565142,2017-03-12 13:19:31.305004
8195020,43226728,Private room,,West Humber-Clairville (1),0,0.0,1,1.0,28.0,,43.723609,-79.600816,2017-03-12 13:19:31.289777
7163671,37520003,Private room,,Willowridge-Martingrove-Richview (7),10,4.5,2,1.0,37.0,,43.678261,-79.565157,2017-03-12 13:19:31.281177
14125959,59824620,Private room,,Willowridge-Martingrove-Richview (7),1,0.0,1,1.0,29.0,,43.677257,-79.565248,2017-03-12 13:19:30.683219
14127375,59824620,Private room,,Willowridge-Martingrove-Richview (7),2,0.0,2,1.0,34.0,,43.678102,-79.565481,2017-03-12 13:19:29.991948
8783708,45984571,Private room,,West Humber-Clairville (1),0,0.0,1,1.0,23.0,,43.734116,-79.608461,2017-03-12 13:19:29.974370
7289502,11774511,Private room,,Mount Olive-Silverstone-Jamestown (2),16,4.0,1,1.0,26.0,,43.728861,-79.581875,2017-03-12 13:19:29.970550
12072154,9287141,Private room,,Willowridge-Martingrove-Richview (7),25,5.0,2,1.0,38.0,,43.674264,-79.567174,2017-03-12 13:19:29.967853
10548951,37520003,Private room,,Willowridge-Martingrove-Richview (7),12,5.0,1,1.0,34.0,,43.677102,-79.565464,2017-03-12 13:19:28.704765
17366009,22155326,Private room,,Willowridge-Martingrove-Richview (7),0,0.0,1,1.0,31.0,,43.677667,-79.557201,2017-03-12 13:19:28.697657
14867566,65821818,Private room,,Kingsview Village-The Westway (6),6,5.0,2,1.0,23.0,,43.697077,-79.552757,2017-03-12 13:19:28.692179
13846262,81647165,Private room,,Thistletown-Beaumond Heights (3),15,4.5,2,1.0,25.0,,43.744113,-79.572219,2017-03-12 13:19:27.390038
14900985,93549252,Private room,,Rexdale-Kipling (4),1,0.0,2,1.0,38.0,,43.728235,-79.565952,2017-03-12 13:19:27.388115
12763570,59824620,Private room,,Willowridge-Martingrove-Richview (7),4,5.0,1,1.0,27.0,,43.677806,-79.566794,2017-03-12 13:19:27.379848
17381995,9283450,Private room,,West Humber-Clairville (1),0,0.0,1,1.0,27.0,,43.731398,-79.603494,2017-03-12 13:19:27.367736
14405226,65816045,Private room,,Kingsview Village-The Westway (6),23,4.5,2,1.0,25.0,,43.695199,-79.554341,2017-03-12 13:19:26.059581
14107052,54993460,Private room,,Willowridge-Martingrove-Richview (7),0,0.0,2,1.0,38.0,,43.685407,-79.567707,2017-03-12 13:19:26.057363
5078080,23091262,Private room,,Annex (95),81,5.0,2,1.0,54.0,,43.667464,-79.407214,2017-03-12 13:51:21.041583
8845708,6823955,Private room,,Cabbagetown-South St.James Town (71),18,5.0,1,1.0,61.0,,43.665022,-79.367572,2017-03-12 13:51:21.037838
9284160,48213151,Private room,,Lambton Baby Point (114),0,0.0,1,1.0,35.0,,43.652576,-79.498196,2017-03-12 13:19:24.839486
11054861,52697915,Private room,,Mount Dennis (115),0,0.0,1,1.0,26.0,,43.692,-79.500054,2017-03-12 13:19:24.831277
13113995,70756525,Private room,,Mount Dennis (115),1,0.0,1,1.0,37.0,,43.693687,-79.505763,2017-03-12 13:19:24.829081
11841761,63097604,Private room,,Lambton Baby Point (114),2,0.0,2,1.0,37.0,,43.663851,-79.5036,2017-03-12 13:19:24.826412
757217,3987499,Private room,,Runnymede-Bloor West Village (89),2,0.0,1,1.0,37.0,,43.662574,-79.484324,2017-03-12 13:19:24.823405
12112095,20867030,Private room,,Lambton Baby Point (114),2,0.0,1,1.0,31.0,,43.651342,-79.486272,2017-03-12 13:19:24.187664
13045855,183079,Private room,,Islington-City Centre West (14),25,5.0,2,1.0,38.0,,43.655188,-79.541733,2017-03-12 13:19:24.177358
15838981,58100203,Private room,,Rockcliffe-Smythe (111),0,0.0,1,1.0,29.0,,43.679065,-79.496178,2017-03-12 13:19:24.170765
15216666,88364954,Private room,,Kingsway South (15),2,0.0,1,1.0,31.0,,43.649211,-79.520415,2017-03-12 13:19:24.167025
4334415,22421100,Private room,,Rockcliffe-Smythe (111),9,5.0,1,1.0,28.0,,43.669601,-79.499158,2017-03-12 13:19:24.161656
9823699,50593863,Private room,,Rockcliffe-Smythe (111),0,0.0,2,1.0,38.0,,43.675621,-79.497279,2017-03-12 13:19:23.531214
7115098,37267151,Private room,,Humber Heights-Westmount (8),0,0.0,3,1.0,31.0,,43.685105,-79.517289,2017-03-12 13:19:23.519039
12909053,70756525,Private room,,Mount Dennis (115),2,0.0,1,1.0,34.0,,43.691964,-79.502415,2017-03-12 13:19:22.157590
15941444,103473189,Private room,,Humber Heights-Westmount (8),1,0.0,2,1.0,16.0,,43.683742,-79.525517,2017-03-12 13:19:22.154030
16997870,25000914,Private room,,Lambton Baby Point (114),2,0.0,2,2.0,31.0,,43.655456,-79.489001,2017-03-12 13:19:20.708389
6262561,21295708,Private room,,Weston (113),41,5.0,2,1.0,37.0,,43.702731,-79.515184,2017-03-12 13:19:20.703041
4318494,22421100,Private room,,Rockcliffe-Smythe (111),29,5.0,2,1.0,30.0,,43.669329,-79.5002,2017-03-12 13:19:20.698919
9142988,47612446,Private room,,Mount Dennis (115),0,0.0,2,1.0,38.0,,43.686367,-79.493729,2017-03-12 13:19:19.657704
15223090,87823046,Private room,,Runnymede-Bloor West Village (89),0,0.0,2,1.0,35.0,,43.663062,-79.485454,2017-03-12 13:19:19.642098
8521059,20867030,Private room,,Lambton Baby Point (114),0,0.0,1,1.0,39.0,,43.651966,-79.48669,2017-03-12 13:19:19.637113
16051491,7129360,Private room,,High Park North (88),0,0.0,2,1.0,37.0,,43.65619,-79.463842,2017-03-12 13:19:19.115446
13175637,7843571,Private room,,High Park North (88),4,5.0,2,1.0,37.0,,43.656448,-79.464709,2017-03-12 13:19:19.112778
16825436,111954306,Private room,,Junction Area (90),0,0.0,1,0.0,31.0,,43.666156,-79.47748,2017-03-12 13:19:19.108708
16603527,87823046,Private room,,Runnymede-Bloor West Village (89),10,4.5,2,1.0,22.0,,43.66321,-79.487239,2017-03-12 13:19:19.102784
13217332,54396867,Private room,,Stonegate-Queensway (16),0,0.0,1,1.0,31.0,,43.648119,-79.4937,2017-03-12 13:19:17.626952
17298302,20867030,Private room,,Lambton Baby Point (114),0,0.0,1,1.0,26.0,,43.652923,-79.486562,2017-03-12 13:19:17.621996
13824411,17440538,Private room,,Junction Area (90),1,0.0,2,1.0,38.0,,43.664613,-79.476931,2017-03-12 13:19:17.614770
10614513,54775263,Private room,,Runnymede-Bloor West Village (89),0,0.0,2,1.0,38.0,,43.658096,-79.48407,2017-03-12 13:19:17.604821
4604869,22737400,Private room,,Runnymede-Bloor West Village (89),27,5.0,2,1.0,38.0,,43.650108,-79.482871,2017-03-12 13:19:17.601498
16569331,17427785,Private room,,High Park-Swansea (87),3,5.0,2,1.0,34.0,,43.645054,-79.473177,2017-03-12 13:19:16.297066
4688053,2948789,Private room,,Junction Area (90),5,5.0,2,1.0,31.0,,43.665866,-79.467899,2017-03-12 13:19:16.290512
11602510,2763716,Private room,,High Park North (88),2,0.0,2,1.0,25.0,,43.661969,-79.471433,2017-03-12 13:19:14.684603
15535312,99933032,Private room,,High Park-Swansea (87),0,0.0,2,1.0,34.0,,43.645516,-79.48239,2017-03-12 13:19:14.679662
15253922,87823046,Private room,,Runnymede-Bloor West Village (89),0,0.0,1,1.0,22.0,,43.662504,-79.486992,2017-03-12 13:19:13.278984
5857536,22737400,Private room,,Runnymede-Bloor West Village (89),23,4.5,2,1.0,37.0,,43.649793,-79.48247,2017-03-12 13:19:13.270349
2158885,3583509,Private room,,Dufferin Grove (83),1,0.0,2,1.0,31.0,,43.652906,-79.429972,2017-03-12 13:19:07.054195
6912224,36223488,Private room,,Roncesvalles (86),0,0.0,1,1.0,38.0,,43.648722,-79.44604,2017-03-12 13:19:03.749245
1194984,6530148,Private room,,Roncesvalles (86),20,4.5,2,1.0,38.0,,43.645456,-79.441561,2017-03-12 13:19:01.159596
16808659,27075188,Private room,,South Parkdale (85),3,3.5,2,1.0,37.0,,43.638627,-79.440996,2017-03-12 13:18:58.833129
14834445,92796700,Private room,,Roncesvalles (86),8,4.5,2,1.0,40.0,,43.641117,-79.444794,2017-03-12 13:18:58.252197
9238886,35438481,Private room,,High Park-Swansea (87),71,4.5,2,1.0,29.0,,43.641135,-79.447817,2017-03-12 13:18:54.685962
11981409,51013345,Private room,,Annex (95),0,0.0,1,1.0,25.0,,43.668342,-79.407946,2017-03-12 13:18:47.571591
13361044,14475101,Private room,,Keelesdale-Eglinton West (110),1,0.0,1,1.0,16.0,,43.689254,-79.468274,2017-03-12 13:17:42.750476
13480355,14475101,Private room,,Keelesdale-Eglinton West (110),1,0.0,1,1.0,23.0,,43.688708,-79.467404,2017-03-12 13:17:41.928131
17559457,30659343,Private room,,Rockcliffe-Smythe (111),0,0.0,2,1.0,23.0,,43.676974,-79.476905,2017-03-12 13:17:41.908046
13238480,14475101,Private room,,Keelesdale-Eglinton West (110),3,5.0,1,1.0,20.0,,43.689481,-79.468455,2017-03-12 13:17:40.687392
7493591,15936131,Private room,,Keelesdale-Eglinton West (110),72,4.5,1,1.0,20.0,,43.689597,-79.470246,2017-03-12 13:17:40.673648
14235226,86560233,Private room,,Forest Hill North (102),0,0.0,2,1.0,23.0,,43.703443,-79.416531,2017-03-12 13:17:36.638118
12223488,7992575,Private room,,Forest Hill South (101),1,0.0,2,1.0,31.0,,43.702683,-79.417138,2017-03-12 13:17:36.631380
15706602,772882,Private room,,Keelesdale-Eglinton West (110),1,0.0,2,1.0,31.0,,43.682767,-79.464948,2017-03-12 13:17:26.716538
6914513,3594832,Private room,,Junction Area (90),10,5.0,2,1.0,38.0,,43.673241,-79.475775,2017-03-12 13:17:26.698996
3652172,18470285,Private room,,Runnymede-Bloor West Village (89),54,5.0,1,1.0,40.0,,43.652012,-79.484646,2017-03-12 13:17:20.724882
15160986,96172852,Private room,,High Park North (88),2,0.0,2,1.0,27.0,,43.652838,-79.475782,2017-03-12 13:17:19.653490
7699024,40426472,Private room,,Runnymede-Bloor West Village (89),9,4.5,1,1.0,20.0,,43.663351,-79.482385,2017-03-12 13:17:19.645286
7179056,37609482,Private room,,High Park North (88),48,4.5,2,1.0,25.0,,43.656184,-79.462056,2017-03-12 13:17:17.662794
17101897,10521493,Private room,,High Park North (88),0,0.0,2,1.0,31.0,,43.654173,-79.467915,2017-03-12 13:17:17.660343
10340303,1195327,Private room,,High Park North (88),20,5.0,2,1.0,34.0,,43.654462,-79.466061,2017-03-12 13:17:17.643730
16830135,14903181,Private room,,High Park North (88),2,0.0,2,1.0,38.0,,43.657013,-79.470107,2017-03-12 13:17:15.650003
13998238,83616112,Private room,,Downsview-Roding-CFB (26),5,4.5,1,1.0,21.0,,43.722983,-79.503451,2017-03-12 13:17:07.973158
5980340,699421,Private room,,Weston (113),2,0.0,2,1.0,23.0,,43.699386,-79.5164,2017-03-12 13:17:07.970356
15659682,76132682,Private room,,Weston (113),4,5.0,2,1.0,23.0,,43.704904,-79.527251,2017-03-12 13:17:07.961238
683293,3482429,Private room,,Humbermede (22),37,5.0,1,1.0,34.0,,43.74979,-79.548962,2017-03-12 13:17:06.716355
16965378,113468194,Private room,,Kingsview Village-The Westway (6),2,0.0,2,1.0,27.0,,43.696903,-79.549224,2017-03-12 13:17:06.691495
9151259,42166282,Private room,,Briar Hill-Belgravia (108),4,5.0,1,1.0,19.0,,43.701399,-79.444275,2017-03-12 13:17:05.035151
6416158,31621941,Private room,,Yorkdale-Glen Park (31),0,0.0,1,1.0,34.0,,43.707381,-79.465199,2017-03-12 13:17:05.032528
6415622,31621941,Private room,,Yorkdale-Glen Park (31),0,0.0,1,1.0,34.0,,43.705638,-79.465162,2017-03-12 13:16:56.047298
12918527,70860937,Private room,,Downsview-Roding-CFB (26),7,4.0,2,1.0,34.0,,43.726041,-79.522416,2017-03-12 13:16:56.040959
8270685,15620197,Private room,,Junction Area (90),3,4.5,1,1.0,20.0,,43.661631,-79.479118,2017-03-12 13:16:56.035565
17026048,114204531,Private room,,Rockcliffe-Smythe (111),0,0.0,4,1.0,25.0,,43.679436,-79.485374,2017-03-12 13:16:54.678365
5110748,26267525,Private room,,Weston (113),7,5.0,2,1.0,27.0,,43.705001,-79.5171,2017-03-12 13:16:53.286608
13120464,70756525,Private room,,Mount Dennis (115),3,5.0,2,1.0,37.0,,43.693386,-79.505712,2017-03-12 13:16:53.277484
7318254,38338960,Private room,,Junction Area (90),6,4.5,2,1.0,34.0,,43.664791,-79.468932,2017-03-12 13:16:53.274202
15181095,94968193,Private room,,Downsview-Roding-CFB (26),3,5.0,1,1.0,36.0,,43.727859,-79.522204,2017-03-12 13:16:52.588020
17235493,50439807,Private room,,Lambton Baby Point (114),0,0.0,2,1.0,16.0,,43.660468,-79.497269,2017-03-12 13:16:52.572349
12335884,35965162,Private room,,Rockcliffe-Smythe (111),4,5.0,2,1.0,20.0,,43.680223,-79.474298,2017-03-12 13:16:52.566813
3921998,20315553,Private room,,Weston (113),47,5.0,4,1.0,38.0,,43.705258,-79.528482,2017-03-12 13:16:51.911224
8581077,2696738,Private room,,Brookhaven-Amesbury (30),2,0.0,2,1.0,38.0,,43.69765,-79.502704,2017-03-12 13:16:51.908406
7241897,37559339,Private room,,Humber Heights-Westmount (8),33,4.5,1,1.0,23.0,,43.69296,-79.519882,2017-03-12 13:16:51.902771
2956154,15088617,Private room,,Rockcliffe-Smythe (111),9,5.0,1,1.0,23.0,,43.671583,-79.495683,2017-03-12 13:16:51.893875
4334385,22421100,Private room,,Rockcliffe-Smythe (111),5,5.0,1,1.0,30.0,,43.669497,-79.499492,2017-03-12 13:16:51.885815
16351311,107066538,Private room,,Pelmo Park-Humberlea (23),1,0.0,1,1.0,31.0,,43.717957,-79.532635,2017-03-12 13:16:50.628239
10997366,52697915,Private room,,Mount Dennis (115),1,0.0,2,1.0,23.0,,43.690107,-79.499301,2017-03-12 13:16:50.602848
11127352,47410932,Private room,,Junction Area (90),10,4.5,1,1.0,34.0,,43.666503,-79.469053,2017-03-12 13:16:49.391398
8371489,9888132,Private room,,Willowridge-Martingrove-Richview (7),3,5.0,1,1.0,23.0,,43.68505,-79.53194,2017-03-12 13:16:49.384579
16560118,109060407,Private room,,Keelesdale-Eglinton West (110),1,0.0,2,1.0,31.0,,43.684926,-79.466247,2017-03-12 13:16:49.372185
15231956,94623850,Private room,,Junction Area (90),2,0.0,2,1.0,38.0,,43.672018,-79.474544,2017-03-12 13:16:48.629750
8274135,43629326,Private room,,Humber Heights-Westmount (8),3,5.0,1,1.0,25.0,,43.69179,-79.518524,2017-03-12 13:16:48.625261
8173186,39862356,Private room,,High Park North (88),27,5.0,2,1.0,37.0,,43.658471,-79.475683,2017-03-12 13:16:48.604031
9648319,12738823,Private room,,York University Heights (27),25,5.0,2,1.0,26.0,,43.752076,-79.493364,2017-03-12 13:16:46.501413
15839259,58100203,Private room,,Rockcliffe-Smythe (111),0,0.0,1,1.0,29.0,,43.679776,-79.495634,2017-03-12 13:16:45.940308
7699522,40426472,Private room,,Runnymede-Bloor West Village (89),13,4.5,2,1.0,31.0,,43.662852,-79.481995,2017-03-12 13:16:45.938005
13824504,17440538,Private room,,Junction Area (90),7,4.5,1,1.0,31.0,,43.666142,-79.478522,2017-03-12 13:16:45.920412
15268117,9888132,Private room,,Willowridge-Martingrove-Richview (7),7,4.5,1,1.0,23.0,,43.685783,-79.532083,2017-03-12 13:16:45.914495
15000824,37559339,Private room,,Humber Heights-Westmount (8),0,0.0,1,1.0,23.0,,43.693609,-79.519774,2017-03-12 13:16:45.313937
13348509,14475101,Private room,,Keelesdale-Eglinton West (110),2,0.0,1,1.0,23.0,,43.688202,-79.466745,2017-03-12 13:16:45.310754
17118597,105354890,Private room,,Humber Heights-Westmount (8),2,0.0,1,1.0,27.0,,43.685757,-79.518134,2017-03-12 13:16:44.807000
9590944,49641577,Private room,,Glenfield-Jane Heights (25),60,4.5,2,1.0,31.0,,43.746237,-79.51405,2017-03-12 13:16:44.786924
16118248,105060226,Private room,,Brookhaven-Amesbury (30),0,0.0,1,1.0,23.0,,43.699622,-79.502192,2017-03-12 13:16:43.639766
13150225,73207318,Private room,,Humber Heights-Westmount (8),9,4.5,2,1.0,33.0,,43.685664,-79.513874,2017-03-12 13:16:43.635021
15130693,87823046,Private room,,Runnymede-Bloor West Village (89),2,0.0,2,1.0,29.0,,43.664576,-79.487466,2017-03-12 13:16:43.630930
16963173,103061751,Private room,,Rockcliffe-Smythe (111),0,0.0,2,1.0,25.0,,43.680111,-79.498786,2017-03-12 13:16:41.905762
17591815,79169652,Private room,,Rockcliffe-Smythe (111),1,0.0,2,1.0,34.0,,43.680911,-79.475713,2017-03-12 13:16:41.895113
17656576,30659343,Private room,,Rockcliffe-Smythe (111),0,0.0,1,1.0,16.0,,43.67903,-79.478251,2017-03-12 13:16:41.356422
2532636,6395105,Private room,,Little Portugal (84),19,4.5,2,1.0,40.0,,43.64685,-79.429696,2017-03-12 13:16:39.647605
812922,3431521,Private room,,Roncesvalles (86),47,5.0,2,1.0,34.0,,43.641415,-79.439516,2017-03-12 13:16:38.312905
5868688,14327586,Private room,,South Parkdale (85),24,4.5,2,1.0,34.0,,43.637747,-79.445457,2017-03-12 13:16:36.960529
14713151,8095828,Private room,,Dovercourt-Wallace Emerson-Junction (93),1,0.0,1,1.0,38.0,,43.659391,-79.444391,2017-03-12 13:16:36.952094
2115948,782726,Private room,,High Park-Swansea (87),14,5.0,2,1.0,38.0,,43.648012,-79.451577,2017-03-12 13:16:36.222088
8357937,44054518,Private room,,High Park North (88),0,0.0,1,1.0,38.0,,43.660494,-79.45882,2017-03-12 13:16:35.374285
12002025,1901316,Private room,,High Park North (88),8,5.0,1,1.0,31.0,,43.655847,-79.454815,2017-03-12 13:16:35.354932
6716459,29829351,Private room,,Roncesvalles (86),18,5.0,2,1.0,31.0,,43.640493,-79.43755,2017-03-12 13:16:35.351580
15814751,8005678,Private room,,High Park-Swansea (87),0,0.0,2,1.0,34.0,,43.647706,-79.450902,2017-03-12 13:16:34.694169
6987461,15110858,Private room,,High Park North (88),12,5.0,1,1.0,34.0,,43.654891,-79.463554,2017-03-12 13:16:32.147628
8815526,17412262,Private room,,High Park-Swansea (87),41,5.0,2,1.0,25.0,,43.653286,-79.4594,2017-03-12 13:16:31.592618
6676320,34942887,Private room,,High Park North (88),0,0.0,1,1.0,27.0,,43.655976,-79.455576,2017-03-12 13:16:30.433856
11235526,10016553,Private room,,Kensington-Chinatown (78),1,0.0,1,1.0,31.0,,43.654894,-79.401179,2017-03-12 13:16:26.714921
12054209,63153989,Private room,,Little Portugal (84),18,5.0,2,1.0,37.0,,43.651715,-79.433282,2017-03-12 13:16:22.915575
15137514,28404168,Private room,,Roncesvalles (86),1,0.0,2,1.0,28.0,,43.644637,-79.434758,2017-03-12 13:16:22.905153
3438572,8858716,Private room,,South Parkdale (85),50,4.5,2,1.0,31.0,,43.63979,-79.436357,2017-03-12 13:16:21.701982
4532426,7207934,Private room,,Little Portugal (84),29,4.5,1,1.0,25.0,,43.641657,-79.422544,2017-03-12 13:16:13.528555
4630485,12439400,Private room,,Dovercourt-Wallace Emerson-Junction (93),2,0.0,2,1.0,16.0,,43.662791,-79.449288,2017-03-12 13:16:09.639573
16661652,110177390,Private room,,Weston-Pellam Park (91),0,0.0,2,2.0,35.0,,43.670835,-79.46316,2017-03-12 13:16:08.289608
13826962,71712947,Private room,,High Park North (88),13,4.5,2,1.0,34.0,,43.660668,-79.461461,2017-03-12 13:16:07.673900
11115052,6918591,Private room,,Weston-Pellam Park (91),2,0.0,2,1.0,26.0,,43.677709,-79.462916,2017-03-12 13:16:07.054347
12654056,5532879,Private room,,Keelesdale-Eglinton West (110),6,5.0,2,1.0,33.0,,43.68318,-79.461885,2017-03-12 13:16:05.904437
13156332,70853615,Private room,,Weston-Pellam Park (91),20,5.0,2,1.0,23.0,,43.670791,-79.459916,2017-03-12 13:16:02.791807
9997028,36008582,Private room,,Weston-Pellam Park (91),23,5.0,1,1.0,23.0,,43.677947,-79.461062,2017-03-12 13:16:02.779932
7629302,40022026,Private room,,Annex (95),0,0.0,1,1.0,38.0,,43.671258,-79.403225,2017-03-12 13:16:02.096265
354080,1792618,Private room,,High Park North (88),1,0.0,1,1.0,25.0,,43.657199,-79.455843,2017-03-12 13:15:51.837493
14531297,30471370,Private room,,Dovercourt-Wallace Emerson-Junction (93),11,5.0,2,1.0,21.0,,43.665346,-79.45628,2017-03-12 13:15:49.048282
11651159,4121903,Private room,,Dufferin Grove (83),0,0.0,1,1.0,38.0,,43.658421,-79.430132,2017-03-12 13:15:45.137425
13467211,77011015,Private room,,High Park North (88),2,0.0,1,1.0,28.0,,43.6572,-79.457684,2017-03-12 13:15:41.010730
8720802,4716622,Private room,,Kensington-Chinatown (78),0,0.0,1,1.0,31.0,,43.657143,-79.403032,2017-03-12 13:15:33.247435
4216466,9291897,Private room,,Trinity-Bellwoods (81),0,0.0,2,1.0,34.0,,43.648165,-79.420346,2017-03-12 13:15:32.558454
15325858,37631220,Private room,,Trinity-Bellwoods (81),4,5.0,2,1.0,37.0,,43.655033,-79.41906,2017-03-12 13:15:30.746995
8000781,15855576,Private room,,Niagara (82),92,4.5,3,1.0,38.0,,43.641191,-79.414976,2017-03-12 13:15:25.949954
11240761,58571799,Private room,,Waterfront Communities-The Island (77),1,0.0,2,1.0,41.0,,43.64163,-79.394932,2017-03-12 13:15:22.010705
13325794,24075144,Private room,,Waterfront Communities-The Island (77),1,0.0,2,1.0,38.0,,43.637597,-79.389745,2017-03-12 13:15:21.997708
13505373,12204803,Private room,,Waterfront Communities-The Island (77),1,0.0,3,1.0,37.0,,43.63932,-79.387097,2017-03-12 13:15:21.396040
14312714,59106099,Private room,,Waterfront Communities-The Island (77),0,0.0,2,1.0,31.0,,43.641229,-79.382319,2017-03-12 13:15:21.393821
16200716,105809407,Private room,,Waterfront Communities-The Island (77),2,0.0,2,1.0,26.0,,43.638257,-79.389941,2017-03-12 13:15:19.655972
13909364,82494471,Private room,,Moss Park (73),14,4.5,2,1.0,34.0,,43.655802,-79.365224,2017-03-12 13:15:18.044186
16443051,103843653,Private room,,Trinity-Bellwoods (81),0,0.0,1,1.0,31.0,,43.644733,-79.418238,2017-03-12 13:15:01.525108
16841329,9349522,Private room,,Palmerston-Little Italy (80),0,0.0,2,1.0,27.0,,43.65679,-79.415112,2017-03-12 13:15:01.510108
1173867,1241733,Private room,,Caledonia-Fairbank (109),23,5.0,4,1.0,27.0,,43.688648,-79.458767,2017-03-12 13:14:49.035330
9584041,49610508,Private room,,Humewood-Cedarvale (106),0,0.0,1,1.0,23.0,,43.687549,-79.420312,2017-03-12 13:14:48.164384
13642330,29730989,Private room,,Briar Hill-Belgravia (108),5,5.0,1,1.0,20.0,,43.697016,-79.454385,2017-03-12 13:14:46.804293
13680908,29730989,Private room,,Briar Hill-Belgravia (108),1,0.0,1,1.0,20.0,,43.694902,-79.453878,2017-03-12 13:14:45.940525
6622129,2246391,Private room,,Mount Pleasant West (104),4,5.0,1,1.0,38.0,,43.701576,-79.391978,2017-03-12 13:14:40.657893
15769142,101814389,Private room,,Englemount-Lawrence (32),1,0.0,1,1.0,23.0,,43.710135,-79.437179,2017-03-12 13:14:02.994921
13688001,79351799,Private room,,South Riverdale (70),9,5.0,2,1.0,38.0,,43.666032,-79.342347,2017-03-12 13:13:49.893336
13020370,50236115,Private room,,Downsview-Roding-CFB (26),5,3.5,2,1.0,24.0,,43.72562,-79.480586,2017-03-12 13:13:37.028555
14154796,58851850,Private room,,Clanton Park (33),0,0.0,2,1.0,38.0,,43.740163,-79.437398,2017-03-12 13:13:37.023788
14858182,288870,Private room,,Clanton Park (33),6,5.0,2,1.0,38.0,,43.734651,-79.448503,2017-03-12 13:13:37.021746
7798980,38357967,Private room,,Downsview-Roding-CFB (26),17,4.5,2,1.0,33.0,,43.737633,-79.491317,2017-03-12 13:13:36.344823
13959549,20728540,Private room,,York University Heights (27),0,0.0,1,1.0,34.0,,43.763058,-79.494936,2017-03-12 13:13:36.339944
11825932,62995040,Private room,,Downsview-Roding-CFB (26),4,4.5,1,1.0,27.0,,43.750699,-79.460284,2017-03-12 13:13:35.712286
17382855,117485609,Private room,,Glenfield-Jane Heights (25),0,0.0,1,1.0,23.0,,43.747968,-79.510442,2017-03-12 13:13:35.696686
16971613,33531860,Private room,,Pelmo Park-Humberlea (23),0,0.0,2,1.0,27.0,,43.732916,-79.535547,2017-03-12 13:13:35.690541
11188165,43659984,Private room,,Willowdale East (51),12,5.0,2,1.0,31.0,,43.766815,-79.410051,2017-03-12 13:13:20.226810
15468204,34923827,Private room,,Willowdale East (51),0,0.0,1,1.0,38.0,,43.767889,-79.402248,2017-03-12 13:13:20.220851
7602191,39443844,Private room,,Newtonbrook West (36),0,0.0,1,1.0,38.0,,43.791204,-79.444542,2017-03-12 13:13:20.208360
16578912,45723943,Private room,,Briar Hill-Belgravia (108),0,0.0,1,1.0,18.0,,43.700866,-79.452319,2017-03-12 13:12:46.725666
4747093,2226351,Private room,,York University Heights (27),0,0.0,1,1.0,31.0,,43.75131,-79.46336,2017-03-12 13:12:46.721851
9996848,36008582,Private room,,Weston-Pellam Park (91),34,4.5,2,1.0,16.0,,43.677009,-79.46082,2017-03-12 13:12:45.847283
15890211,103061751,Private room,,Rockcliffe-Smythe (111),1,0.0,2,1.0,24.0,,43.680235,-79.497883,2017-03-12 13:12:45.822719
14137488,66785251,Private room,,Brookhaven-Amesbury (30),4,4.5,1,1.0,31.0,,43.696833,-79.489459,2017-03-12 13:12:45.198126
10574040,20015139,Private room,,Yorkdale-Glen Park (31),0,0.0,1,1.0,38.0,,43.705233,-79.466435,2017-03-12 13:12:44.222780
11474904,772882,Private room,,Keelesdale-Eglinton West (110),15,4.5,2,1.0,20.0,,43.680729,-79.468257,2017-03-12 13:12:44.217519
10072094,37093240,Private room,,Beechborough-Greenbrook (112),7,5.0,1,1.0,23.0,,43.691136,-79.472648,2017-03-12 13:12:44.215150
11076174,52697915,Private room,,Mount Dennis (115),17,4.5,1,1.0,23.0,,43.690727,-79.500019,2017-03-12 13:12:44.210396
16568121,14888896,Private room,,Maple Leaf (29),1,0.0,2,1.0,27.0,,43.720103,-79.486765,2017-03-12 13:12:44.187737
7074789,37093240,Private room,,Beechborough-Greenbrook (112),13,5.0,1,1.0,20.0,,43.691285,-79.473691,2017-03-12 13:12:43.348089
17345792,105354890,Private room,,Humber Heights-Westmount (8),0,0.0,1,1.0,29.0,,43.685811,-79.517608,2017-03-12 13:12:42.266596
4653024,24085234,Private room,,Caledonia-Fairbank (109),4,5.0,1,1.0,22.0,,43.686802,-79.459173,2017-03-12 13:12:37.756190
8287430,43695568,Private room,,Weston (113),63,5.0,2,1.0,23.0,,43.703197,-79.508442,2017-03-12 13:12:37.748088
17651943,65394410,Private room,,Downsview-Roding-CFB (26),0,0.0,2,1.0,27.0,,43.729408,-79.503736,2017-03-12 13:12:36.628527
11385500,27759063,Private room,,Weston (113),0,0.0,2,1.0,32.0,,43.702092,-79.506571,2017-03-12 13:12:35.999702
13838081,32788806,Private room,,York University Heights (27),28,5.0,2,1.0,25.0,,43.750509,-79.463501,2017-03-12 13:12:31.010475
16692059,110535931,Private room,,Black Creek (24),0,0.0,2,1.0,31.0,,43.770693,-79.525309,2017-03-12 13:12:26.096002
13449697,76797382,Private room,,York University Heights (27),0,0.0,1,1.0,38.0,,43.765748,-79.50636,2017-03-12 13:12:24.889469
17574083,30753730,Private room,,York University Heights (27),0,0.0,1,1.0,31.0,,43.766914,-79.502576,2017-03-12 13:12:24.201229
15131521,95933355,Private room,,Bathurst Manor (34),1,0.0,2,1.0,38.0,,43.76566,-79.460036,2017-03-12 13:12:24.174530
9132704,47567573,Private room,,York University Heights (27),2,0.0,3,1.0,23.0,,43.762057,-79.499867,2017-03-12 13:12:22.316646
6832028,24346665,Private room,,York University Heights (27),8,5.0,1,1.0,30.0,,43.769069,-79.499139,2017-03-12 13:12:22.289422
12343531,66644019,Private room,,St.Andrew-Windfields (40),0,0.0,1,1.0,38.0,,43.760848,-79.390254,2017-03-12 13:12:18.923652
14982611,66760317,Private room,,Westminster-Branson (35),1,0.0,3,1.0,38.0,,43.780831,-79.448698,2017-03-12 13:12:18.905305
13192349,33399475,Private room,,Henry Farm (53),9,5.0,2,1.0,30.0,,43.775017,-79.344778,2017-03-12 13:11:51.149311
10911016,56553684,Private room,,Henry Farm (53),0,0.0,2,1.0,38.0,,43.775119,-79.346318,2017-03-12 13:11:51.142203
15280519,52891161,Private room,,Don Valley Village (47),2,0.0,2,1.0,36.0,,43.785537,-79.346402,2017-03-12 13:11:26.998252
16272130,43488381,Private room,,York University Heights (27),0,0.0,10,1.0,23.0,,43.767765,-79.503029,2017-03-12 13:11:25.680804
13007164,44098156,Private room,,York University Heights (27),11,4.0,2,1.0,34.0,,43.768184,-79.501235,2017-03-12 13:11:23.717111
10719537,30753730,Private room,,York University Heights (27),4,5.0,2,1.0,30.0,,43.767991,-79.502157,2017-03-12 13:11:21.736232
17665052,120228783,Private room,,High Park-Swansea (87),0,0.0,1,1.0,23.0,,43.63547,-79.471515,2017-03-12 13:31:38.094388
16612856,65580621,Private room,,Stonegate-Queensway (16),0,0.0,1,1.0,15.0,,43.648501,-79.496771,2017-03-12 13:31:38.090160
16878854,112527913,Private room,,Etobicoke West Mall (13),0,0.0,1,1.0,31.0,,43.63741,-79.561232,2017-03-12 13:31:38.071494
13224752,74216906,Private room,,Alderwood (20),21,4.5,2,1.0,36.0,,43.608565,-79.550073,2017-03-12 13:31:37.058319
5755168,750071,Private room,,Islington-City Centre West (14),77,5.0,1,1.0,38.0,,43.642072,-79.558746,2017-03-12 13:31:34.547981
17536731,46157465,Private room,,Mimico (includes Humber Bay Shores) (17),1,0.0,2,1.0,25.0,,43.623546,-79.480019,2017-03-12 13:31:34.525891
17463470,32993460,Private room,,Mimico (includes Humber Bay Shores) (17),0,0.0,2,1.0,38.0,,43.621903,-79.483078,2017-03-12 13:31:33.344131
16194518,61168311,Private room,,New Toronto (18),4,5.0,2,1.0,37.0,,43.599451,-79.505482,2017-03-12 13:31:33.337501
15857307,102762217,Private room,,Stonegate-Queensway (16),2,0.0,1,1.0,23.0,,43.635224,-79.488202,2017-03-12 13:31:33.335080
17371301,10163660,Private room,,Eringate-Centennial-West Deane (11),0,0.0,4,1.0,23.0,,43.665292,-79.571898,2017-03-12 13:31:33.320541
14126501,76645687,Private room,,Mimico (includes Humber Bay Shores) (17),10,5.0,2,1.0,31.0,,43.61763,-79.498744,2017-03-12 13:31:31.295918
2896482,14802715,Private room,,New Toronto (18),6,5.0,1,1.0,34.0,,43.598382,-79.521353,2017-03-12 13:31:28.546982
8444073,8142107,Private room,,New Toronto (18),41,4.5,2,1.0,31.0,,43.601807,-79.499418,2017-03-12 13:31:27.363469
13045637,15444863,Private room,,New Toronto (18),23,5.0,3,1.0,34.0,,43.598678,-79.51029,2017-03-12 13:31:27.358593
17276921,89035495,Private room,,Etobicoke West Mall (13),1,0.0,2,1.0,31.0,,43.645436,-79.563357,2017-03-12 13:31:25.877170
17410304,114767356,Private room,,South Parkdale (85),0,0.0,2,1.0,41.0,,43.63548,-79.465233,2017-03-12 13:31:25.867461
3817000,19626207,Private room,,New Toronto (18),39,5.0,2,1.0,20.0,,43.601407,-79.501017,2017-03-12 13:31:24.426769
3990568,1948752,Private room,,South Parkdale (85),19,5.0,2,1.0,38.0,,43.639665,-79.426117,2017-03-12 13:31:10.532298
2671985,13678603,Private room,,South Parkdale (85),40,4.0,2,1.0,27.0,,43.638987,-79.421194,2017-03-12 13:30:46.439732
2503053,12813271,Private room,,Trinity-Bellwoods (81),7,4.5,2,1.0,37.0,,43.649734,-79.413494,2017-03-12 13:29:30.611967
540878,2574349,Private room,,South Riverdale (70),2,0.0,4,1.0,37.0,,43.661837,-79.341582,2017-03-12 13:28:09.432195
13642694,69015312,Private room,,South Parkdale (85),14,4.5,2,1.0,31.0,,43.637342,-79.432488,2017-03-12 13:27:07.857129
8171264,9986981,Private room,,Waterfront Communities-The Island (77),0,0.0,4,1.0,27.0,,43.62223,-79.391629,2017-03-12 13:27:01.712228
14746251,1588062,Private room,,South Parkdale (85),1,0.0,2,1.0,28.0,,43.63671,-79.432695,2017-03-12 13:26:59.843212
2164945,2518768,Private room,,South Parkdale (85),3,4.5,2,1.0,34.0,,43.636467,-79.443077,2017-03-12 13:26:59.840563
8967429,25116889,Private room,,Dufferin Grove (83),0,0.0,2,1.0,20.0,,43.652807,-79.439195,2017-03-12 13:26:59.829296
13838019,2215970,Private room,,Little Portugal (84),0,0.0,2,1.0,34.0,,43.641489,-79.425037,2017-03-12 13:26:45.120427
8900881,6141240,Private room,,South Parkdale (85),26,4.5,2,1.0,40.0,,43.635613,-79.425223,2017-03-12 13:26:38.557684
16845257,112158815,Private room,,Westminster-Branson (35),3,5.0,1,1.0,23.0,,43.788186,-79.45975,2017-03-12 13:11:11.387028
11184179,1608817,Private room,,Westminster-Branson (35),9,5.0,2,1.0,22.0,,43.787555,-79.461233,2017-03-12 13:11:11.381830
6830631,24346665,Private room,,York University Heights (27),6,4.0,2,1.0,30.0,,43.768044,-79.500135,2017-03-12 13:11:09.402757
13839030,81650522,Private room,,Beechborough-Greenbrook (112),0,0.0,1,1.0,20.0,,43.695154,-79.47797,2017-03-12 13:11:09.386432
14987929,94423952,Private room,,Brookhaven-Amesbury (30),12,4.5,1,1.0,40.0,,43.704375,-79.481135,2017-03-12 13:11:09.383014
12918539,70860937,Private room,,Downsview-Roding-CFB (26),3,4.5,1,1.0,25.0,,43.72749,-79.52297,2017-03-12 13:11:06.411574
15815021,92641156,Private room,,Briar Hill-Belgravia (108),0,0.0,1,1.0,31.0,,43.704992,-79.441106,2017-03-12 13:11:06.408554
15979946,103820397,Private room,,Glenfield-Jane Heights (25),0,0.0,1,1.0,38.0,,43.75691,-79.512602,2017-03-12 13:11:06.405168
17181579,43488381,Private room,,York University Heights (27),1,0.0,1,1.0,23.0,,43.766308,-79.503157,2017-03-12 13:11:06.398465
15534448,99918623,Private room,,Briar Hill-Belgravia (108),4,5.0,2,1.0,27.0,,43.696185,-79.456181,2017-03-12 13:11:04.911578
15727563,101616777,Private room,,West Humber-Clairville (1),0,0.0,1,1.0,25.0,,43.733564,-79.593967,2017-03-12 13:11:04.325873
14535167,33299337,Private room,,York University Heights (27),0,0.0,2,1.0,23.0,,43.766554,-79.504515,2017-03-12 13:11:04.320852
16025058,83763111,Private room,,Elms-Old Rexdale (5),5,5.0,1,1.0,22.0,,43.72244,-79.543551,2017-03-12 13:11:04.312742
16630504,44838019,Private room,,Black Creek (24),0,0.0,2,1.0,30.0,,43.767994,-79.531068,2017-03-12 13:11:04.310510
12835675,44098156,Private room,,York University Heights (27),7,3.5,2,1.0,31.0,,43.766802,-79.49935,2017-03-12 13:11:04.305354
12980628,44098156,Private room,,York University Heights (27),7,3.5,1,1.0,30.0,,43.766283,-79.499425,2017-03-12 13:11:02.962787
4003931,11774511,Private room,,Rexdale-Kipling (4),14,4.0,1,1.0,30.0,,43.732026,-79.572297,2017-03-12 13:11:02.957921
3005687,3482429,Private room,,Humbermede (22),23,5.0,1,1.0,29.0,,43.749578,-79.549781,2017-03-12 13:11:02.948131
14058064,81647165,Private room,,Mount Olive-Silverstone-Jamestown (2),6,4.0,3,1.0,23.0,,43.745353,-79.572418,2017-03-12 13:11:01.475990
12232687,65821818,Private room,,Kingsview Village-The Westway (6),7,4.0,1,1.0,21.0,,43.695778,-79.552981,2017-03-12 13:11:01.471161
13624588,78947617,Private room,,Rexdale-Kipling (4),1,0.0,2,1.0,23.0,,43.727246,-79.571248,2017-03-12 13:11:00.185013
15950099,76132682,Private room,,Weston (113),4,4.5,2,1.0,23.0,,43.705795,-79.52599,2017-03-12 13:11:00.182092
683292,3482429,Private room,,Humbermede (22),102,5.0,1,1.0,29.0,,43.749747,-79.547769,2017-03-12 13:10:58.815312
12836532,44098156,Private room,,York University Heights (27),13,4.0,2,1.0,37.0,,43.768039,-79.501268,2017-03-12 13:10:58.808521
13342268,75580782,Private room,,Pelmo Park-Humberlea (23),3,4.5,1,1.0,16.0,,43.710711,-79.507548,2017-03-12 13:10:58.085428
15362851,97043617,Private room,,Yorkdale-Glen Park (31),19,5.0,2,1.0,23.0,,43.706719,-79.46686,2017-03-12 13:10:58.083259
7932311,40064049,Private room,,Rexdale-Kipling (4),41,5.0,2,1.0,32.0,,43.715784,-79.565545,2017-03-12 13:10:58.078196
9331373,22403169,Private room,,Westminster-Branson (35),0,0.0,1,1.0,32.0,,43.787901,-79.465589,2017-03-12 13:10:58.073842
6831843,24346665,Private room,,York University Heights (27),4,5.0,1,1.0,30.0,,43.769429,-79.500522,2017-03-12 13:10:58.068204
12783309,57786399,Private room,,Westminster-Branson (35),5,4.0,1,1.0,16.0,,43.787911,-79.463045,2017-03-12 13:10:58.060791
17666143,65394410,Private room,,Downsview-Roding-CFB (26),0,0.0,4,1.0,34.0,,43.72921,-79.501897,2017-03-12 13:10:56.989110
17609797,62711919,Private room,,York University Heights (27),0,0.0,1,1.0,11.0,,43.752319,-79.503608,2017-03-12 13:10:56.986890
6849285,24346665,Private room,,York University Heights (27),8,5.0,1,1.0,30.0,,43.769577,-79.500477,2017-03-12 13:10:55.293337
6849449,24346665,Private room,,York University Heights (27),3,5.0,1,1.0,30.0,,43.770559,-79.499899,2017-03-12 13:10:55.287445
15172007,66760317,Private room,,Westminster-Branson (35),0,0.0,2,1.0,34.0,,43.781466,-79.450604,2017-03-12 13:10:55.279834
6849452,24346665,Private room,,York University Heights (27),4,5.0,1,1.0,30.0,,43.76856,-79.501919,2017-03-12 13:10:55.274396
17302222,43488381,Private room,,Glenfield-Jane Heights (25),0,0.0,1,1.0,23.0,,43.756302,-79.507941,2017-03-12 13:10:55.268310
17668483,65394410,Private room,,Downsview-Roding-CFB (26),0,0.0,2,1.0,27.0,,43.728977,-79.50183,2017-03-12 13:10:53.763217
13444614,76748904,Private room,,Glenfield-Jane Heights (25),0,0.0,2,1.0,15.0,,43.75334,-79.511026,2017-03-12 13:10:53.745723
7652310,40064049,Private room,,Rexdale-Kipling (4),43,4.5,2,1.0,31.0,,43.718494,-79.56485,2017-03-12 13:10:53.740664
6017439,30753730,Private room,,York University Heights (27),18,4.5,2,1.0,31.0,,43.76855,-79.502753,2017-03-12 13:10:52.406791
15417813,7554768,Private room,,Glenfield-Jane Heights (25),0,0.0,1,1.0,23.0,,43.748179,-79.514146,2017-03-12 13:10:52.401572
12567333,16423325,Private room,,Mount Olive-Silverstone-Jamestown (2),0,0.0,2,1.0,31.0,,43.751471,-79.580643,2017-03-12 13:10:52.394461
17652615,65394410,Private room,,Downsview-Roding-CFB (26),0,0.0,2,1.0,23.0,,43.729371,-79.501735,2017-03-12 13:10:52.383180
15378305,83763111,Private room,,Elms-Old Rexdale (5),4,4.0,1,1.0,25.0,,43.720899,-79.544381,2017-03-12 13:10:51.057522
6181226,30753730,Private room,,York University Heights (27),20,4.5,1,1.0,30.0,,43.767269,-79.500909,2017-03-12 13:10:51.054567
13506298,73853741,Private room,,Downsview-Roding-CFB (26),20,5.0,4,1.0,34.0,,43.725567,-79.478961,2017-03-12 13:10:51.048258
10565665,12738823,Private room,,York University Heights (27),6,5.0,1,1.0,26.0,,43.752789,-79.492089,2017-03-12 13:10:51.045861
10754391,23832331,Private room,,Thistletown-Beaumond Heights (3),0,0.0,2,1.0,27.0,,43.74154,-79.574908,2017-03-12 13:10:51.041731
16506363,37361713,Private room,,Humber Summit (21),5,4.5,2,0.0,27.0,,43.75556,-79.570166,2017-03-12 13:10:51.039255
17240928,19235254,Private room,,Bathurst Manor (34),0,0.0,2,1.0,31.0,,43.760922,-79.450334,2017-03-12 13:10:51.033163
9937736,51076793,Private room,,York University Heights (27),62,4.5,3,1.0,27.0,,43.767335,-79.496079,2017-03-12 13:10:49.760671
6672178,2156877,Private room,,Palmerston-Little Italy (80),0,0.0,2,1.0,31.0,,43.657844,-79.423591,2017-03-12 13:10:48.321926
7564597,32351353,Private room,,Little Portugal (84),18,5.0,1,1.0,40.0,,43.648397,-79.425193,2017-03-12 13:10:48.317195
13710113,17225578,Private room,,South Parkdale (85),0,0.0,2,1.0,38.0,,43.64089,-79.432855,2017-03-12 13:10:48.309728
6476998,29405913,Private room,,South Parkdale (85),42,5.0,2,1.0,40.0,,43.640517,-79.425083,2017-03-12 13:10:48.307120
8933372,46707115,Private room,,South Parkdale (85),1,0.0,2,1.0,34.0,,43.638662,-79.442801,2017-03-12 13:10:46.935944
9008995,46707115,Private room,,South Parkdale (85),1,0.0,1,1.0,31.0,,43.639081,-79.440835,2017-03-12 13:10:46.932887
16576622,63879696,Private room,,South Parkdale (85),0,0.0,2,1.0,27.0,,43.639947,-79.438764,2017-03-12 13:10:46.929025
2564722,13130261,Private room,,High Park-Swansea (87),0,0.0,1,1.0,29.0,,43.643406,-79.451088,2017-03-12 13:10:46.924537
7031151,23297791,Private room,,High Park North (88),0,0.0,1,1.0,20.0,,43.65928,-79.454988,2017-03-12 13:10:46.920096
7628616,5061463,Private room,,Roncesvalles (86),6,4.0,1,1.0,31.0,,43.65094,-79.450618,2017-03-12 13:10:46.044313
14267777,5541224,Private room,,Roncesvalles (86),6,5.0,2,1.0,41.0,,43.646722,-79.442177,2017-03-12 13:10:46.041124
12725077,64453479,Private room,,Dovercourt-Wallace Emerson-Junction (93),5,4.0,2,1.0,38.0,,43.659481,-79.440042,2017-03-12 13:10:46.037840
16452996,107924205,Private room,,Dufferin Grove (83),0,0.0,1,0.0,27.0,,43.651709,-79.439917,2017-03-12 13:10:46.018506
1714409,866469,Private room,,South Parkdale (85),23,4.5,2,1.0,37.0,,43.63938,-79.425717,2017-03-12 13:10:45.989502
8285073,35106431,Private room,,Dufferin Grove (83),11,4.0,2,1.0,28.0,,43.6553,-79.437829,2017-03-12 13:10:45.130799
9328225,29405913,Private room,,South Parkdale (85),16,4.5,2,1.0,36.0,,43.639603,-79.422863,2017-03-12 13:10:45.128719
11571295,12264481,Private room,,Palmerston-Little Italy (80),19,5.0,2,1.0,34.0,,43.655161,-79.423112,2017-03-12 13:10:45.126519
921746,2518768,Private room,,South Parkdale (85),16,4.0,2,1.0,34.0,,43.638074,-79.444314,2017-03-12 13:10:45.119564
14452530,85990524,Private room,,Dovercourt-Wallace Emerson-Junction (93),3,3.5,2,1.0,31.0,,43.665088,-79.43873,2017-03-12 13:10:45.101712
5953175,8269681,Private room,,Dufferin Grove (83),0,0.0,2,1.0,40.0,,43.650247,-79.436492,2017-03-12 13:10:44.362132
15199602,2496668,Private room,,South Parkdale (85),1,0.0,2,1.0,38.0,,43.639716,-79.436887,2017-03-12 13:10:44.359371
13491262,15150681,Private room,,Dufferin Grove (83),0,0.0,2,1.0,31.0,,43.657847,-79.445055,2017-03-12 13:10:44.355443
5902001,5841126,Private room,,Dufferin Grove (83),5,5.0,2,1.0,34.0,,43.657504,-79.445815,2017-03-12 13:10:44.337593
12854987,506069,Private room,,Roncesvalles (86),0,0.0,1,1.0,20.0,,43.641541,-79.445784,2017-03-12 13:10:42.990783
17588194,44054518,Private room,,High Park North (88),0,0.0,1,1.0,38.0,,43.659135,-79.458311,2017-03-12 13:10:42.984640
10174705,52241190,Private room,,Palmerston-Little Italy (80),0,0.0,2,1.0,23.0,,43.655281,-79.423174,2017-03-12 13:10:42.980549
6762014,890053,Private room,,Roncesvalles (86),8,5.0,1,1.0,34.0,,43.641203,-79.438715,2017-03-12 13:10:42.975413
13464364,3893591,Private room,,Roncesvalles (86),2,0.0,1,1.0,34.0,,43.647173,-79.448107,2017-03-12 13:10:42.961458
3887554,19985724,Private room,,Dovercourt-Wallace Emerson-Junction (93),10,4.5,2,1.0,38.0,,43.663806,-79.44841,2017-03-12 13:10:42.076304
13749454,20952299,Private room,,Little Portugal (84),1,0.0,1,1.0,32.0,,43.650583,-79.431958,2017-03-12 13:10:42.073456
3172930,8858716,Private room,,South Parkdale (85),19,4.5,2,1.0,34.0,,43.639335,-79.436116,2017-03-12 13:10:42.069381
3735733,8995143,Private room,,Dufferin Grove (83),1,0.0,2,1.0,34.0,,43.650529,-79.439116,2017-03-12 13:10:42.060572
1829418,8995143,Private room,,Dufferin Grove (83),2,0.0,2,1.0,34.0,,43.650474,-79.438554,2017-03-12 13:10:42.054018
17284104,28007529,Private room,,Roncesvalles (86),0,0.0,2,1.0,27.0,,43.64049,-79.437529,2017-03-12 13:10:42.048645
10547910,40683821,Private room,,South Parkdale (85),0,0.0,1,1.0,33.0,,43.63877,-79.452844,2017-03-12 13:10:42.043117
6766612,12097828,Private room,,Dufferin Grove (83),33,4.5,2,1.0,20.0,,43.656429,-79.445319,2017-03-12 13:10:41.238920
7228418,14699970,Private room,,High Park-Swansea (87),33,4.5,3,1.0,28.0,,43.654893,-79.453304,2017-03-12 13:10:41.229809
15558791,1745726,Private room,,Dovercourt-Wallace Emerson-Junction (93),2,0.0,2,1.0,31.0,,43.660093,-79.4467,2017-03-12 13:10:41.227564
16443294,103843653,Private room,,Dufferin Grove (83),0,0.0,1,1.0,37.0,,43.656518,-79.445819,2017-03-12 13:10:41.219547
15346201,81983675,Private room,,Little Portugal (84),1,0.0,2,1.0,38.0,,43.649346,-79.432954,2017-03-12 13:10:39.816350
13456401,76888450,Private room,,Little Portugal (84),0,0.0,3,1.0,26.0,,43.640923,-79.423892,2017-03-12 13:10:39.809970
14633216,16505832,Private room,,South Parkdale (85),4,5.0,2,1.0,34.0,,43.639045,-79.424549,2017-03-12 13:10:39.807037
9810750,2869951,Private room,,South Parkdale (85),1,0.0,1,1.0,27.0,,43.639033,-79.442058,2017-03-12 13:10:39.804707
5151195,26634021,Private room,,Roncesvalles (86),24,5.0,2,1.0,38.0,,43.644929,-79.439626,2017-03-12 13:10:39.797751
1121234,6151607,Private room,,Dufferin Grove (83),1,0.0,1,1.0,34.0,,43.652835,-79.435796,2017-03-12 13:10:39.795602
5649913,19985724,Private room,,Dovercourt-Wallace Emerson-Junction (93),4,4.0,1,1.0,31.0,,43.665333,-79.448866,2017-03-12 13:10:39.075254
16101591,104964376,Private room,,High Park-Swansea (87),1,0.0,1,1.0,38.0,,43.641465,-79.452408,2017-03-12 13:10:39.065803
8954835,46801836,Private room,,Dufferin Grove (83),0,0.0,2,1.0,36.0,,43.655136,-79.439749,2017-03-12 13:10:39.060247
13962576,35438481,Private room,,High Park-Swansea (87),4,5.0,2,1.0,30.0,,43.638706,-79.447789,2017-03-12 13:10:39.051108
7160299,37498583,Private room,,Roncesvalles (86),42,4.5,2,1.0,29.0,,43.640876,-79.442951,2017-03-12 13:10:37.766395
1711196,3431521,Private room,,Roncesvalles (86),73,5.0,1,1.0,34.0,,43.641518,-79.43923,2017-03-12 13:10:37.764297
3712054,18942237,Private room,,South Parkdale (85),98,5.0,1,1.0,31.0,,43.637669,-79.445793,2017-03-12 13:10:37.760651
1673495,8858716,Private room,,South Parkdale (85),79,4.5,2,1.0,23.0,,43.640272,-79.435635,2017-03-12 13:10:37.756735
15132803,95946895,Private room,,South Parkdale (85),4,5.0,1,1.0,31.0,,43.639305,-79.443082,2017-03-12 13:10:37.753109
14705708,17412262,Private room,,High Park-Swansea (87),5,4.5,2,1.0,25.0,,43.653437,-79.457842,2017-03-12 13:10:36.332148
12150790,65240998,Private room,,Dovercourt-Wallace Emerson-Junction (93),14,4.0,3,1.0,28.0,,43.658378,-79.445854,2017-03-12 13:10:36.328035
12027685,846425,Private room,,Dufferin Grove (83),3,5.0,1,1.0,31.0,,43.65881,-79.439709,2017-03-12 13:10:36.313882
17254888,43043325,Private room,,Roncesvalles (86),1,0.0,1,1.0,22.0,,43.648628,-79.449912,2017-03-12 13:10:35.035862
12890907,12513296,Private room,,Dufferin Grove (83),0,0.0,1,1.0,20.0,,43.652633,-79.437135,2017-03-12 13:10:35.018734
13223890,65240998,Private room,,Dovercourt-Wallace Emerson-Junction (93),7,4.5,2,1.0,25.0,,43.657689,-79.449123,2017-03-12 13:10:33.971480
4816575,24800708,Private room,,Roncesvalles (86),19,5.0,1,1.0,25.0,,43.645214,-79.436356,2017-03-12 13:10:33.968939
14188087,15578171,Private room,,Little Portugal (84),19,5.0,2,1.0,27.0,,43.640764,-79.422984,2017-03-12 13:10:33.964075
15988168,7798567,Private room,,High Park-Swansea (87),7,5.0,2,1.0,27.0,,43.644892,-79.456207,2017-03-12 13:10:32.557060
12032869,36810035,Private room,,Niagara (82),0,0.0,1,1.0,31.0,,43.637819,-79.404793,2017-03-12 13:09:21.214307
12904637,1225477,Private room,,Trinity-Bellwoods (81),18,4.5,2,1.0,41.0,,43.652862,-79.416263,2017-03-12 13:09:21.205150
8194692,17198007,Private room,,Kensington-Chinatown (78),0,0.0,2,1.0,40.0,,43.656396,-79.405583,2017-03-12 13:09:21.198926
16535117,107370606,Private room,,Kensington-Chinatown (78),0,0.0,1,1.0,34.0,,43.648687,-79.399151,2017-03-12 13:09:21.196727
1584291,8440822,Private room,,Trinity-Bellwoods (81),38,5.0,2,1.0,36.0,,43.645571,-79.417317,2017-03-12 13:09:20.053725
17592473,119537261,Private room,,Niagara (82),0,0.0,2,1.0,23.0,,43.6414,-79.417417,2017-03-12 13:09:20.029167
11334127,1225477,Private room,,Trinity-Bellwoods (81),22,5.0,1,1.0,28.0,,43.652318,-79.416308,2017-03-12 13:09:19.035008
11127420,1225477,Private room,,Trinity-Bellwoods (81),28,5.0,1,1.0,29.0,,43.654484,-79.416375,2017-03-12 13:09:19.032882
17584515,28059930,Private room,,Trinity-Bellwoods (81),0,0.0,1,1.0,31.0,,43.645481,-79.415164,2017-03-12 13:09:19.029124
14222612,14405518,Private room,,Kensington-Chinatown (78),12,4.5,2,1.0,28.0,,43.649632,-79.401046,2017-03-12 13:09:19.021749
9803500,50514304,Private room,,Kensington-Chinatown (78),86,4.0,5,1.0,34.0,,43.652679,-79.395305,2017-03-12 13:09:17.619925
15454118,33901928,Private room,,Waterfront Communities-The Island (77),21,5.0,2,1.0,34.0,,43.639814,-79.397684,2017-03-12 13:09:16.335144
14405520,75657889,Private room,,Kensington-Chinatown (78),22,4.0,2,1.0,29.0,,43.655021,-79.397392,2017-03-12 13:09:14.672649
17036837,5682024,Private room,,Waterfront Communities-The Island (77),0,0.0,2,1.0,31.0,,43.644616,-79.391442,2017-03-12 13:09:14.647474
6490036,5112330,Private room,,Cabbagetown-South St.James Town (71),6,4.5,2,1.0,27.0,,43.664102,-79.358939,2017-03-12 13:09:14.069621
7349864,38509648,Private room,,Waterfront Communities-The Island (77),0,0.0,1,1.0,34.0,,43.638561,-79.389954,2017-03-12 13:09:13.525183
13857420,81865471,Private room,,Church-Yonge Corridor (75),5,4.0,1,1.0,36.0,,43.659134,-79.381006,2017-03-12 13:09:13.501092
13190611,8552136,Private room,,Bay Street Corridor (76),32,4.5,1,1.0,38.0,,43.654053,-79.384857,2017-03-12 13:09:10.109872
16722818,89038914,Private room,,Waterfront Communities-The Island (77),1,0.0,1,1.0,31.0,,43.641485,-79.371031,2017-03-12 13:09:08.957060
14386789,87613921,Private room,,Waterfront Communities-The Island (77),18,5.0,2,1.0,38.0,,43.648804,-79.361312,2017-03-12 13:09:08.945904
7469740,28284909,Private room,,Church-Yonge Corridor (75),149,4.5,2,1.0,38.0,,43.650345,-79.375408,2017-03-12 13:09:07.287937
11222187,7026784,Private room,,Palmerston-Little Italy (80),0,0.0,1,1.0,27.0,,43.662953,-79.415393,2017-03-12 13:09:05.829991
17151929,65759320,Private room,,Annex (95),0,0.0,1,1.0,23.0,,43.667707,-79.407869,2017-03-12 13:09:05.140207
9333223,47329425,Private room,,Palmerston-Little Italy (80),3,4.5,2,1.0,28.0,,43.663519,-79.417182,2017-03-12 13:09:05.111206
8419680,38685991,Private room,,Annex (95),0,0.0,1,1.0,36.0,,43.673605,-79.408027,2017-03-12 13:09:04.161860
12453367,67366393,Private room,,Church-Yonge Corridor (75),0,0.0,2,1.0,37.0,,43.669929,-79.386044,2017-03-12 13:09:01.385690
15909268,9426762,Private room,,Cabbagetown-South St.James Town (71),1,0.0,1,1.0,34.0,,43.672177,-79.370078,2017-03-12 13:09:01.369577
13956036,15891478,Private room,,Bay Street Corridor (76),0,0.0,2,1.0,38.0,,43.667283,-79.390604,2017-03-12 13:09:00.087450
12884354,70508448,Private room,,North St.James Town (74),5,4.5,2,1.0,31.0,,43.66929,-79.372587,2017-03-12 13:09:00.081208
13031916,4204790,Private room,,Waterfront Communities-The Island (77),5,4.5,2,1.0,31.0,,43.647614,-79.401982,2017-03-12 13:08:55.972340
5106587,26387744,Private room,,Yonge-St.Clair (97),0,0.0,1,1.0,25.0,,43.684255,-79.396637,2017-03-12 13:08:55.967009
10107125,5655646,Private room,,University (79),1,0.0,1,1.0,34.0,,43.665042,-79.410901,2017-03-12 13:08:54.788947
7653034,40164439,Private room,,University (79),9,4.5,1,1.0,34.0,,43.664313,-79.409852,2017-03-12 13:08:54.782361
17092831,68295934,Private room,,University (79),0,0.0,2,1.0,22.0,,43.657603,-79.404691,2017-03-12 13:08:53.996374
12209534,56638236,Private room,,Kensington-Chinatown (78),5,4.5,2,1.0,36.0,,43.651535,-79.388409,2017-03-12 13:08:53.990534
727514,2597290,Private room,,Trinity-Bellwoods (81),93,4.5,6,1.0,38.0,,43.650979,-79.410229,2017-03-12 13:08:53.262294
15705179,89407132,Private room,,Trinity-Bellwoods (81),1,0.0,2,1.0,35.0,,43.647871,-79.404271,2017-03-12 13:08:53.259866
16040414,45562244,Private room,,Trinity-Bellwoods (81),0,0.0,2,1.0,27.0,,43.655283,-79.411246,2017-03-12 13:08:53.255914
14731539,1616929,Private room,,Trinity-Bellwoods (81),1,0.0,2,1.0,27.0,,43.651614,-79.407593,2017-03-12 13:08:53.253309
10548482,7385039,Private room,,Waterfront Communities-The Island (77),32,4.5,2,1.0,38.0,,43.647982,-79.372307,2017-03-12 13:08:53.250369
9065802,7666731,Private room,,Annex (95),4,4.5,2,1.0,28.0,,43.673093,-79.411575,2017-03-12 13:08:53.247712
4956185,25032477,Private room,,Palmerston-Little Italy (80),2,0.0,2,1.0,27.0,,43.660012,-79.412204,2017-03-12 13:08:53.243739
3353809,16871974,Private room,,Annex (95),1,0.0,2,1.0,37.0,,43.668764,-79.411963,2017-03-12 13:08:53.239203
9414650,48814816,Private room,,Kensington-Chinatown (78),0,0.0,1,1.0,32.0,,43.651987,-79.404813,2017-03-12 13:08:53.236518
16205661,105856462,Private room,,Palmerston-Little Italy (80),3,3.5,2,1.0,23.0,,43.656698,-79.408828,2017-03-12 13:08:53.234259
14572722,22171699,Private room,,Annex (95),3,4.0,1,1.0,33.0,,43.673925,-79.407854,2017-03-12 13:08:53.232031
6045113,5655646,Private room,,University (79),12,4.5,2,1.0,25.0,,43.664977,-79.40992,2017-03-12 13:08:53.225818
12409913,23954857,Private room,,Annex (95),0,0.0,1,1.0,38.0,,43.666685,-79.406996,2017-03-12 13:08:52.118275
7318527,38340183,Private room,,Annex (95),3,3.0,1,1.0,23.0,,43.671774,-79.404355,2017-03-12 13:08:52.115208
6526792,34134692,Private room,,Kensington-Chinatown (78),0,0.0,1,1.0,31.0,,43.656458,-79.398843,2017-03-12 13:08:52.109726
13189447,26743967,Private room,,University (79),6,4.0,1,1.0,38.0,,43.66116,-79.400438,2017-03-12 13:08:52.107677
5015494,14060111,Private room,,University (79),15,4.5,1,1.0,25.0,,43.664009,-79.394007,2017-03-12 13:08:52.099930
14966864,36823972,Private room,,Bay Street Corridor (76),1,0.0,1,1.0,23.0,,43.66693,-79.389211,2017-03-12 13:08:52.096542
4796114,24703620,Private room,,Trinity-Bellwoods (81),2,0.0,1,1.0,38.0,,43.648118,-79.409679,2017-03-12 13:08:52.092887
17383139,117467865,Private room,,Kensington-Chinatown (78),1,0.0,4,1.0,40.0,,43.651137,-79.394516,2017-03-12 13:08:51.166431
9943568,2783358,Private room,,Bay Street Corridor (76),0,0.0,1,1.0,31.0,,43.65988,-79.386596,2017-03-12 13:08:51.163885
2889367,14766710,Private room,,Bay Street Corridor (76),12,4.5,2,1.0,38.0,,43.665008,-79.387744,2017-03-12 13:08:51.161212
9712851,50140742,Private room,,Niagara (82),1,0.0,2,1.0,20.0,,43.64291,-79.410226,2017-03-12 13:08:51.159166
10632779,425848,Private room,,Annex (95),0,0.0,2,1.0,41.0,,43.669161,-79.403995,2017-03-12 13:08:51.157080
16764898,111278457,Private room,,Kensington-Chinatown (78),0,0.0,1,1.0,31.0,,43.656264,-79.39938,2017-03-12 13:08:51.150659
12761322,64982559,Private room,,Waterfront Communities-The Island (77),2,0.0,1,1.0,38.0,,43.647924,-79.369648,2017-03-12 13:08:51.148041
7391637,38727744,Private room,,Kensington-Chinatown (78),0,0.0,1,1.0,21.0,,43.655078,-79.396581,2017-03-12 13:08:51.145429
7334831,38428078,Private room,,University (79),0,0.0,1,1.0,31.0,,43.661038,-79.40936,2017-03-12 13:08:51.142842
1925448,9974366,Private room,,Church-Yonge Corridor (75),1,0.0,2,1.0,38.0,,43.650434,-79.374415,2017-03-12 13:08:51.138579
9578739,17645231,Private room,,Bay Street Corridor (76),52,5.0,2,1.0,40.0,,43.667899,-79.38636,2017-03-12 13:08:50.123005
7071887,37078443,Private room,,Bay Street Corridor (76),0,0.0,2,1.0,38.0,,43.663516,-79.387349,2017-03-12 13:08:50.113432
12213616,31185074,Private room,,Kensington-Chinatown (78),0,0.0,1,1.0,38.0,,43.653026,-79.397026,2017-03-12 13:08:50.109594
17329050,6572248,Private room,,Church-Yonge Corridor (75),0,0.0,1,1.0,28.0,,43.660399,-79.381229,2017-03-12 13:14:18.365348
10926651,52477674,Private room,,Woodbine Corridor (64),1,0.0,1,1.0,31.0,,43.683384,-79.31722,2017-03-12 13:14:18.351216
14649784,27417571,Private room,,North St.James Town (74),0,0.0,1,1.0,38.0,,43.670797,-79.378158,2017-03-12 13:14:17.566225
12190886,52477674,Private room,,Woodbine Corridor (64),0,0.0,1,1.0,31.0,,43.684123,-79.317129,2017-03-12 13:14:17.558367
14235410,52477674,Private room,,Danforth (66),0,0.0,1,1.0,29.0,,43.684756,-79.317972,2017-03-12 13:14:17.551660
3578315,16430735,Private room,,Old East York (58),2,0.0,1,1.0,38.0,,43.69216,-79.343431,2017-03-12 13:14:14.967716
13046104,71992021,Private room,,North Riverdale (68),12,5.0,2,1.0,38.0,,43.669629,-79.343367,2017-03-12 13:14:13.196045
14416568,88696651,Private room,,North Riverdale (68),0,0.0,1,1.0,31.0,,43.673194,-79.347595,2017-03-12 13:14:11.730186
11391372,59749138,Private room,,Playter Estates-Danforth (67),3,4.0,1,1.0,30.0,,43.678251,-79.353208,2017-03-12 13:14:11.722611
8219177,19461277,Private room,,Moss Park (73),137,4.5,4,1.0,37.0,,43.655251,-79.373518,2017-03-12 13:14:09.447537
857291,4478306,Private room,,Church-Yonge Corridor (75),15,5.0,2,1.0,23.0,,43.660073,-79.380246,2017-03-12 13:08:50.104395
17012781,114063229,Private room,,Moss Park (73),0,0.0,1,1.0,34.0,,43.652733,-79.367294,2017-03-12 13:08:50.100682
9328710,45765237,Private room,,Moss Park (73),0,0.0,2,1.0,37.0,,43.653519,-79.367361,2017-03-12 13:08:50.094599
9711715,41936074,Private room,,Bay Street Corridor (76),0,0.0,1,1.0,38.0,,43.66872,-79.386651,2017-03-12 13:08:50.092247
14086721,3508697,Private room,,Kensington-Chinatown (78),4,4.5,2,1.0,41.0,,43.654097,-79.401556,2017-03-12 13:08:48.800359
3793081,19475666,Private room,,Annex (95),4,4.5,2,1.0,38.0,,43.669519,-79.408313,2017-03-12 13:08:48.797468
16441788,31103623,Private room,,Kensington-Chinatown (78),0,0.0,2,1.0,34.0,,43.654372,-79.396391,2017-03-12 13:08:48.793718
16482498,108215094,Private room,,Kensington-Chinatown (78),1,0.0,2,1.0,31.0,,43.652669,-79.398978,2017-03-12 13:08:48.789637
10355497,26104141,Private room,,Niagara (82),2,0.0,2,1.0,38.0,,43.643841,-79.409671,2017-03-12 13:08:48.782249
7260525,38012102,Private room,,University (79),39,5.0,2,1.0,41.0,,43.657974,-79.406109,2017-03-12 13:08:48.779639
6538035,17983494,Private room,,Annex (95),7,4.5,2,1.0,37.0,,43.669102,-79.413264,2017-03-12 13:08:48.776780
15753112,101762639,Private room,,Kensington-Chinatown (78),2,0.0,1,1.0,23.0,,43.652797,-79.403854,2017-03-12 13:08:48.774578
8565888,10622924,Private room,,Kensington-Chinatown (78),53,4.5,1,1.0,34.0,,43.654001,-79.40115,2017-03-12 13:08:48.772478
3861937,19931095,Private room,,Kensington-Chinatown (78),2,0.0,2,1.0,34.0,,43.657907,-79.389748,2017-03-12 13:08:48.765577
15531700,27166848,Private room,,Waterfront Communities-The Island (77),0,0.0,2,1.0,29.0,,43.642454,-79.382611,2017-03-12 13:08:48.763073
2665727,3459639,Private room,,Moss Park (73),33,5.0,2,1.0,41.0,,43.658523,-79.366172,2017-03-12 13:08:47.279419
7262733,13443275,Private room,,Niagara (82),35,4.5,1,1.0,38.0,,43.643715,-79.403227,2017-03-12 13:08:47.277094
12249182,65938554,Private room,,Niagara (82),6,5.0,1,1.0,38.0,,43.643349,-79.412593,2017-03-12 13:08:47.273612
9531833,21642652,Private room,,Trinity-Bellwoods (81),2,0.0,2,1.0,30.0,,43.650095,-79.409022,2017-03-12 13:08:47.270723
14935006,31814201,Private room,,Trinity-Bellwoods (81),2,0.0,1,1.0,37.0,,43.651749,-79.411336,2017-03-12 13:08:47.265751
16193856,40330270,Private room,,Niagara (82),14,5.0,2,1.0,41.0,,43.644751,-79.412807,2017-03-12 13:08:47.259734
15353527,38327942,Private room,,Annex (95),2,0.0,2,1.0,31.0,,43.674327,-79.402223,2017-03-12 13:08:47.254470
13942606,13838790,Private room,,Kensington-Chinatown (78),3,4.5,2,1.0,41.0,,43.654076,-79.396611,2017-03-12 13:08:47.248987
17560475,114859638,Private room,,Waterfront Communities-The Island (77),0,0.0,2,1.0,38.0,,43.648635,-79.393419,2017-03-12 13:08:47.246765
2151532,6741120,Private room,,Palmerston-Little Italy (80),43,4.5,2,1.0,34.0,,43.657031,-79.408671,2017-03-12 13:08:45.924692
2361733,6741120,Private room,,Palmerston-Little Italy (80),48,4.0,2,1.0,38.0,,43.657563,-79.408513,2017-03-12 13:08:45.921103
17093251,82922492,Private room,,University (79),1,0.0,2,0.0,27.0,,43.660269,-79.400883,2017-03-12 13:08:45.913483
553892,2597290,Private room,,Trinity-Bellwoods (81),116,4.5,3,1.0,38.0,,43.652387,-79.409017,2017-03-12 13:08:45.911036
553972,2597290,Private room,,Trinity-Bellwoods (81),57,5.0,1,1.0,37.0,,43.651589,-79.408266,2017-03-12 13:08:45.897293
14086939,3508697,Private room,,Kensington-Chinatown (78),5,5.0,2,1.0,37.0,,43.655862,-79.400432,2017-03-12 13:08:45.894986
13445014,50514304,Private room,,Kensington-Chinatown (78),32,3.5,3,1.0,40.0,,43.653949,-79.401056,2017-03-12 13:08:44.561953
12951118,50514304,Private room,,Kensington-Chinatown (78),46,4.0,6,1.0,37.0,,43.653206,-79.398422,2017-03-12 13:08:44.559430
10167412,3985338,Private room,,Waterfront Communities-The Island (77),39,4.5,1,1.0,37.0,,43.642256,-79.378624,2017-03-12 13:08:44.550441
14011783,13343016,Private room,,Waterfront Communities-The Island (77),21,4.5,1,1.0,30.0,,43.644765,-79.391738,2017-03-12 13:08:44.546889
16464734,7954420,Private room,,Trinity-Bellwoods (81),0,0.0,1,1.0,25.0,,43.648183,-79.409022,2017-03-12 13:08:44.544668
9665310,49949644,Private room,,Kensington-Chinatown (78),1,0.0,1,1.0,34.0,,43.653118,-79.388834,2017-03-12 13:08:43.216584
16534145,53955322,Private room,,Kensington-Chinatown (78),3,4.0,2,1.0,37.0,,43.657701,-79.398177,2017-03-12 13:08:43.214314
9729698,50208135,Private room,,Waterfront Communities-The Island (77),3,4.5,2,1.0,37.0,,43.642953,-79.377578,2017-03-12 13:08:43.200760
564302,2774870,Private room,,Kensington-Chinatown (78),51,4.5,2,1.0,23.0,,43.654957,-79.402333,2017-03-12 13:08:43.194876
11607874,2994306,Private room,,Kensington-Chinatown (78),8,5.0,4,1.0,29.0,,43.651453,-79.389886,2017-03-12 13:08:43.180296
9812754,50514304,Private room,,Kensington-Chinatown (78),56,4.0,5,1.0,29.0,,43.652886,-79.395614,2017-03-12 13:08:41.830498
15758237,82494471,Private room,,Moss Park (73),9,4.5,2,1.0,31.0,,43.655931,-79.364951,2017-03-12 13:08:41.826989
4954862,25081443,Private room,,Kensington-Chinatown (78),1,0.0,1,1.0,31.0,,43.654708,-79.397583,2017-03-12 13:08:41.816744
13660723,41113922,Private room,,Kensington-Chinatown (78),9,4.0,2,1.0,23.0,,43.653624,-79.395662,2017-03-12 13:08:41.812804
9878590,50514304,Private room,,Kensington-Chinatown (78),45,3.5,3,1.0,37.0,,43.653742,-79.401648,2017-03-12 13:08:40.987148
13587139,50514304,Private room,,Kensington-Chinatown (78),35,4.0,3,1.0,38.0,,43.653377,-79.400421,2017-03-12 13:08:40.981653
2403096,593866,Private room,,Kensington-Chinatown (78),79,5.0,2,1.0,38.0,,43.649228,-79.400784,2017-03-12 13:08:40.977734
17381269,117467865,Private room,,Kensington-Chinatown (78),0,0.0,5,1.0,40.0,,43.652831,-79.396323,2017-03-12 13:08:40.435141
7920459,41765514,Private room,,Waterfront Communities-The Island (77),81,5.0,2,1.0,34.0,,43.649056,-79.364608,2017-03-12 13:08:40.427554
15099882,8435530,Private room,,Trinity-Bellwoods (81),3,4.5,1,1.0,34.0,,43.647829,-79.404611,2017-03-12 13:08:40.422714
4923561,19194757,Private room,,Kensington-Chinatown (78),119,4.5,2,1.0,36.0,,43.651082,-79.399155,2017-03-12 13:08:40.411333
15257297,75657889,Private room,,Kensington-Chinatown (78),5,4.0,2,1.0,29.0,,43.65501,-79.396529,2017-03-12 13:08:39.213356
16363795,107157336,Private room,,Kensington-Chinatown (78),9,4.5,2,1.0,34.0,,43.652401,-79.394182,2017-03-12 13:08:39.211123
5650110,7153656,Private room,,Moss Park (73),51,4.5,1,1.0,40.0,,43.657096,-79.367143,2017-03-12 13:08:39.207899
4710888,21719181,Private room,,Bay Street Corridor (76),92,4.0,1,1.0,40.0,,43.648536,-79.384359,2017-03-12 13:08:37.785971
2314302,958382,Private room,,Kensington-Chinatown (78),73,5.0,1,1.0,38.0,,43.656467,-79.400535,2017-03-12 13:08:36.511556
5683127,74582,Private room,,University (79),82,4.5,1,1.0,34.0,,43.660325,-79.409072,2017-03-12 13:08:36.505769
14585973,998332,Private room,,Trinity-Bellwoods (81),34,5.0,2,1.0,38.0,,43.651102,-79.406686,2017-03-12 13:08:35.928092
11197840,24865610,Private room,,Oakwood Village (107),0,0.0,2,1.0,26.0,,43.679013,-79.441797,2017-03-12 13:08:34.505323
10367980,53363525,Private room,,Corso Italia-Davenport (92),6,4.5,2,1.0,38.0,,43.679162,-79.439237,2017-03-12 13:08:34.502422
10808031,55950948,Private room,,Yorkdale-Glen Park (31),0,0.0,4,1.0,37.0,,43.713866,-79.453908,2017-03-12 13:08:33.263765
9712007,14475101,Private room,,Corso Italia-Davenport (92),1,0.0,1,1.0,20.0,,43.680206,-79.446623,2017-03-12 13:08:33.260705
8940617,35638798,Private room,,Oakwood Village (107),9,5.0,2,1.0,38.0,,43.680544,-79.435993,2017-03-12 13:08:33.258408
465849,2313987,Private room,,Oakwood Village (107),6,4.0,1,1.0,27.0,,43.681369,-79.431288,2017-03-12 13:08:33.255841
11862009,21912744,Private room,,Corso Italia-Davenport (92),4,5.0,2,1.0,27.0,,43.677788,-79.440914,2017-03-12 13:08:33.251216
3052361,14475101,Private room,,Corso Italia-Davenport (92),9,4.5,1,1.0,23.0,,43.680554,-79.448099,2017-03-12 13:08:33.240360
14027025,82709101,Private room,,Oakwood Village (107),1,0.0,1,1.0,20.0,,43.680073,-79.440448,2017-03-12 13:08:33.233257
4073254,21125457,Private room,,Oakwood Village (107),1,0.0,2,1.0,38.0,,43.684247,-79.441248,2017-03-12 13:08:32.410786
2554073,8343575,Private room,,Corso Italia-Davenport (92),19,4.0,1,1.0,33.0,,43.675309,-79.434188,2017-03-12 13:08:32.408792
14468295,77585532,Private room,,Oakwood Village (107),2,0.0,2,1.0,38.0,,43.681687,-79.43794,2017-03-12 13:08:32.405330
14462581,5986622,Private room,,Corso Italia-Davenport (92),8,5.0,2,1.0,23.0,,43.676077,-79.444358,2017-03-12 13:08:32.399780
3915333,20262027,Private room,,Oakwood Village (107),1,0.0,2,1.0,22.0,,43.685756,-79.438176,2017-03-12 13:08:32.393986
3462809,312382,Private room,,Oakwood Village (107),7,4.0,1,1.0,31.0,,43.682652,-79.440938,2017-03-12 13:08:32.391300
14499443,4013498,Private room,,Wychwood (94),6,5.0,2,1.0,38.0,,43.676996,-79.423918,2017-03-12 13:08:32.387567
6762075,33156468,Private room,,Oakwood Village (107),19,5.0,1,1.0,23.0,,43.682229,-79.436747,2017-03-12 13:08:32.376637
8115740,22459555,Private room,,Corso Italia-Davenport (92),37,5.0,2,1.0,20.0,,43.680631,-79.445743,2017-03-12 13:08:31.338875
4794399,13171467,Private room,,Oakwood Village (107),17,4.5,1,1.0,21.0,,43.692497,-79.44274,2017-03-12 13:08:31.331669
8823358,13171467,Private room,,Oakwood Village (107),7,4.5,1,1.0,27.0,,43.692585,-79.443332,2017-03-12 13:08:31.329084
7816016,22459555,Private room,,Corso Italia-Davenport (92),20,5.0,2,1.0,22.0,,43.682151,-79.445558,2017-03-12 13:08:31.324863
16070944,47895200,Private room,,Casa Loma (96),0,0.0,2,1.0,27.0,,43.67673,-79.413602,2017-03-12 13:08:31.321944
13574275,54062486,Private room,,Corso Italia-Davenport (92),13,4.5,2,1.0,31.0,,43.682901,-79.453484,2017-03-12 13:08:31.313422
15830744,45723943,Private room,,Briar Hill-Belgravia (108),2,0.0,1,1.0,19.0,,43.700291,-79.454054,2017-03-12 13:08:31.310820
7763946,22459555,Private room,,Corso Italia-Davenport (92),36,4.5,2,1.0,21.0,,43.680475,-79.444456,2017-03-12 13:08:31.306088
6589679,13171467,Private room,,Oakwood Village (107),8,4.5,1,1.0,23.0,,43.692338,-79.442913,2017-03-12 13:08:31.300209
2101084,10714277,Private room,,Humewood-Cedarvale (106),0,0.0,1,1.0,31.0,,43.693726,-79.424123,2017-03-12 13:08:29.815522
8368948,44109003,Private room,,Wychwood (94),1,0.0,2,1.0,38.0,,43.679998,-79.433176,2017-03-12 13:08:29.810236
17385925,117521868,Private room,,Oakwood Village (107),0,0.0,2,1.0,34.0,,43.69101,-79.443224,2017-03-12 13:08:29.808110
89575,93825,Private room,,Briar Hill-Belgravia (108),68,4.5,12,1.0,38.0,,43.696616,-79.45325,2017-03-12 13:08:29.795734
10298818,52987683,Private room,,Oakwood Village (107),6,4.5,2,1.0,37.0,,43.688174,-79.444606,2017-03-12 13:08:29.787157
16055551,35590775,Private room,,Yorkdale-Glen Park (31),2,0.0,2,1.0,15.0,,43.716159,-79.451291,2017-03-12 13:08:29.784515
14030180,35330499,Private room,,Humewood-Cedarvale (106),2,0.0,2,1.0,16.0,,43.685007,-79.429449,2017-03-12 13:08:29.003169
5821852,120494,Private room,,Oakwood Village (107),0,0.0,2,1.0,38.0,,43.689837,-79.441875,2017-03-12 13:08:28.988520
13549308,578212,Private room,,Oakwood Village (107),1,0.0,2,1.0,34.0,,43.686819,-79.432402,2017-03-12 13:08:28.979052
16315191,2479385,Private room,,Briar Hill-Belgravia (108),9,4.5,4,1.0,28.0,,43.69932,-79.449626,2017-03-12 13:08:28.975342
9728369,50203566,Private room,,Briar Hill-Belgravia (108),2,0.0,2,1.0,27.0,,43.704612,-79.441066,2017-03-12 13:08:27.499094
7955376,40510045,Private room,,Forest Hill North (102),8,4.5,2,1.0,30.0,,43.70609,-79.423529,2017-03-12 13:08:26.954771
16125269,2479385,Private room,,Briar Hill-Belgravia (108),3,4.5,2,1.0,27.0,,43.697663,-79.448743,2017-03-12 13:08:26.951165
4887279,5468710,Private room,,Briar Hill-Belgravia (108),5,4.5,1,1.0,34.0,,43.69852,-79.443377,2017-03-12 13:08:26.942863
9495542,48258166,Private room,,Briar Hill-Belgravia (108),8,4.5,2,1.0,23.0,,43.698988,-79.4456,2017-03-12 13:08:26.929150
17154313,38327942,Private room,,Annex (95),0,0.0,2,1.0,38.0,,43.675308,-79.403887,2017-03-12 13:08:25.886145
14946883,93169987,Private room,,Annex (95),11,5.0,2,1.0,37.0,,43.675154,-79.407199,2017-03-12 13:08:25.403384
5749444,8275538,Private room,,Yonge-Eglinton (100),0,0.0,2,1.0,38.0,,43.709126,-79.402466,2017-03-12 13:08:25.384193
5386233,27850214,Private room,,Cabbagetown-South St.James Town (71),40,4.5,2,1.0,37.0,,43.663791,-79.367261,2017-03-12 13:08:23.186267
15040963,71465348,Private room,,Little Portugal (84),3,3.5,1,1.0,25.0,,43.648997,-79.43049,2017-03-12 13:08:23.184000
17311879,49855400,Private room,,Kensington-Chinatown (78),2,0.0,2,1.0,22.0,,43.656507,-79.400989,2017-03-12 13:08:23.168519
1981668,10225975,Private room,,Trinity-Bellwoods (81),46,4.5,2,1.0,34.0,,43.650789,-79.408828,2017-03-12 13:08:23.164262
3663617,9349836,Private room,,Dufferin Grove (83),75,4.5,1,1.0,27.0,,43.654792,-79.439162,2017-03-12 13:08:23.160938
6317854,23331859,Private room,,Annex (95),0,0.0,4,1.0,34.0,,43.671934,-79.401785,2017-03-12 13:08:22.032267
1363170,7399238,Private room,,Little Portugal (84),92,4.5,2,1.0,36.0,,43.651498,-79.433323,2017-03-12 13:08:22.024900
7216629,31517874,Private room,,Palmerston-Little Italy (80),0,0.0,2,1.0,38.0,,43.66391,-79.413868,2017-03-12 13:08:22.022557
16535246,107370606,Private room,,Kensington-Chinatown (78),1,0.0,1,1.0,20.0,,43.649906,-79.399687,2017-03-12 13:08:22.016161
12220591,32547090,Private room,,Annex (95),0,0.0,2,1.0,31.0,,43.664835,-79.417435,2017-03-12 13:08:22.013264
7127888,3658305,Private room,,Dovercourt-Wallace Emerson-Junction (93),4,5.0,2,1.0,34.0,,43.663356,-79.440444,2017-03-12 13:08:22.009149
14094829,846425,Private room,,Dufferin Grove (83),3,4.5,2,1.0,37.0,,43.658752,-79.440816,2017-03-12 13:08:22.007215
11356331,52409264,Private room,,Corso Italia-Davenport (92),9,4.5,2,1.0,38.0,,43.672966,-79.447495,2017-03-12 13:08:22.004955
1975372,9503722,Private room,,Palmerston-Little Italy (80),61,5.0,1,1.0,34.0,,43.657572,-79.413646,2017-03-12 13:08:22.002460
17216121,4922265,Private room,,Palmerston-Little Italy (80),0,0.0,2,1.0,38.0,,43.657137,-79.409399,2017-03-12 13:08:21.999155
2032281,10433357,Private room,,Dufferin Grove (83),135,5.0,2,1.0,38.0,,43.65929,-79.430283,2017-03-12 13:08:21.277279
9760930,50335721,Private room,,Rosedale-Moore Park (98),1,0.0,1,1.0,31.0,,43.690258,-79.393562,2017-03-12 13:08:21.273355
15889905,79756087,Private room,,Kensington-Chinatown (78),1,0.0,2,1.0,32.0,,43.656186,-79.394447,2017-03-12 13:08:21.266636
7595777,39831813,Private room,,University (79),8,4.5,2,1.0,38.0,,43.664447,-79.406872,2017-03-12 13:08:21.253575
11398750,50514304,Private room,,Kensington-Chinatown (78),77,4.0,5,1.0,35.0,,43.653555,-79.394563,2017-03-12 13:08:21.247019
6812537,13066292,Private room,,Little Portugal (84),55,4.5,2,1.0,40.0,,43.649877,-79.430332,2017-03-12 13:08:19.860934
16171113,5259183,Private room,,Dovercourt-Wallace Emerson-Junction (93),1,0.0,2,1.0,38.0,,43.663207,-79.429102,2017-03-12 13:08:19.853858
17473745,50609113,Private room,,Dovercourt-Wallace Emerson-Junction (93),0,0.0,4,1.0,31.0,,43.663678,-79.434862,2017-03-12 13:08:19.851880
14074241,26743967,Private room,,Annex (95),3,2.5,1,1.0,38.0,,43.669426,-79.406666,2017-03-12 13:08:19.849600
7858118,14518225,Private room,,Dovercourt-Wallace Emerson-Junction (93),2,0.0,1,1.0,29.0,,43.663514,-79.436935,2017-03-12 13:08:19.837114
6223083,5933105,Private room,,Palmerston-Little Italy (80),1,0.0,1,1.0,25.0,,43.660056,-79.411728,2017-03-12 13:08:19.832340
13396532,52962004,Private room,,Dovercourt-Wallace Emerson-Junction (93),9,5.0,2,1.0,30.0,,43.663277,-79.442127,2017-03-12 13:08:18.847821
14557385,90143575,Private room,,Dufferin Grove (83),1,0.0,2,1.0,22.0,,43.653344,-79.437006,2017-03-12 13:08:18.844852
6635793,5852637,Private room,,Kensington-Chinatown (78),119,4.5,2,1.0,40.0,,43.655128,-79.398525,2017-03-12 13:08:18.842637
9139993,19194757,Private room,,Kensington-Chinatown (78),53,4.5,3,1.0,34.0,,43.650008,-79.399619,2017-03-12 13:08:18.840066
13733174,49897161,Private room,,Palmerston-Little Italy (80),3,4.5,2,1.0,32.0,,43.656902,-79.41886,2017-03-12 13:08:18.836226
11527557,58384595,Private room,,Dovercourt-Wallace Emerson-Junction (93),5,5.0,2,1.0,25.0,,43.659449,-79.443087,2017-03-12 13:08:18.832226
11892400,63419584,Private room,,Kensington-Chinatown (78),7,5.0,2,1.0,30.0,,43.655139,-79.392252,2017-03-12 13:08:18.829941
11301966,28429454,Private room,,Wychwood (94),0,0.0,1,1.0,32.0,,43.682694,-79.42238,2017-03-12 13:08:18.827663
17546364,95303598,Private room,,Dovercourt-Wallace Emerson-Junction (93),0,0.0,2,1.0,23.0,,43.661612,-79.435559,2017-03-12 13:08:18.821805
17027733,114223949,Private room,,Kensington-Chinatown (78),0,0.0,1,1.0,31.0,,43.650181,-79.400706,2017-03-12 13:08:18.819406
3924719,14405518,Private room,,Kensington-Chinatown (78),40,5.0,2,1.0,27.0,,43.650686,-79.401121,2017-03-12 13:08:18.817321
12103191,63153989,Private room,,Dufferin Grove (83),28,5.0,2,1.0,33.0,,43.653157,-79.434366,2017-03-12 13:08:18.815104
11060289,24305456,Private room,,North St.James Town (74),5,4.5,2,1.0,27.0,,43.670533,-79.373263,2017-03-12 13:08:18.810958
16451311,5533430,Private room,,Wychwood (94),1,0.0,2,1.0,29.0,,43.676333,-79.432107,2017-03-12 13:08:17.944360
14266137,16421930,Private room,,Dovercourt-Wallace Emerson-Junction (93),30,5.0,2,1.0,30.0,,43.664619,-79.446686,2017-03-12 13:08:17.933937
17479572,53194544,Private room,,University (79),0,0.0,2,1.0,36.0,,43.659379,-79.404319,2017-03-12 13:08:17.928502
17247576,83438100,Private room,,Kensington-Chinatown (78),1,0.0,2,1.0,31.0,,43.655225,-79.390155,2017-03-12 13:08:17.924867
13410790,41921636,Private room,,University (79),10,4.5,1,1.0,26.0,,43.657469,-79.402984,2017-03-12 13:08:17.922692
2298592,2441074,Private room,,Palmerston-Little Italy (80),0,0.0,1,1.0,31.0,,43.659866,-79.409741,2017-03-12 13:08:17.919965
16451899,5533430,Private room,,Wychwood (94),1,0.0,2,1.0,30.0,,43.67421,-79.43191,2017-03-12 13:08:17.917354
14789006,4028836,Private room,,Dovercourt-Wallace Emerson-Junction (93),6,4.5,2,1.0,37.0,,43.669495,-79.436254,2017-03-12 13:08:17.915003
3534528,17796049,Private room,,Moss Park (73),28,4.5,3,1.0,38.0,,43.657054,-79.370767,2017-03-12 13:08:00.676245
5706401,3286196,Private room,,North St.James Town (74),17,4.5,2,1.0,38.0,,43.670547,-79.378053,2017-03-12 13:08:00.670900
4164664,21615407,Private room,,Rosedale-Moore Park (98),16,4.5,2,1.0,34.0,,43.673716,-79.378729,2017-03-12 13:08:00.668563
7130392,37346705,Private room,,Regent Park (72),9,5.0,2,1.0,34.0,,43.662089,-79.364318,2017-03-12 13:08:00.665731
12806815,12667779,Private room,,Woodbine-Lumsden (60),2,0.0,1,1.0,20.0,,43.690195,-79.313241,2017-03-12 13:07:59.232013
4128839,7824998,Private room,,Regent Park (72),0,0.0,1,1.0,38.0,,43.659795,-79.357027,2017-03-12 13:07:59.229090
10213205,52477674,Private room,,Danforth (66),0,0.0,1,1.0,31.0,,43.68553,-79.316848,2017-03-12 13:07:59.225302
9314701,43309630,Private room,,South Riverdale (70),8,4.5,1,1.0,31.0,,43.662952,-79.352601,2017-03-12 13:07:59.217943
13237854,52477674,Private room,,Danforth (66),0,0.0,1,1.0,23.0,,43.685439,-79.318239,2017-03-12 13:07:59.208055
14771408,6407203,Private room,,South Riverdale (70),5,4.5,2,1.0,38.0,,43.664436,-79.353782,2017-03-12 13:07:59.205560
16297319,2692907,Private room,,Waterfront Communities-The Island (77),0,0.0,1,1.0,38.0,,43.649588,-79.363561,2017-03-12 13:07:59.199674
7711851,40512609,Private room,,Church-Yonge Corridor (75),2,0.0,4,1.0,28.0,,43.66143,-79.380123,2017-03-12 13:07:57.520451
10320538,19007636,Private room,,Cabbagetown-South St.James Town (71),0,0.0,1,1.0,38.0,,43.665101,-79.371373,2017-03-12 13:07:57.515550
6789842,16399102,Private room,,Moss Park (73),1,0.0,1,1.0,34.0,,43.662371,-79.373789,2017-03-12 13:07:57.512923
9696645,8889343,Private room,,Waterfront Communities-The Island (77),2,0.0,2,1.0,22.0,,43.649025,-79.371078,2017-03-12 13:07:57.509820
14518676,89700885,Private room,,South Riverdale (70),1,0.0,1,1.0,38.0,,43.661443,-79.329452,2017-03-12 13:07:57.507331
727763,3652293,Private room,,Regent Park (72),21,4.0,2,1.0,38.0,,43.657383,-79.364375,2017-03-12 13:07:57.501955
6511726,34043952,Private room,,Waterfront Communities-The Island (77),3,5.0,2,1.0,34.0,,43.6507,-79.359521,2017-03-12 13:07:57.492025
8099184,42767700,Private room,,North St.James Town (74),1,0.0,1,1.0,38.0,,43.668381,-79.376438,2017-03-12 13:07:57.489782
5554605,28010957,Private room,,Church-Yonge Corridor (75),8,5.0,2,1.0,34.0,,43.654227,-79.373677,2017-03-12 13:07:57.483977
4949401,25509664,Private room,,Cabbagetown-South St.James Town (71),9,5.0,1,1.0,38.0,,43.66292,-79.362731,2017-03-12 13:07:56.708096
13020122,10571081,Private room,,Moss Park (73),2,0.0,1,1.0,31.0,,43.65787,-79.369787,2017-03-12 13:07:56.695345
8534829,6386706,Private room,,South Riverdale (70),1,0.0,2,1.0,29.0,,43.662084,-79.332202,2017-03-12 13:07:55.173594
2607519,13352980,Private room,,North St.James Town (74),0,0.0,2,1.0,34.0,,43.669907,-79.377725,2017-03-12 13:07:55.168629
14760318,69358188,Private room,,South Riverdale (70),0,0.0,2,1.0,31.0,,43.658996,-79.342186,2017-03-12 13:07:55.164474
553788,1367540,Private room,,Moss Park (73),17,4.0,3,1.0,37.0,,43.656697,-79.373237,2017-03-12 13:07:55.160174
16420888,107385705,Private room,,Regent Park (72),1,0.0,2,1.0,40.0,,43.658336,-79.357165,2017-03-12 13:07:55.154258
12324895,17221273,Private room,,Cabbagetown-South St.James Town (71),4,0.0,2,1.0,39.0,,43.666237,-79.376619,2017-03-12 13:07:55.151706
7396839,37224228,Private room,,Cabbagetown-South St.James Town (71),28,4.5,1,1.0,27.0,,43.667465,-79.371332,2017-03-12 13:07:55.145053
17220152,33444337,Private room,,Moss Park (73),0,0.0,2,1.0,28.0,,43.650182,-79.36972,2017-03-12 13:07:53.782599
13741232,67352513,Private room,,Church-Yonge Corridor (75),4,4.0,2,1.0,23.0,,43.660883,-79.37751,2017-03-12 13:07:53.769509
13333541,75475496,Private room,,North St.James Town (74),26,4.5,1,1.0,38.0,,43.669609,-79.373924,2017-03-12 13:07:53.765338
13912079,46590183,Private room,,North St.James Town (74),5,5.0,1,1.0,38.0,,43.670669,-79.37915,2017-03-12 13:07:53.201506
17509947,12446697,Private room,,Moss Park (73),0,0.0,2,1.0,32.0,,43.660563,-79.368432,2017-03-12 13:07:53.199252
14014805,82494471,Private room,,Moss Park (73),15,4.5,2,1.0,38.0,,43.655845,-79.364827,2017-03-12 13:07:53.196153
7104884,37224228,Private room,,Cabbagetown-South St.James Town (71),52,4.5,1,1.0,23.0,,43.667352,-79.371141,2017-03-12 13:07:53.192235
269017,1367540,Private room,,Moss Park (73),79,4.0,2,1.0,38.0,,43.656532,-79.371271,2017-03-12 13:07:53.187415
2262774,3327704,Private room,,South Riverdale (70),6,4.5,1,1.0,31.0,,43.657369,-79.352327,2017-03-12 13:07:53.182813
16422054,107385705,Private room,,Moss Park (73),2,0.0,2,1.0,34.0,,43.656962,-79.357658,2017-03-12 13:07:53.171567
17593867,110854600,Private room,,North St.James Town (74),0,0.0,1,1.0,36.0,,43.671167,-79.378139,2017-03-12 13:07:51.671986
15821834,8037472,Private room,,Moss Park (73),0,0.0,2,1.0,34.0,,43.65583,-79.371221,2017-03-12 13:07:51.656656
15410715,5769326,Private room,,South Riverdale (70),5,5.0,2,1.0,38.0,,43.665099,-79.339489,2017-03-12 13:07:51.647006
16677074,110354765,Private room,,Woodbine Corridor (64),1,0.0,2,1.0,38.0,,43.676517,-79.311972,2017-03-12 13:07:50.542991
4808125,1367540,Private room,,Moss Park (73),66,4.0,2,1.0,38.0,,43.656203,-79.373296,2017-03-12 13:07:50.536635
14138236,68101279,Private room,,Danforth (66),4,5.0,2,1.0,39.0,,43.682605,-79.346122,2017-03-12 13:07:49.459223
15634502,79351799,Private room,,South Riverdale (70),1,0.0,2,1.0,31.0,,43.665968,-79.341962,2017-03-12 13:07:49.454867
12869003,70369657,Private room,,Broadview North (57),5,5.0,1,1.0,23.0,,43.690061,-79.35531,2017-03-12 13:07:49.450986
17316078,23877042,Private room,,North St.James Town (74),0,0.0,1,1.0,20.0,,43.66864,-79.375978,2017-03-12 13:07:49.448881
8391861,5112330,Private room,,Regent Park (72),5,4.0,1,1.0,20.0,,43.662608,-79.356401,2017-03-12 13:07:49.446551
6079232,7109170,Private room,,South Riverdale (70),3,5.0,2,1.0,31.0,,43.658471,-79.347601,2017-03-12 13:07:49.438629
16460391,11414971,Private room,,Moss Park (73),6,5.0,2,1.0,41.0,,43.656856,-79.373438,2017-03-12 13:07:48.052425
15492327,95860165,Private room,,Moss Park (73),3,4.5,1,1.0,37.0,,43.6596,-79.372657,2017-03-12 13:07:48.046290
16377823,107273982,Private room,,Moss Park (73),24,4.5,2,1.0,32.0,,43.656709,-79.368698,2017-03-12 13:07:47.040689
17640863,107273982,Private room,,Moss Park (73),0,0.0,2,1.0,31.0,,43.65746,-79.370404,2017-03-12 13:07:47.034112
16961629,107273982,Private room,,Moss Park (73),0,0.0,2,1.0,31.0,,43.657114,-79.371079,2017-03-12 13:07:47.021746
17005993,737777,Private room,,Moss Park (73),2,0.0,2,1.0,34.0,,43.655191,-79.354671,2017-03-12 13:07:45.719132
17429730,99621603,Private room,,Greenwood-Coxwell (65),0,0.0,1,1.0,19.0,,43.670342,-79.318517,2017-03-12 13:07:45.717070
17149053,23358617,Private room,,Moss Park (73),0,0.0,2,1.0,31.0,,43.657341,-79.37398,2017-03-12 13:07:45.700707
236910,1241994,Private room,,Regent Park (72),41,5.0,1,1.0,26.0,,43.662164,-79.357378,2017-03-12 13:07:45.139151
13657750,79351799,Private room,,South Riverdale (70),7,5.0,2,1.0,31.0,,43.667246,-79.342177,2017-03-12 13:07:45.124775
12069793,64670238,Private room,,Regent Park (72),55,4.5,2,1.0,38.0,,43.659862,-79.361512,2017-03-12 13:07:43.885023
390395,1952926,Private room,,Regent Park (72),430,5.0,2,1.0,40.0,,43.657652,-79.362813,2017-03-12 13:07:42.619629
12753207,69358188,Private room,,South Riverdale (70),28,5.0,2,1.0,38.0,,43.660685,-79.340814,2017-03-12 13:07:42.616145
12025729,7153656,Private room,,Moss Park (73),49,5.0,1,1.0,37.0,,43.658652,-79.370027,2017-03-12 13:07:42.599611
12324764,12553608,Private room,,Briar Hill-Belgravia (108),0,0.0,1,1.0,38.0,,43.704813,-79.443626,2017-03-12 13:07:40.300246
9558303,44200012,Private room,,Mount Pleasant West (104),6,4.5,2,1.0,27.0,,43.697252,-79.392444,2017-03-12 13:07:40.297580
11827000,56130387,Private room,,Mount Pleasant West (104),0,0.0,1,1.0,37.0,,43.711196,-79.392574,2017-03-12 13:07:40.290580
16561221,109073723,Private room,,Roncesvalles (86),7,4.5,2,1.0,26.0,,43.642626,-79.44717,2017-03-12 13:10:31.370388
15229320,3068260,Private room,,Waterfront Communities-The Island (77),4,4.0,2,1.0,30.0,,43.639515,-79.396228,2017-03-12 13:10:30.374675
12383746,12926426,Private room,,Waterfront Communities-The Island (77),8,4.5,1,1.0,34.0,,43.639303,-79.398159,2017-03-12 13:10:30.371983
17406761,117695699,Private room,,Waterfront Communities-The Island (77),0,0.0,1,1.0,31.0,,43.639848,-79.397305,2017-03-12 13:10:30.369564
5964331,17225578,Private room,,South Parkdale (85),0,0.0,2,1.0,38.0,,43.641131,-79.431008,2017-03-12 13:10:30.364638
7839210,41298286,Private room,,Little Portugal (84),0,0.0,1,1.0,27.0,,43.641296,-79.422527,2017-03-12 13:10:30.357690
14611854,90680633,Private room,,Little Portugal (84),0,0.0,1,1.0,38.0,,43.642666,-79.422708,2017-03-12 13:10:30.354615
10511279,32351353,Private room,,Little Portugal (84),4,5.0,1,1.0,37.0,,43.646632,-79.424958,2017-03-12 13:10:30.345121
5604384,2156877,Private room,,Palmerston-Little Italy (80),20,4.5,2,1.0,38.0,,43.658287,-79.423921,2017-03-12 13:10:29.521368
5685884,27763113,Private room,,Trinity-Bellwoods (81),0,0.0,2,1.0,30.0,,43.649565,-79.42079,2017-03-12 13:10:29.516026
10879676,56367012,Private room,,Little Portugal (84),0,0.0,1,1.0,31.0,,43.642154,-79.42546,2017-03-12 13:10:29.507526
15248008,94848441,Private room,,Little Portugal (84),1,0.0,1,1.0,38.0,,43.651899,-79.42639,2017-03-12 13:10:28.322937
14466555,20382142,Private room,,Little Portugal (84),2,0.0,1,1.0,40.0,,43.649158,-79.425432,2017-03-12 13:10:28.320678
6642756,19239419,Private room,,Dufferin Grove (83),0,0.0,1,1.0,34.0,,43.654725,-79.426881,2017-03-12 13:10:28.313766
14180160,85896100,Private room,,South Parkdale (85),0,0.0,1,1.0,39.0,,43.640616,-79.423298,2017-03-12 13:10:28.311016
7789303,23161205,Private room,,Trinity-Bellwoods (81),1,0.0,2,1.0,29.0,,43.650995,-79.421767,2017-03-12 13:10:28.308493
3978115,3817220,Private room,,Palmerston-Little Italy (80),7,4.0,1,1.0,41.0,,43.655409,-79.418888,2017-03-12 13:10:26.632406
15099436,94848441,Private room,,Little Portugal (84),0,0.0,2,1.0,34.0,,43.652136,-79.42626,2017-03-12 13:10:26.622478
5714619,3503227,Private room,,Palmerston-Little Italy (80),29,5.0,2,1.0,38.0,,43.655792,-79.419389,2017-03-12 13:10:26.610382
8066810,4864605,Private room,,Trinity-Bellwoods (81),30,4.5,1,1.0,38.0,,43.645088,-79.419937,2017-03-12 13:10:26.607410
17437426,76169447,Private room,,Trinity-Bellwoods (81),0,0.0,2,1.0,38.0,,43.654165,-79.419635,2017-03-12 13:10:25.089787
15148597,67348605,Private room,,Niagara (82),11,5.0,1,1.0,37.0,,43.639397,-79.412452,2017-03-12 13:10:25.081460
10391853,36011100,Private room,,Trinity-Bellwoods (81),0,0.0,2,1.0,34.0,,43.647343,-79.408156,2017-03-12 13:10:23.730599
13943094,7341647,Private room,,Trinity-Bellwoods (81),1,0.0,1,1.0,32.0,,43.654503,-79.421569,2017-03-12 13:10:23.722111
5796015,731117,Private room,,Little Portugal (84),15,5.0,2,1.0,38.0,,43.646712,-79.425035,2017-03-12 13:10:23.719588
16499230,17649395,Private room,,Waterfront Communities-The Island (77),1,0.0,2,1.0,31.0,,43.640262,-79.397311,2017-03-12 13:10:23.101221
5030239,17221248,Private room,,South Parkdale (85),46,5.0,2,1.0,40.0,,43.639122,-79.428564,2017-03-12 13:10:23.096730
15378995,31814201,Private room,,Trinity-Bellwoods (81),0,0.0,2,1.0,37.0,,43.651705,-79.411402,2017-03-12 13:10:23.073467
7675020,8311901,Private room,,Palmerston-Little Italy (80),7,5.0,2,1.0,33.0,,43.65942,-79.416147,2017-03-12 13:10:21.628433
17486059,93317768,Private room,,Niagara (82),0,0.0,4,1.0,31.0,,43.639422,-79.416775,2017-03-12 13:10:20.347396
15231959,96822691,Private room,,Palmerston-Little Italy (80),0,0.0,1,1.0,23.0,,43.660337,-79.418423,2017-03-12 13:10:20.337169
5014752,7309634,Private room,,Little Portugal (84),3,5.0,4,1.0,38.0,,43.641831,-79.423819,2017-03-12 13:10:19.539321
14859970,71465348,Private room,,Little Portugal (84),12,4.5,1,1.0,27.0,,43.648367,-79.43065,2017-03-12 13:10:18.703655
12556575,2710928,Private room,,Trinity-Bellwoods (81),1,0.0,1,1.0,16.0,,43.654974,-79.412066,2017-03-12 13:10:18.693378
12954666,21812733,Private room,,Little Portugal (84),14,5.0,1,1.0,38.0,,43.642318,-79.422577,2017-03-12 13:10:17.546653
17124967,88890163,Private room,,South Parkdale (85),1,0.0,1,1.0,28.0,,43.63844,-79.428004,2017-03-12 13:10:17.539478
15432663,71984155,Private room,,Dovercourt-Wallace Emerson-Junction (93),1,0.0,1,1.0,21.0,,43.664183,-79.456211,2017-03-12 13:10:14.069667
15500244,75494096,Private room,,Caledonia-Fairbank (109),1,0.0,1,1.0,21.0,,43.691631,-79.450148,2017-03-12 13:10:14.067493
9049654,6397390,Private room,,Dovercourt-Wallace Emerson-Junction (93),3,5.0,1,1.0,31.0,,43.666719,-79.454652,2017-03-12 13:10:12.793182
5455641,28294874,Private room,,Dovercourt-Wallace Emerson-Junction (93),0,0.0,1,1.0,27.0,,43.663033,-79.440355,2017-03-12 13:10:12.790165
13334306,68397224,Private room,,Dovercourt-Wallace Emerson-Junction (93),0,0.0,1,1.0,31.0,,43.665313,-79.447266,2017-03-12 13:10:12.783486
9759940,50157583,Private room,,Weston-Pellam Park (91),0,0.0,2,1.0,31.0,,43.671252,-79.455926,2017-03-12 13:10:12.781253
5822110,30215154,Private room,,Dovercourt-Wallace Emerson-Junction (93),7,5.0,2,1.0,28.0,,43.664893,-79.437728,2017-03-12 13:10:12.778817
7163268,624908,Private room,,Dovercourt-Wallace Emerson-Junction (93),0,0.0,2,1.0,38.0,,43.668418,-79.446436,2017-03-12 13:10:12.772514
10428390,1507347,Private room,,Dovercourt-Wallace Emerson-Junction (93),0,0.0,1,1.0,22.0,,43.673214,-79.435255,2017-03-12 13:10:12.761711
1606092,8556532,Private room,,Corso Italia-Davenport (92),12,5.0,1,1.0,38.0,,43.673411,-79.445884,2017-03-12 13:10:12.758672
15664558,101141569,Private room,,Corso Italia-Davenport (92),2,0.0,2,1.0,27.0,,43.683094,-79.445084,2017-03-12 13:10:12.753850
4175337,12767398,Private room,,Dovercourt-Wallace Emerson-Junction (93),1,0.0,2,1.0,27.0,,43.666337,-79.446566,2017-03-12 13:10:11.077145
16415437,70853615,Private room,,Weston-Pellam Park (91),0,0.0,2,1.0,20.0,,43.670566,-79.458008,2017-03-12 13:10:11.071831
15195271,81174511,Private room,,Dovercourt-Wallace Emerson-Junction (93),1,0.0,1,1.0,31.0,,43.665793,-79.4466,2017-03-12 13:10:11.066514
15720960,3937134,Private room,,Weston-Pellam Park (91),0,0.0,2,1.0,31.0,,43.669453,-79.45773,2017-03-12 13:10:11.059697
15204934,71984155,Private room,,Dovercourt-Wallace Emerson-Junction (93),4,5.0,1,1.0,16.0,,43.665934,-79.457986,2017-03-12 13:10:09.990497
15485426,14702235,Private room,,Dovercourt-Wallace Emerson-Junction (93),1,0.0,4,1.0,38.0,,43.669636,-79.446836,2017-03-12 13:10:09.972143
9715990,50157583,Private room,,Weston-Pellam Park (91),2,0.0,2,1.0,34.0,,43.671533,-79.455591,2017-03-12 13:10:08.677030
712172,3609975,Private room,,Dovercourt-Wallace Emerson-Junction (93),53,4.5,2,1.0,38.0,,43.668124,-79.447639,2017-03-12 13:10:08.667650
15026845,23553077,Private room,,Dovercourt-Wallace Emerson-Junction (93),1,0.0,2,1.0,31.0,,43.666166,-79.423006,2017-03-12 13:10:08.664913
16631351,21868614,Private room,,Oakwood Village (107),0,0.0,2,1.0,34.0,,43.689936,-79.441787,2017-03-12 13:10:08.650863
17122830,41636288,Private room,,Weston-Pellam Park (91),0,0.0,2,1.0,30.0,,43.669695,-79.458701,2017-03-12 13:10:08.648510
6551770,19101597,Private room,,Dovercourt-Wallace Emerson-Junction (93),9,4.5,2,1.0,34.0,,43.665796,-79.458033,2017-03-12 13:10:07.077492
15327525,71984155,Private room,,Dovercourt-Wallace Emerson-Junction (93),3,4.5,1,1.0,21.0,,43.665896,-79.456272,2017-03-12 13:10:07.073629
17396653,95303598,Private room,,Dovercourt-Wallace Emerson-Junction (93),0,0.0,1,1.0,20.0,,43.661756,-79.435404,2017-03-12 13:10:06.208002
17430692,95303598,Private room,,Dovercourt-Wallace Emerson-Junction (93),0,0.0,2,1.0,25.0,,43.661931,-79.434999,2017-03-12 13:10:06.204125
14028210,82709101,Private room,,Corso Italia-Davenport (92),1,0.0,1,1.0,15.0,,43.679147,-79.440438,2017-03-12 13:10:06.175724
15411539,98650161,Private room,,Dovercourt-Wallace Emerson-Junction (93),0,0.0,2,1.0,38.0,,43.667099,-79.444312,2017-03-12 13:10:05.204940
15468937,13323951,Private room,,Oakwood Village (107),1,0.0,2,1.0,31.0,,43.692279,-79.444114,2017-03-12 13:10:05.187817
3027505,15420090,Private room,,Weston-Pellam Park (91),49,4.5,2,1.0,14.0,,43.670527,-79.451879,2017-03-12 13:10:04.100557
15336465,97767256,Private room,,Weston-Pellam Park (91),8,5.0,2,1.0,24.0,,43.674041,-79.457907,2017-03-12 13:10:04.093358
9113658,47493141,Private room,,Weston-Pellam Park (91),17,5.0,1,1.0,22.0,,43.673016,-79.454347,2017-03-12 13:10:03.004342
16915638,27839407,Private room,,Corso Italia-Davenport (92),0,0.0,2,1.0,23.0,,43.675499,-79.450222,2017-03-12 13:10:02.983185
6199020,4071040,Private room,,Humewood-Cedarvale (106),1,0.0,2,1.0,37.0,,43.68712,-79.428527,2017-03-12 13:10:01.002944
819957,4306694,Private room,,Dovercourt-Wallace Emerson-Junction (93),3,5.0,2,1.0,34.0,,43.667435,-79.429843,2017-03-12 13:10:01.000382
10574220,54545374,Private room,,Palmerston-Little Italy (80),0,0.0,2,1.0,41.0,,43.663084,-79.420381,2017-03-12 13:10:00.996390
1598460,3877380,Private room,,Humewood-Cedarvale (106),2,0.0,1,1.0,37.0,,43.683543,-79.419324,2017-03-12 13:10:00.986722
3820608,17054368,Private room,,Wychwood (94),5,3.5,2,1.0,20.0,,43.673743,-79.421363,2017-03-12 13:10:00.983595
6962831,36509050,Private room,,Wychwood (94),3,4.5,1,1.0,38.0,,43.680932,-79.419791,2017-03-12 13:09:59.759865
16098922,13130107,Private room,,Dovercourt-Wallace Emerson-Junction (93),0,0.0,1,1.0,31.0,,43.665922,-79.430307,2017-03-12 13:09:59.747383
12883667,819873,Private room,,Dovercourt-Wallace Emerson-Junction (93),3,5.0,2,1.0,38.0,,43.667556,-79.430026,2017-03-12 13:09:59.736766
16659553,77833288,Private room,,Wychwood (94),0,0.0,1,1.0,31.0,,43.674345,-79.43044,2017-03-12 13:09:59.732969
3344485,2910096,Private room,,Humewood-Cedarvale (106),0,0.0,2,1.0,34.0,,43.689369,-79.424345,2017-03-12 13:09:59.726866
7931353,4337306,Private room,,Dovercourt-Wallace Emerson-Junction (93),50,5.0,2,1.0,38.0,,43.661974,-79.428922,2017-03-12 13:09:58.367635
16376081,107256996,Private room,,Humewood-Cedarvale (106),0,0.0,1,2.0,38.0,,43.683763,-79.418627,2017-03-12 13:09:56.753121
7558765,20961608,Private room,,Wychwood (94),1,0.0,2,1.0,27.0,,43.682924,-79.420272,2017-03-12 13:09:56.745124
2959573,2107551,Private room,,Dovercourt-Wallace Emerson-Junction (93),5,5.0,2,1.0,31.0,,43.663572,-79.432144,2017-03-12 13:09:52.567181
16621515,103843653,Private room,,Dufferin Grove (83),0,0.0,1,1.0,33.0,,43.656174,-79.445874,2017-03-12 13:09:52.555595
8437799,35917227,Private room,,Dovercourt-Wallace Emerson-Junction (93),15,5.0,2,1.0,39.0,,43.667007,-79.436257,2017-03-12 13:09:52.543073
16443864,27763113,Private room,,Trinity-Bellwoods (81),3,4.5,2,1.0,30.0,,43.649744,-79.420864,2017-03-12 13:09:52.540595
4766996,24593822,Private room,,High Park-Swansea (87),5,4.5,1,1.0,38.0,,43.653055,-79.452253,2017-03-12 13:09:50.092034
13991835,71715448,Private room,,Little Portugal (84),2,0.0,1,1.0,31.0,,43.648715,-79.431996,2017-03-12 13:09:50.087797
3867747,6741120,Private room,,Little Portugal (84),24,4.5,2,1.0,31.0,,43.647334,-79.424715,2017-03-12 13:09:50.080090
10837500,54062486,Private room,,Corso Italia-Davenport (92),39,5.0,2,1.0,31.0,,43.683181,-79.451462,2017-03-12 13:09:50.076316
1101055,6048680,Private room,,Little Portugal (84),19,4.5,2,1.0,31.0,,43.650913,-79.43511,2017-03-12 13:09:48.784873
7797964,17619954,Private room,,Little Portugal (84),1,0.0,1,1.0,34.0,,43.650259,-79.426933,2017-03-12 13:09:48.782241
13891967,82282556,Private room,,Little Portugal (84),1,0.0,1,1.0,34.0,,43.652388,-79.427786,2017-03-12 13:09:48.779945
3112290,2156877,Private room,,Palmerston-Little Italy (80),2,0.0,1,1.0,34.0,,43.660795,-79.4239,2017-03-12 13:09:48.777351
7088564,15420090,Private room,,Weston-Pellam Park (91),24,4.0,2,1.0,34.0,,43.669052,-79.451018,2017-03-12 13:09:48.773655
12027825,846425,Private room,,Dovercourt-Wallace Emerson-Junction (93),4,3.5,1,1.0,35.0,,43.660638,-79.441281,2017-03-12 13:09:48.770015
99496,523995,Private room,,Little Portugal (84),21,5.0,1,1.0,23.0,,43.651331,-79.428207,2017-03-12 13:09:48.767861
13960623,21383659,Private room,,Palmerston-Little Italy (80),2,0.0,1,1.0,34.0,,43.660591,-79.424721,2017-03-12 13:09:48.763697
17400741,59346498,Private room,,Roncesvalles (86),0,0.0,1,1.0,23.0,,43.64459,-79.443444,2017-03-12 13:09:47.163561
16886529,17184815,Private room,,Roncesvalles (86),0,0.0,1,1.0,31.0,,43.645073,-79.447564,2017-03-12 13:09:47.161288
834150,3491443,Private room,,Little Portugal (84),32,5.0,2,1.0,34.0,,43.651318,-79.43274,2017-03-12 13:09:47.158330
7459897,13776257,Private room,,Dovercourt-Wallace Emerson-Junction (93),5,4.0,2,1.0,41.0,,43.666458,-79.423076,2017-03-12 13:09:47.153027
16443405,103843653,Private room,,Dufferin Grove (83),0,0.0,1,1.0,29.0,,43.656305,-79.4462,2017-03-12 13:09:47.146652
12782186,4160105,Private room,,Dovercourt-Wallace Emerson-Junction (93),10,4.0,2,1.0,38.0,,43.664892,-79.425648,2017-03-12 13:09:47.140068
16270034,106404538,Private room,,Roncesvalles (86),2,0.0,1,1.0,34.0,,43.650005,-79.444104,2017-03-12 13:09:47.137887
12976609,71425101,Private room,,Wychwood (94),7,4.0,2,1.0,31.0,,43.674906,-79.426997,2017-03-12 13:09:47.133954
10860693,34077626,Private room,,Dufferin Grove (83),4,5.0,1,1.0,34.0,,43.653736,-79.435868,2017-03-12 13:09:45.798941
9714673,7309634,Private room,,Little Portugal (84),31,4.5,2,1.0,38.0,,43.642634,-79.424445,2017-03-12 13:09:45.790266
2715099,4882632,Private room,,Palmerston-Little Italy (80),83,4.5,2,1.0,34.0,,43.656117,-79.422856,2017-03-12 13:09:45.777614
14914611,8626325,Private room,,Little Portugal (84),8,5.0,2,1.0,34.0,,43.642655,-79.42264,2017-03-12 13:09:44.505851
1032476,4882632,Private room,,Palmerston-Little Italy (80),99,4.5,1,1.0,27.0,,43.654749,-79.425655,2017-03-12 13:09:44.501762
4383695,4414228,Private room,,Roncesvalles (86),50,4.5,2,1.0,36.0,,43.651753,-79.446445,2017-03-12 13:09:44.495553
8473599,35013306,Private room,,High Park-Swansea (87),2,0.0,2,1.0,34.0,,43.653931,-79.451889,2017-03-12 13:09:44.493014
13203513,12767398,Private room,,Dovercourt-Wallace Emerson-Junction (93),2,0.0,2,1.0,25.0,,43.664947,-79.446605,2017-03-12 13:09:44.486771
9740702,41596014,Private room,,Little Portugal (84),18,4.5,2,1.0,34.0,,43.645359,-79.425253,2017-03-12 13:09:44.484700
4832927,24878559,Private room,,Roncesvalles (86),50,4.5,3,1.0,24.0,,43.655268,-79.451501,2017-03-12 13:09:44.478889
13189270,73207318,Private room,,Dufferin Grove (83),30,5.0,2,1.0,37.0,,43.65753,-79.441752,2017-03-12 13:09:43.434437
13700644,3146602,Private room,,Trinity-Bellwoods (81),1,0.0,2,1.0,28.0,,43.650381,-79.418827,2017-03-12 13:09:43.430845
14186978,85990524,Private room,,Dovercourt-Wallace Emerson-Junction (93),1,0.0,2,1.0,31.0,,43.667627,-79.440519,2017-03-12 13:09:43.428734
12064056,5845313,Private room,,Dovercourt-Wallace Emerson-Junction (93),0,0.0,1,1.0,38.0,,43.667198,-79.435765,2017-03-12 13:09:43.420858
17430391,95303598,Private room,,Dovercourt-Wallace Emerson-Junction (93),0,0.0,2,1.0,23.0,,43.660205,-79.43509,2017-03-12 13:09:43.415677
9294881,25178606,Private room,,High Park North (88),17,5.0,2,1.0,31.0,,43.656762,-79.45276,2017-03-12 13:09:43.412123
16090099,104871852,Private room,,Dovercourt-Wallace Emerson-Junction (93),0,0.0,1,1.0,25.0,,43.660346,-79.442757,2017-03-12 13:09:41.869160
8311863,43822486,Private room,,Dovercourt-Wallace Emerson-Junction (93),0,0.0,2,1.0,41.0,,43.667467,-79.4232,2017-03-12 13:09:41.867058
14094928,846425,Private room,,Dufferin Grove (83),4,4.5,1,1.0,33.0,,43.655424,-79.447648,2017-03-12 13:09:41.858770
14284252,27914391,Private room,,Little Portugal (84),2,0.0,2,1.0,34.0,,43.649971,-79.426311,2017-03-12 13:09:41.856617
11991173,52409264,Private room,,Corso Italia-Davenport (92),9,4.5,2,1.0,34.0,,43.674233,-79.448979,2017-03-12 13:09:41.852254
3993050,20698984,Private room,,Dovercourt-Wallace Emerson-Junction (93),9,5.0,2,1.0,31.0,,43.668157,-79.427034,2017-03-12 13:09:41.846237
13316989,10918804,Private room,,Little Portugal (84),0,0.0,2,1.0,26.0,,43.652255,-79.425926,2017-03-12 13:09:41.841934
8816413,46185099,Private room,,Little Portugal (84),7,4.5,2,1.0,34.0,,43.648101,-79.436714,2017-03-12 13:09:41.836952
5057600,9088066,Private room,,Palmerston-Little Italy (80),22,4.5,1,1.0,38.0,,43.654254,-79.4266,2017-03-12 13:09:40.324388
12773187,65240998,Private room,,Dufferin Grove (83),5,5.0,3,1.0,28.0,,43.656885,-79.44888,2017-03-12 13:09:40.321646
4464091,23161205,Private room,,Trinity-Bellwoods (81),4,5.0,2,1.0,31.0,,43.651146,-79.422781,2017-03-12 13:09:40.318100
6349262,2180020,Private room,,Palmerston-Little Italy (80),19,4.5,2,1.0,25.0,,43.661081,-79.423348,2017-03-12 13:09:40.312989
15067398,90757424,Private room,,Wychwood (94),4,4.0,3,1.0,20.0,,43.675098,-79.432653,2017-03-12 13:09:40.307723
4370749,22689864,Private room,,Dufferin Grove (83),4,5.0,2,1.0,34.0,,43.65928,-79.431113,2017-03-12 13:09:40.303815
10029246,35325697,Private room,,Little Portugal (84),0,0.0,2,1.0,34.0,,43.650455,-79.431822,2017-03-12 13:09:40.297019
17621133,21933230,Private room,,Little Portugal (84),1,0.0,2,1.0,34.0,,43.648848,-79.43581,2017-03-12 13:09:40.286549
13223929,12439400,Private room,,Dovercourt-Wallace Emerson-Junction (93),5,4.5,4,1.0,28.0,,43.664363,-79.450103,2017-03-12 13:09:38.963022
14135352,85295154,Private room,,Little Portugal (84),0,0.0,1,1.0,27.0,,43.647411,-79.429849,2017-03-12 13:09:38.960812
15195214,96484416,Private room,,Little Portugal (84),1,0.0,1,1.0,23.0,,43.649315,-79.438101,2017-03-12 13:09:38.958389
17382516,95303598,Private room,,Dovercourt-Wallace Emerson-Junction (93),0,0.0,2,1.0,23.0,,43.661831,-79.435067,2017-03-12 13:09:38.956054
9733724,50194316,Private room,,Palmerston-Little Italy (80),0,0.0,2,1.0,38.0,,43.660368,-79.423634,2017-03-12 13:09:38.952657
14215561,9356670,Private room,,Dovercourt-Wallace Emerson-Junction (93),0,0.0,1,1.0,23.0,,43.667063,-79.428178,2017-03-12 13:09:38.945051
10202680,52409264,Private room,,Corso Italia-Davenport (92),7,4.5,3,1.0,35.0,,43.674381,-79.448427,2017-03-12 13:09:38.939527
8524576,43313536,Private room,,Dovercourt-Wallace Emerson-Junction (93),13,4.5,1,1.0,33.0,,43.661045,-79.448619,2017-03-12 13:09:38.931384
1623915,7399238,Private room,,Little Portugal (84),75,5.0,2,1.0,36.0,,43.652023,-79.434094,2017-03-12 13:09:37.552990
15965521,103688712,Private room,,Trinity-Bellwoods (81),3,5.0,2,1.0,34.0,,43.650069,-79.42124,2017-03-12 13:09:37.550569
10751000,17412262,Private room,,Roncesvalles (86),25,4.5,2,1.0,22.0,,43.650081,-79.449617,2017-03-12 13:09:37.548285
12421456,67185985,Private room,,Palmerston-Little Italy (80),1,0.0,1,1.0,20.0,,43.660798,-79.418565,2017-03-12 13:09:37.545190
8794412,41707499,Private room,,Dovercourt-Wallace Emerson-Junction (93),40,5.0,1,1.0,31.0,,43.661902,-79.452328,2017-03-12 13:09:37.541975
15098727,12237662,Private room,,Dovercourt-Wallace Emerson-Junction (93),0,0.0,1,1.0,27.0,,43.666347,-79.425723,2017-03-12 13:09:37.531318
13871322,73857244,Private room,,Dovercourt-Wallace Emerson-Junction (93),2,0.0,1,1.0,20.0,,43.664288,-79.441088,2017-03-12 13:09:37.527837
14582812,29191212,Private room,,Little Portugal (84),3,5.0,3,1.0,34.0,,43.651548,-79.43409,2017-03-12 13:09:37.524124
17189444,109073723,Private room,,High Park-Swansea (87),0,0.0,2,1.0,28.0,,43.644526,-79.448957,2017-03-12 13:09:36.218520
10927460,17705073,Private room,,Palmerston-Little Italy (80),1,0.0,1,1.0,38.0,,43.659192,-79.41838,2017-03-12 13:09:36.208596
13798735,76222237,Private room,,Dovercourt-Wallace Emerson-Junction (93),7,4.0,2,1.0,31.0,,43.666584,-79.428669,2017-03-12 13:09:36.203078
16285339,27895063,Private room,,Dovercourt-Wallace Emerson-Junction (93),3,3.5,2,1.0,38.0,,43.668689,-79.427803,2017-03-12 13:09:34.777350
11081939,16081015,Private room,,Dovercourt-Wallace Emerson-Junction (93),4,5.0,2,1.0,27.0,,43.669367,-79.448872,2017-03-12 13:09:34.766881
6249530,1017461,Private room,,Dovercourt-Wallace Emerson-Junction (93),5,5.0,1,1.0,30.0,,43.664129,-79.44199,2017-03-12 13:09:34.754155
10752614,17412262,Private room,,Roncesvalles (86),34,4.5,3,1.0,22.0,,43.651215,-79.449745,2017-03-12 13:09:33.670390
1781231,9349836,Private room,,Dufferin Grove (83),155,4.5,2,1.0,27.0,,43.656137,-79.440003,2017-03-12 13:09:33.662990
14842735,68368527,Private room,,Dovercourt-Wallace Emerson-Junction (93),4,5.0,2,1.0,38.0,,43.667422,-79.427989,2017-03-12 13:09:33.659196
12755113,16421930,Private room,,Dovercourt-Wallace Emerson-Junction (93),21,5.0,2,1.0,37.0,,43.664246,-79.445712,2017-03-12 13:09:32.523277
15484691,61162026,Private room,,Corso Italia-Davenport (92),31,4.5,2,1.0,25.0,,43.679856,-79.448969,2017-03-12 13:09:32.519314
15390237,2671152,Private room,,Dovercourt-Wallace Emerson-Junction (93),5,5.0,2,1.0,37.0,,43.664401,-79.438748,2017-03-12 13:09:31.324420
13858319,4654077,Private room,,Little Portugal (84),5,4.0,2,1.0,36.0,,43.652251,-79.426846,2017-03-12 13:09:31.321851
8740736,3545730,Private room,,Little Portugal (84),70,5.0,2,1.0,31.0,,43.64745,-79.436851,2017-03-12 13:09:31.317963
270902,1417882,Private room,,Roncesvalles (86),55,5.0,1,1.0,35.0,,43.645498,-79.441893,2017-03-12 13:09:31.314370
7022166,3982580,Private room,,High Park North (88),59,5.0,3,1.0,37.0,,43.659491,-79.453811,2017-03-12 13:09:30.356187
6291219,13066292,Private room,,Little Portugal (84),53,4.5,2,1.0,38.0,,43.648281,-79.430352,2017-03-12 13:09:30.348407
10526539,39544470,Private room,,Little Portugal (84),29,4.5,2,1.0,23.0,,43.644268,-79.423376,2017-03-12 13:09:30.342558
9489341,49182518,Private room,,Palmerston-Little Italy (80),28,4.5,3,1.0,32.0,,43.659696,-79.422558,2017-03-12 13:09:30.339695
16930242,19326185,Private room,,Little Portugal (84),3,5.0,1,1.0,23.0,,43.646735,-79.426942,2017-03-12 13:09:27.931011
6544829,34231481,Private room,,Bay Street Corridor (76),9,4.0,1,1.0,38.0,,43.655689,-79.385204,2017-03-12 13:09:26.878008
8000996,618537,Private room,,Waterfront Communities-The Island (77),1,0.0,1,1.0,37.0,,43.637671,-79.391735,2017-03-12 13:09:26.875347
17281217,87929258,Private room,,Niagara (82),0,0.0,3,1.0,40.0,,43.639332,-79.414961,2017-03-12 13:09:26.871307
15880815,98442761,Private room,,Trinity-Bellwoods (81),0,0.0,2,1.0,38.0,,43.654279,-79.41358,2017-03-12 13:09:26.869147
9738747,10280450,Private room,,Bay Street Corridor (76),1,0.0,1,1.0,37.0,,43.659218,-79.384222,2017-03-12 13:09:25.516709
5047426,33031,Private room,,Trinity-Bellwoods (81),0,0.0,2,1.0,31.0,,43.648312,-79.404462,2017-03-12 13:09:25.498791
16631223,31611088,Private room,,University (79),0,0.0,1,1.0,34.0,,43.65895,-79.401806,2017-03-12 13:09:25.494884
2231471,9799344,Private room,,Trinity-Bellwoods (81),3,4.5,1,1.0,38.0,,43.64763,-79.408939,2017-03-12 13:09:23.334645
17310479,10352315,Private room,,Waterfront Communities-The Island (77),0,0.0,1,1.0,38.0,,43.640498,-79.391157,2017-03-12 13:09:23.326379
1975088,9503722,Private room,,Palmerston-Little Italy (80),46,4.5,2,1.0,41.0,,43.656506,-79.41364,2017-03-12 13:09:23.317320
13683684,19140652,Private room,,Waterfront Communities-The Island (77),0,0.0,1,1.0,31.0,,43.640733,-79.398684,2017-03-12 13:09:21.903047
12965083,64470479,Private room,,Trinity-Bellwoods (81),1,0.0,2,1.0,38.0,,43.650491,-79.413667,2017-03-12 13:09:21.889858
5670331,17149809,Private room,,Niagara (82),3,5.0,2,1.0,38.0,,43.642744,-79.415843,2017-03-12 13:09:21.218133
9564423,4813850,Private room,,Oakwood Village (107),2,0.0,1,1.0,31.0,,43.697444,-79.438962,2017-03-12 13:07:40.287171
15550265,92641156,Private room,,Briar Hill-Belgravia (108),0,0.0,2,1.0,27.0,,43.704065,-79.440922,2017-03-12 13:07:40.284435
12852689,70221397,Private room,,Briar Hill-Belgravia (108),1,0.0,2,1.0,34.0,,43.701313,-79.442834,2017-03-12 13:07:40.282319
7950935,40510045,Private room,,Forest Hill North (102),11,5.0,4,1.0,30.0,,43.707263,-79.422525,2017-03-12 13:07:40.274383
4520016,23433850,Private room,,Briar Hill-Belgravia (108),5,5.0,1,1.0,28.0,,43.700688,-79.441004,2017-03-12 13:07:40.270858
3593479,7927905,Private room,,Mount Pleasant West (104),1,0.0,2,1.0,31.0,,43.699392,-79.390202,2017-03-12 13:07:40.268603
4942179,25470996,Private room,,Briar Hill-Belgravia (108),0,0.0,2,1.0,31.0,,43.700215,-79.440489,2017-03-12 13:07:40.263816
7399906,38771965,Private room,,Mount Pleasant West (104),0,0.0,1,1.0,27.0,,43.710153,-79.392854,2017-03-12 13:07:39.036038
9295152,48258166,Private room,,Briar Hill-Belgravia (108),6,5.0,2,1.0,23.0,,43.698988,-79.445034,2017-03-12 13:07:39.033305
17300877,116725847,Private room,,Forest Hill North (102),0,0.0,1,1.0,34.0,,43.703776,-79.417799,2017-03-12 13:07:37.816699
15505059,9522894,Private room,,Mount Pleasant West (104),2,0.0,2,1.0,37.0,,43.712446,-79.394497,2017-03-12 13:07:37.814239
11583534,18834769,Private room,,Yonge-Eglinton (100),0,0.0,1,1.0,31.0,,43.706423,-79.399692,2017-03-12 13:07:37.798680
16162845,105496998,Private room,,Mount Pleasant West (104),1,0.0,2,1.0,37.0,,43.69746,-79.392634,2017-03-12 13:07:36.523028
4518854,15817100,Private room,,Lawrence Park North (105),0,0.0,2,1.0,34.0,,43.730127,-79.4087,2017-03-12 13:07:36.519364
13762926,80707021,Private room,,Briar Hill-Belgravia (108),3,5.0,2,1.0,32.0,,43.703594,-79.442041,2017-03-12 13:07:36.515573
13934873,52598398,Private room,,Englemount-Lawrence (32),10,4.5,1,1.0,38.0,,43.712782,-79.440057,2017-03-12 13:07:36.502655
14274297,46945259,Private room,,Briar Hill-Belgravia (108),10,4.5,2,1.0,18.0,,43.697941,-79.447389,2017-03-12 13:07:36.498583
15751675,101814389,Private room,,Englemount-Lawrence (32),2,0.0,1,1.0,31.0,,43.710128,-79.435514,2017-03-12 13:07:35.483980
17283660,116575754,Private room,,Forest Hill North (102),0,0.0,2,1.0,25.0,,43.708263,-79.425643,2017-03-12 13:07:35.466905
13839654,81659323,Private room,,Mount Pleasant West (104),12,5.0,2,1.0,31.0,,43.707557,-79.396487,2017-03-12 13:07:35.464650
8370787,16811022,Private room,,Clanton Park (33),29,5.0,2,1.0,33.0,,43.73644,-79.442425,2017-03-12 13:07:35.452286
3458400,17429756,Private room,,Mount Pleasant West (104),10,5.0,1,1.0,38.0,,43.707224,-79.392725,2017-03-12 13:07:34.167086
9549288,39476480,Private room,,Mount Pleasant West (104),31,4.5,3,1.0,24.0,,43.710574,-79.396548,2017-03-12 13:07:34.163558
1736407,9144639,Private room,,Thorncliffe Park (55),0,0.0,2,1.0,34.0,,43.714706,-79.356232,2017-03-12 13:07:32.274322
5333662,20945380,Private room,,Mount Pleasant East (99),1,0.0,2,1.0,37.0,,43.708993,-79.383888,2017-03-12 13:07:32.258753
9652513,15242046,Private room,,Woodbine-Lumsden (60),0,0.0,2,1.0,39.0,,43.695911,-79.30608,2017-03-12 13:07:32.252033
6742151,35303539,Private room,,O'Connor-Parkview (54),1,0.0,1,1.0,34.0,,43.704891,-79.304236,2017-03-12 13:07:32.240261
15843620,24881996,Private room,,Thorncliffe Park (55),0,0.0,2,1.0,23.0,,43.703848,-79.34087,2017-03-12 13:07:30.697838
1352390,494460,Private room,,Oakwood Village (107),7,4.5,1,1.0,27.0,,43.690113,-79.436848,2017-03-12 13:07:26.633428
2316010,11827037,Private room,,North St.James Town (74),1,0.0,1,1.0,34.0,,43.668819,-79.375238,2017-03-12 13:07:26.627698
11009319,57129847,Private room,,Wychwood (94),1,0.0,1,1.0,21.0,,43.680182,-79.432155,2017-03-12 13:07:26.624144
9275807,47982653,Private room,,Annex (95),7,3.5,2,1.0,37.0,,43.670754,-79.406092,2017-03-12 13:07:26.620578
14137840,21480515,Private room,,Dovercourt-Wallace Emerson-Junction (93),2,0.0,2,1.0,38.0,,43.665797,-79.432207,2017-03-12 13:07:26.616888
11634350,46024106,Private room,,Dovercourt-Wallace Emerson-Junction (93),13,4.5,2,1.0,34.0,,43.663486,-79.436157,2017-03-12 13:07:26.614083
14321146,4013498,Private room,,Wychwood (94),16,4.5,2,1.0,38.0,,43.675439,-79.424033,2017-03-12 13:07:26.606163
9875956,3875615,Private room,,Cabbagetown-South St.James Town (71),3,4.5,1,1.0,36.0,,43.666264,-79.371713,2017-03-12 13:07:26.604060
16675128,80502860,Private room,,Annex (95),0,0.0,1,1.0,29.0,,43.672124,-79.407814,2017-03-12 13:07:24.463163
9282702,22211053,Private room,,Blake-Jones (69),1,0.0,3,1.0,31.0,,43.673309,-79.341914,2017-03-12 13:07:24.460494
14162411,41503522,Private room,,University (79),2,0.0,1,1.0,31.0,,43.659159,-79.408334,2017-03-12 13:07:24.456500
17387577,57864528,Private room,,Dovercourt-Wallace Emerson-Junction (93),0,0.0,1,1.0,34.0,,43.664689,-79.430891,2017-03-12 13:07:24.452544
7634857,40052858,Private room,,Danforth (66),97,5.0,2,1.0,37.0,,43.682477,-79.331509,2017-03-12 13:07:24.448047
16595081,8153488,Private room,,Church-Yonge Corridor (75),2,0.0,2,1.0,34.0,,43.6679,-79.380863,2017-03-12 13:07:24.445827
11900764,51108566,Private room,,Bay Street Corridor (76),0,0.0,2,1.0,31.0,,43.658844,-79.384987,2017-03-12 13:07:24.440041
13019989,69398835,Private room,,Casa Loma (96),5,2.5,1,1.0,31.0,,43.683026,-79.406961,2017-03-12 13:07:24.437967
791485,4169949,Private room,,Blake-Jones (69),40,4.5,2,1.0,37.0,,43.674209,-79.341798,2017-03-12 13:07:24.435201
4150599,2440089,Private room,,Dovercourt-Wallace Emerson-Junction (93),2,0.0,2,1.0,27.0,,43.659957,-79.437034,2017-03-12 13:07:24.432502
17039857,28385248,Private room,,Oakwood Village (107),0,0.0,1,1.0,27.0,,43.679936,-79.437924,2017-03-12 13:07:24.430277
6939824,34390150,Private room,,University (79),2,0.0,1,1.0,27.0,,43.664743,-79.410695,2017-03-12 13:07:24.427623
9109308,47477496,Private room,,North St.James Town (74),12,4.5,1,1.0,38.0,,43.670567,-79.377647,2017-03-12 13:07:23.036133
14585169,90417381,Private room,,South Riverdale (70),17,4.5,2,1.0,38.0,,43.664052,-79.342435,2017-03-12 13:07:23.027734
12888237,70544007,Private room,,Dufferin Grove (83),2,0.0,1,1.0,20.0,,43.659701,-79.435723,2017-03-12 13:07:23.024918
11148329,46024106,Private room,,Dovercourt-Wallace Emerson-Junction (93),29,4.5,2,1.0,31.0,,43.664254,-79.436869,2017-03-12 13:07:23.016432
9281502,47329425,Private room,,Palmerston-Little Italy (80),34,5.0,1,1.0,39.0,,43.662908,-79.417482,2017-03-12 13:07:23.012920
13644260,77324004,Private room,,Bay Street Corridor (76),1,0.0,1,1.0,31.0,,43.668957,-79.389904,2017-03-12 13:07:23.009843
12976815,71425101,Private room,,Wychwood (94),9,4.5,1,1.0,23.0,,43.675387,-79.428339,2017-03-12 13:07:23.006457
17221168,101137706,Private room,,Church-Yonge Corridor (75),2,0.0,1,1.0,27.0,,43.658296,-79.377441,2017-03-12 13:07:23.002285
7697063,2440089,Private room,,Dovercourt-Wallace Emerson-Junction (93),29,5.0,1,1.0,38.0,,43.65971,-79.437927,2017-03-12 13:07:21.536194
16870835,73171889,Private room,,Annex (95),0,0.0,2,0.0,21.0,,43.672584,-79.410741,2017-03-12 13:07:21.533975
13979783,83396708,Private room,,Corso Italia-Davenport (92),0,0.0,1,1.0,23.0,,43.676191,-79.435693,2017-03-12 13:07:21.531160
4282372,21975497,Private room,,Oakwood Village (107),65,4.5,2,1.0,34.0,,43.680993,-79.436868,2017-03-12 13:07:21.518211
8219637,2440089,Private room,,Dovercourt-Wallace Emerson-Junction (93),26,4.5,1,1.0,37.0,,43.661318,-79.437136,2017-03-12 13:07:21.515115
14074914,14964549,Private room,,Playter Estates-Danforth (67),2,0.0,2,1.0,31.0,,43.680898,-79.346386,2017-03-12 13:07:21.509692
16173941,71465348,Private room,,Humewood-Cedarvale (106),2,0.0,1,1.0,23.0,,43.687408,-79.424965,2017-03-12 13:07:21.498125
5671121,28180980,Private room,,South Riverdale (70),36,5.0,1,1.0,38.0,,43.660956,-79.348286,2017-03-12 13:07:20.015094
12482829,40856029,Private room,,Blake-Jones (69),25,5.0,2,1.0,34.0,,43.677984,-79.337228,2017-03-12 13:07:20.012835
8344675,43985715,Private room,,Bay Street Corridor (76),15,4.5,3,1.0,33.0,,43.667498,-79.38825,2017-03-12 13:07:20.010435
12977096,71425101,Private room,,Wychwood (94),19,4.5,1,1.0,27.0,,43.673547,-79.426336,2017-03-12 13:07:20.008008
15301956,30745282,Private room,,North St.James Town (74),2,0.0,3,1.0,38.0,,43.666473,-79.376599,2017-03-12 13:07:20.003017
15112748,26489393,Private room,,Danforth East York (59),2,0.0,2,1.0,40.0,,43.689566,-79.329853,2017-03-12 13:07:19.998401
13417473,59749138,Private room,,Playter Estates-Danforth (67),1,0.0,2,1.0,32.0,,43.680273,-79.353499,2017-03-12 13:07:19.996312
14925796,93169987,Private room,,Annex (95),10,5.0,2,1.0,36.0,,43.674613,-79.408499,2017-03-12 13:07:19.993840
16272982,71465348,Private room,,Humewood-Cedarvale (106),0,0.0,1,1.0,25.0,,43.689549,-79.427753,2017-03-12 13:07:19.987426
17547600,14985002,Private room,,North St.James Town (74),0,0.0,1,1.0,33.0,,43.670573,-79.374842,2017-03-12 13:07:19.985210
13935699,27646841,Private room,,Annex (95),1,0.0,2,1.0,25.0,,43.673097,-79.40263,2017-03-12 13:07:18.195819
15207716,51866658,Private room,,Dovercourt-Wallace Emerson-Junction (93),11,5.0,2,1.0,38.0,,43.66408,-79.436948,2017-03-12 13:07:18.193789
13199017,494460,Private room,,Oakwood Village (107),2,0.0,1,1.0,20.0,,43.689312,-79.436019,2017-03-12 13:07:18.191563
918623,4933919,Private room,,Blake-Jones (69),57,5.0,1,1.0,35.0,,43.675135,-79.342627,2017-03-12 13:07:18.189353
11475875,60387068,Private room,,Mount Pleasant East (99),0,0.0,2,1.0,35.0,,43.708508,-79.38466,2017-03-12 13:07:18.185893
15271656,1972247,Private room,,Yonge-St.Clair (97),5,5.0,1,1.0,34.0,,43.695141,-79.401181,2017-03-12 13:07:18.181210
14858398,41741196,Private room,,South Riverdale (70),18,5.0,2,1.0,27.0,,43.661866,-79.33014,2017-03-12 13:07:18.178988
1552251,8267190,Private room,,Annex (95),21,5.0,2,1.0,37.0,,43.669027,-79.417004,2017-03-12 13:07:18.176169
15580897,40984205,Private room,,Church-Yonge Corridor (75),7,2.5,2,1.0,29.0,,43.668159,-79.383219,2017-03-12 13:07:18.172307
11660011,43985715,Private room,,Bay Street Corridor (76),11,4.5,3,1.0,34.0,,43.667624,-79.387094,2017-03-12 13:07:18.168333
17047405,114423258,Private room,,Woodbine Corridor (64),0,0.0,2,1.0,30.0,,43.66997,-79.315433,2017-03-12 13:07:18.166338
6671950,17983494,Private room,,Annex (95),5,5.0,2,1.0,37.0,,43.670333,-79.413115,2017-03-12 13:07:18.160831
3264806,178067,Private room,,Forest Hill South (101),8,4.5,2,1.0,36.0,,43.688269,-79.419735,2017-03-12 13:07:18.157940
1785285,8267190,Private room,,Annex (95),27,5.0,1,1.0,37.0,,43.670218,-79.415382,2017-03-12 13:07:18.153370
16195047,104967828,Private room,,Annex (95),1,0.0,1,1.0,27.0,,43.671632,-79.419535,2017-03-12 13:07:16.504749
12840509,16442325,Private room,,Humewood-Cedarvale (106),5,4.5,2,1.0,31.0,,43.686773,-79.424353,2017-03-12 13:07:16.499417
17158906,6530361,Private room,,Bay Street Corridor (76),0,0.0,1,1.0,38.0,,43.667295,-79.387921,2017-03-12 13:07:16.489278
16505128,82285738,Private room,,Church-Yonge Corridor (75),14,4.5,1,2.0,37.0,,43.659402,-79.381186,2017-03-12 13:07:16.486803
1510402,4297691,Private room,,Dufferin Grove (83),150,4.5,2,1.0,32.0,,43.659743,-79.435454,2017-03-12 13:07:16.480880
7291032,3459639,Private room,,Moss Park (73),9,5.0,2,1.0,41.0,,43.659141,-79.367787,2017-03-12 13:07:16.477877
10106814,51866658,Private room,,Dovercourt-Wallace Emerson-Junction (93),8,5.0,2,1.0,38.0,,43.662435,-79.435423,2017-03-12 13:07:16.475331
4003821,7068766,Private room,,Casa Loma (96),56,5.0,3,1.0,37.0,,43.680457,-79.411332,2017-03-12 13:07:16.470430
15851128,60840840,Private room,,Palmerston-Little Italy (80),0,0.0,2,1.0,38.0,,43.660196,-79.419652,2017-03-12 13:07:16.468240
13637623,26743967,Private room,,Annex (95),3,4.0,1,1.0,38.0,,43.669215,-79.403869,2017-03-12 13:07:16.465358
15781300,17729077,Private room,,South Riverdale (70),6,3.5,2,1.0,31.0,,43.663862,-79.353189,2017-03-12 13:07:14.869499
16767068,15829435,Private room,,Annex (95),0,0.0,2,1.0,28.0,,43.667701,-79.413383,2017-03-12 13:07:14.865891
13672160,26743967,Private room,,Annex (95),3,3.5,1,1.0,38.0,,43.667608,-79.404907,2017-03-12 13:07:14.862164
15759508,47183153,Private room,,Palmerston-Little Italy (80),0,0.0,1,1.0,40.0,,43.661019,-79.412057,2017-03-12 13:07:14.857951
15999265,40984205,Private room,,Cabbagetown-South St.James Town (71),1,0.0,2,1.0,28.0,,43.669523,-79.367632,2017-03-12 13:07:14.855751
17573654,52477674,Private room,,Danforth (66),0,0.0,1,1.0,31.0,,43.685333,-79.318538,2017-03-12 13:07:14.852159
6522598,34111265,Private room,,Broadview North (57),8,5.0,1,1.0,34.0,,43.682585,-79.357134,2017-03-12 13:07:14.849394
3924483,6146909,Private room,,Humewood-Cedarvale (106),3,4.5,2,1.0,38.0,,43.685443,-79.419571,2017-03-12 13:07:14.847311
17495446,24005943,Private room,,Wychwood (94),0,0.0,1,1.0,28.0,,43.681402,-79.423021,2017-03-12 13:07:14.840347
280249,1367540,Private room,,Moss Park (73),132,4.0,2,1.0,38.0,,43.658306,-79.368846,2017-03-12 13:07:14.835914
16598731,65587680,Private room,,Wychwood (94),2,0.0,2,0.0,34.0,,43.676357,-79.43153,2017-03-12 13:07:14.833860
16353063,178067,Private room,,Forest Hill South (101),0,0.0,2,1.0,37.0,,43.687944,-79.418979,2017-03-12 13:07:14.831100
13390040,16854683,Private room,,Mount Pleasant West (104),2,0.0,1,1.0,27.0,,43.705683,-79.393024,2017-03-12 13:07:13.129911
16925172,29886037,Private room,,North St.James Town (74),0,0.0,2,1.0,38.0,,43.670606,-79.379862,2017-03-12 13:07:13.123785
17107920,98614043,Private room,,North St.James Town (74),0,0.0,2,2.0,38.0,,43.669518,-79.372187,2017-03-12 13:07:13.119702
15097525,62171477,Private room,,Old East York (58),3,4.5,2,1.0,37.0,,43.694086,-79.349676,2017-03-12 13:07:13.117336
12815035,49224579,Private room,,Mount Pleasant East (99),24,4.5,2,1.0,41.0,,43.714957,-79.400022,2017-03-12 13:07:13.113043
15831748,39405053,Private room,,North St.James Town (74),5,5.0,2,1.0,34.0,,43.671572,-79.377336,2017-03-12 13:07:13.110751
14524161,81745822,Private room,,Bay Street Corridor (76),11,5.0,1,1.0,31.0,,43.659755,-79.385644,2017-03-12 13:07:13.108465
15799875,101982678,Private room,,Dovercourt-Wallace Emerson-Junction (93),14,5.0,2,1.0,23.0,,43.672941,-79.437742,2017-03-12 13:07:13.102117
11158928,6016084,Private room,,Wychwood (94),1,0.0,2,1.0,33.0,,43.681646,-79.420369,2017-03-12 13:07:13.095367
8624751,45365650,Private room,,Dovercourt-Wallace Emerson-Junction (93),13,5.0,1,1.0,38.0,,43.667653,-79.434496,2017-03-12 13:07:11.454542
14870398,36819328,Private room,,University (79),11,4.5,2,1.0,37.0,,43.664535,-79.40167,2017-03-12 13:07:11.451886
16843075,112139247,Private room,,North St.James Town (74),0,0.0,2,1.0,36.0,,43.671105,-79.377918,2017-03-12 13:07:11.446714
5825038,7379734,Private room,,South Riverdale (70),122,5.0,2,1.0,38.0,,43.668801,-79.332355,2017-03-12 13:07:11.435239
4255275,21378321,Private room,,Woodbine Corridor (64),90,5.0,1,1.0,40.0,,43.683281,-79.32004,2017-03-12 13:07:10.039580
17602881,48948111,Private room,,Cabbagetown-South St.James Town (71),0,0.0,1,1.0,33.0,,43.666391,-79.372364,2017-03-12 13:07:10.034874
13729013,80294078,Private room,,South Riverdale (70),3,3.0,1,1.0,20.0,,43.667709,-79.339429,2017-03-12 13:07:10.032280
16542028,85748426,Private room,,Cabbagetown-South St.James Town (71),1,0.0,1,0.0,27.0,,43.667373,-79.371314,2017-03-12 13:07:10.018473
15337294,95860165,Private room,,Moss Park (73),5,4.0,1,1.0,37.0,,43.659265,-79.372635,2017-03-12 13:07:10.009426
10551154,54400813,Private room,,Playter Estates-Danforth (67),8,5.0,1,1.0,28.0,,43.67883,-79.355374,2017-03-12 13:07:10.006852
6154561,74582,Private room,,University (79),77,4.5,1,1.0,37.0,,43.661373,-79.407156,2017-03-12 13:07:10.001373
17109867,114895307,Private room,,North Riverdale (68),0,0.0,1,1.0,20.0,,43.671612,-79.341901,2017-03-12 13:07:08.744667
3731464,878964,Private room,,Blake-Jones (69),46,5.0,2,1.0,38.0,,43.676429,-79.343297,2017-03-12 13:07:08.742478
16101911,104967828,Private room,,Annex (95),6,5.0,1,1.0,27.0,,43.670724,-79.420401,2017-03-12 13:07:08.724575
5290930,20116393,Private room,,Cabbagetown-South St.James Town (71),12,5.0,1,1.0,38.0,,43.666019,-79.375039,2017-03-12 13:07:08.722085
14859501,41741196,Private room,,South Riverdale (70),20,5.0,1,1.0,25.0,,43.662054,-79.330307,2017-03-12 13:07:08.165499
6511295,17983494,Private room,,Annex (95),24,5.0,1,1.0,31.0,,43.669849,-79.41428,2017-03-12 13:07:08.162532
16851981,36753767,Private room,,Bay Street Corridor (76),2,0.0,2,1.0,34.0,,43.659898,-79.384791,2017-03-12 13:07:08.160233
7037857,33313723,Private room,,North Riverdale (68),11,5.0,2,1.0,38.0,,43.673885,-79.348442,2017-03-12 13:07:08.155920
15760614,38621132,Private room,,Bay Street Corridor (76),9,5.0,1,1.0,26.0,,43.666064,-79.386406,2017-03-12 13:07:08.153631
13837291,81631818,Private room,,Woodbine Corridor (64),16,5.0,2,1.0,38.0,,43.682275,-79.31819,2017-03-12 13:07:08.135108
9695806,8954,Private room,,Humewood-Cedarvale (106),0,0.0,2,1.0,27.0,,43.683639,-79.418639,2017-03-12 13:07:08.132087
17500503,33073571,Private room,,Church-Yonge Corridor (75),0,0.0,1,1.0,27.0,,43.659937,-79.380778,2017-03-12 13:07:08.129476
14122952,80572624,Private room,,Cabbagetown-South St.James Town (71),52,5.0,1,1.0,29.0,,43.667872,-79.36904,2017-03-12 13:07:07.101028
15523149,4010627,Private room,,North St.James Town (74),27,4.5,3,1.0,27.0,,43.669987,-79.374046,2017-03-12 13:07:07.097017
12007571,55136561,Private room,,Church-Yonge Corridor (75),59,4.5,1,1.0,34.0,,43.66946,-79.385964,2017-03-12 13:07:07.094112
13675899,49224579,Private room,,Lawrence Park South (103),19,4.5,2,1.0,40.0,,43.715032,-79.400542,2017-03-12 13:07:07.091387
17176267,115071828,Private room,,Cabbagetown-South St.James Town (71),4,5.0,2,1.0,31.0,,43.665707,-79.375017,2017-03-12 13:07:07.084175
16439369,107800575,Private room,,Casa Loma (96),9,4.0,1,1.0,24.0,,43.682668,-79.410647,2017-03-12 13:07:07.076549
8173710,7016648,Private room,,Mount Pleasant West (104),7,4.5,1,1.0,24.0,,43.705924,-79.394166,2017-03-12 13:07:07.074085
11768697,62642681,Private room,,Yonge-St.Clair (97),0,0.0,1,1.0,23.0,,43.691462,-79.396144,2017-03-12 13:07:07.071507
8535400,41375304,Private room,,Dorset Park (126),0,0.0,1,1.0,31.0,,43.750549,-79.269304,2017-03-12 13:05:45.584499
13039599,72109117,Private room,,Scarborough Village (139),0,0.0,1,1.0,15.0,,43.742343,-79.218263,2017-03-12 13:05:45.574146
9805552,50521207,Private room,,Banbury-Don Mills (42),0,0.0,2,1.0,31.0,,43.727029,-79.330242,2017-03-12 13:05:44.819355
15699794,84352868,Private room,,Ionview (125),0,0.0,2,1.0,29.0,,43.730571,-79.272887,2017-03-12 13:05:44.805017
14488179,86318056,Private room,,Wexford/Maryvale (119),0,0.0,1,1.0,27.0,,43.75172,-79.296211,2017-03-12 13:05:44.134706
9678743,1541602,Private room,,Dorset Park (126),2,0.0,2,1.0,34.0,,43.74504,-79.27421,2017-03-12 13:05:42.551863
15232597,96825489,Private room,,Bendale (127),1,0.0,1,1.0,27.0,,43.757168,-79.248974,2017-03-12 13:05:39.161734
15273121,97179562,Private room,,East End-Danforth (62),0,0.0,1,2.0,27.0,,43.688097,-79.300479,2017-03-12 13:05:31.157212
7833833,33754120,Private room,,Birchcliffe-Cliffside (122),18,4.5,1,1.0,16.0,,43.678466,-79.281136,2017-03-12 13:05:31.155040
13562809,2884414,Private room,,Yonge-St.Clair (97),0,0.0,2,1.0,38.0,,43.691498,-79.396692,2017-03-12 13:05:31.147481
13752292,36222126,Private room,,Lawrence Park South (103),2,0.0,2,1.0,38.0,,43.71968,-79.397916,2017-03-12 13:05:31.145422
14978044,94366470,Private room,,Birchcliffe-Cliffside (122),1,0.0,2,1.0,34.0,,43.690654,-79.268485,2017-03-12 13:05:31.143315
14979781,13893030,Private room,,Birchcliffe-Cliffside (122),3,4.5,2,1.0,34.0,,43.690135,-79.283451,2017-03-12 13:05:29.621691
13353622,75716698,Private room,,Greenwood-Coxwell (65),13,5.0,2,1.0,27.0,,43.680097,-79.329664,2017-03-12 13:05:29.615599
16029773,13893030,Private room,,Taylor-Massey (61),1,0.0,2,1.0,34.0,,43.690268,-79.288087,2017-03-12 13:05:29.606359
3720688,18832980,Private room,,Yonge-St.Clair (97),6,5.0,2,1.0,29.0,,43.682604,-79.399042,2017-03-12 13:05:27.374991
15099218,13893030,Private room,,Oakridge (121),1,0.0,1,1.0,34.0,,43.691732,-79.284015,2017-03-12 13:05:27.372840
14573562,90303469,Private room,,Danforth East York (59),0,0.0,1,1.0,34.0,,43.690008,-79.340822,2017-03-12 13:05:27.370607
13958235,83141607,Private room,,Broadview North (57),3,4.5,2,1.0,27.0,,43.685965,-79.35557,2017-03-12 13:05:27.358223
15872351,24336715,Private room,,Danforth East York (59),2,0.0,1,1.0,27.0,,43.686374,-79.313574,2017-03-12 13:05:27.356200
16087589,30703482,Private room,,Banbury-Don Mills (42),0,0.0,1,1.0,38.0,,43.726852,-79.339729,2017-03-12 13:05:27.352373
5637391,3569171,Private room,,The Beaches (63),0,0.0,2,1.0,27.0,,43.679407,-79.287402,2017-03-12 13:05:25.892490
8084296,28288272,Private room,,Greenwood-Coxwell (65),5,5.0,1,1.0,25.0,,43.679624,-79.322646,2017-03-12 13:05:25.886541
16113248,103569321,Private room,,Ionview (125),4,4.5,5,1.0,27.0,,43.728492,-79.271756,2017-03-12 13:05:25.879476
11298770,39176060,Private room,,Mount Pleasant West (104),27,5.0,2,1.0,41.0,,43.709459,-79.396708,2017-03-12 13:05:25.875076
13256555,11710810,Private room,,Annex (95),20,5.0,2,1.0,37.0,,43.672235,-79.411992,2017-03-12 13:05:24.493120
15144132,15136743,Private room,,Bedford Park-Nortown (39),0,0.0,1,1.0,30.0,,43.736253,-79.412243,2017-03-12 13:05:24.478465
3076007,13893030,Private room,,Oakridge (121),11,4.5,2,1.0,34.0,,43.69037,-79.287973,2017-03-12 13:05:24.474059
6463230,33754120,Private room,,Birchcliffe-Cliffside (122),35,4.5,2,1.0,21.0,,43.676965,-79.281152,2017-03-12 13:05:24.465789
16638021,109930583,Private room,,Taylor-Massey (61),0,0.0,2,1.0,27.0,,43.696416,-79.293326,2017-03-12 13:05:23.075029
654765,2748677,Private room,,Woodbine-Lumsden (60),50,4.5,3,1.0,29.0,,43.698792,-79.318423,2017-03-12 13:05:23.067381
4449311,9096123,Private room,,Ionview (125),5,5.0,2,1.0,29.0,,43.740575,-79.27619,2017-03-12 13:05:23.057884
17610037,58847907,Private room,,Ionview (125),0,0.0,2,1.0,38.0,,43.728741,-79.270409,2017-03-12 13:05:23.051303
7711909,30593040,Private room,,East End-Danforth (62),17,5.0,1,1.0,25.0,,43.68262,-79.296098,2017-03-12 13:05:23.047287
13459966,69848337,Private room,,Clairlea-Birchmount (120),4,5.0,1,1.0,38.0,,43.713679,-79.280464,2017-03-12 13:05:21.902235
14828027,58847907,Private room,,Ionview (125),1,0.0,2,1.0,38.0,,43.732494,-79.267431,2017-03-12 13:05:21.899699
6722677,10991379,Private room,,Mount Pleasant West (104),8,5.0,2,1.0,27.0,,43.699596,-79.393121,2017-03-12 13:05:21.880804
2478662,11206244,Private room,,Oakridge (121),18,5.0,1,1.0,29.0,,43.698849,-79.2765,2017-03-12 13:05:20.672698
13334249,58771991,Private room,,Danforth (66),28,5.0,1,1.0,38.0,,43.684832,-79.316916,2017-03-12 13:05:20.669043
6660859,34863606,Private room,,Woodbine-Lumsden (60),16,4.5,2,1.0,36.0,,43.694429,-79.315642,2017-03-12 13:05:20.659892
14340736,83380695,Private room,,Mount Pleasant West (104),1,0.0,2,1.0,31.0,,43.71054,-79.398044,2017-03-12 13:05:20.648801
14991321,13893030,Private room,,Oakridge (121),7,4.5,1,1.0,34.0,,43.692085,-79.284119,2017-03-12 13:05:20.646440
17624907,106978760,Private room,,Forest Hill South (101),0,0.0,3,2.0,29.0,,43.688246,-79.419252,2017-03-12 13:05:20.643924
14374351,45411700,Private room,,O'Connor-Parkview (54),6,5.0,2,1.0,27.0,,43.698882,-79.299228,2017-03-12 13:05:19.277105
14760196,71585376,Private room,,Cliffcrest (123),3,4.5,2,1.0,37.0,,43.717459,-79.249515,2017-03-12 13:05:19.272328
10359913,53320143,Private room,,Taylor-Massey (61),0,0.0,1,1.0,31.0,,43.694775,-79.301355,2017-03-12 13:05:19.258403
14961038,93741522,Private room,,Danforth East York (59),11,5.0,1,1.0,34.0,,43.694226,-79.325325,2017-03-12 13:05:19.251589
14220174,86389005,Private room,,O'Connor-Parkview (54),10,5.0,2,1.0,38.0,,43.699603,-79.298585,2017-03-12 13:05:17.824162
12639499,35913326,Private room,,Woodbine-Lumsden (60),5,5.0,2,1.0,39.0,,43.687747,-79.312701,2017-03-12 13:05:17.817448
8933450,30706998,Private room,,Mount Pleasant West (104),1,0.0,1,1.0,27.0,,43.710959,-79.392457,2017-03-12 13:05:17.810932
16740986,21253164,Private room,,East End-Danforth (62),0,0.0,1,1.0,31.0,,43.682093,-79.300363,2017-03-12 13:05:17.808234
1016392,2748677,Private room,,Woodbine-Lumsden (60),28,4.0,3,1.0,29.0,,43.698464,-79.317803,2017-03-12 13:05:17.797918
14057394,84352868,Private room,,Ionview (125),15,4.5,4,1.0,27.0,,43.730837,-79.268859,2017-03-12 13:05:17.792780
4016863,20828116,Private room,,Ionview (125),8,5.0,1,1.0,23.0,,43.731852,-79.269207,2017-03-12 13:05:16.498688
11609505,30597584,Private room,,East End-Danforth (62),1,0.0,1,1.0,20.0,,43.687918,-79.307344,2017-03-12 13:05:16.482754
17157568,8001562,Private room,,Yonge-St.Clair (97),0,0.0,4,1.0,10.0,,43.69423,-79.396936,2017-03-12 13:05:15.892131
14302138,87373122,Private room,,Banbury-Don Mills (42),6,0.0,3,1.0,27.0,,43.742619,-79.351881,2017-03-12 13:05:15.860413
17256938,54804029,Private room,,Danforth (66),1,0.0,1,1.0,22.0,,43.685928,-79.326427,2017-03-12 13:05:14.285126
3874907,20020216,Private room,,Yonge-St.Clair (97),88,4.5,3,1.0,20.0,,43.694037,-79.398371,2017-03-12 13:05:14.269534
12852739,70222151,Private room,,Thorncliffe Park (55),11,4.0,2,1.0,30.0,,43.708919,-79.339737,2017-03-12 13:05:12.854099
4164811,16471038,Private room,,Clairlea-Birchmount (120),41,5.0,2,1.0,35.0,,43.701583,-79.276132,2017-03-12 13:05:12.844750
16838562,62687078,Private room,,Mount Pleasant East (99),2,0.0,1,1.0,26.0,,43.696405,-79.387203,2017-03-12 13:05:11.398706
4016582,11206244,Private room,,Oakridge (121),7,5.0,1,1.0,30.0,,43.700478,-79.278411,2017-03-12 13:05:10.034209
17405344,2216857,Private room,,Annex (95),1,0.0,2,1.0,28.0,,43.674003,-79.404627,2017-03-12 13:05:07.988453
7469310,27675405,Private room,,Lawrence Park South (103),22,5.0,2,1.0,21.0,,43.718451,-79.393087,2017-03-12 13:05:07.975841
16239818,5417741,Private room,,Broadview North (57),3,4.5,1,1.0,21.0,,43.684511,-79.350206,2017-03-12 13:05:06.970763
6344190,33041296,Private room,,Kennedy Park (124),0,0.0,1,1.0,23.0,,43.733671,-79.26169,2017-03-12 13:05:04.742883
10596935,54679679,Private room,,Dovercourt-Wallace Emerson-Junction (93),17,4.5,2,1.0,25.0,,43.661957,-79.439967,2017-03-12 13:08:17.910882
14614114,58652393,Private room,,Palmerston-Little Italy (80),2,0.0,2,1.0,31.0,,43.662036,-79.425037,2017-03-12 13:08:17.908223
5831961,14552308,Private room,,Corso Italia-Davenport (92),3,3.5,1,1.0,32.0,,43.677395,-79.4438,2017-03-12 13:08:16.262394
7023043,13171467,Private room,,Oakwood Village (107),5,4.5,1,1.0,27.0,,43.693426,-79.443338,2017-03-12 13:08:16.254812
6996482,1349836,Private room,,Dovercourt-Wallace Emerson-Junction (93),6,5.0,1,1.0,34.0,,43.665469,-79.424677,2017-03-12 13:08:16.252043
15537509,99957119,Private room,,Corso Italia-Davenport (92),0,0.0,2,1.0,23.0,,43.682563,-79.446395,2017-03-12 13:08:16.249718
4687659,13171467,Private room,,Oakwood Village (107),7,5.0,1,1.0,23.0,,43.693985,-79.444695,2017-03-12 13:08:16.246465
10992670,9088066,Private room,,Palmerston-Little Italy (80),37,4.5,1,1.0,37.0,,43.655074,-79.42541,2017-03-12 13:08:16.243295
14515265,8746601,Private room,,Palmerston-Little Italy (80),2,0.0,2,1.0,38.0,,43.660056,-79.42534,2017-03-12 13:08:16.241048
7025918,10304305,Private room,,Dovercourt-Wallace Emerson-Junction (93),6,5.0,2,1.0,31.0,,43.663214,-79.439175,2017-03-12 13:08:16.227300
1602799,8267190,Private room,,Annex (95),6,5.0,1,1.0,37.0,,43.672194,-79.414212,2017-03-12 13:08:15.352490
6908708,8252888,Private room,,Kensington-Chinatown (78),24,4.5,1,1.0,38.0,,43.650493,-79.405173,2017-03-12 13:08:15.350277
9475429,4366008,Private room,,Dufferin Grove (83),25,5.0,2,1.0,27.0,,43.658295,-79.442493,2017-03-12 13:08:15.345993
17273475,36737174,Private room,,Kensington-Chinatown (78),0,0.0,1,1.0,31.0,,43.654957,-79.395192,2017-03-12 13:08:15.342354
17572150,2591880,Private room,,Oakwood Village (107),0,0.0,2,1.0,38.0,,43.6852,-79.434989,2017-03-12 13:08:15.339999
17618580,95303598,Private room,,Dovercourt-Wallace Emerson-Junction (93),0,0.0,1,1.0,20.0,,43.661937,-79.435691,2017-03-12 13:08:15.334566
17668317,45470955,Private room,,Kensington-Chinatown (78),0,0.0,2,1.0,34.0,,43.653447,-79.401666,2017-03-12 13:08:15.322695
3789991,2714178,Private room,,Oakwood Village (107),7,5.0,1,1.0,31.0,,43.692006,-79.440152,2017-03-12 13:08:13.758897
16095885,104917536,Private room,,Oakwood Village (107),0,0.0,1,1.0,27.0,,43.6914,-79.438487,2017-03-12 13:08:13.754757
10399792,194934,Private room,,Corso Italia-Davenport (92),0,0.0,2,1.0,31.0,,43.678128,-79.441567,2017-03-12 13:08:13.744716
5879297,16590728,Private room,,Palmerston-Little Italy (80),2,0.0,2,1.0,38.0,,43.65697,-79.421439,2017-03-12 13:08:13.739007
6955908,26743967,Private room,,Annex (95),2,0.0,1,1.0,38.0,,43.671875,-79.40264,2017-03-12 13:08:13.736311
17047286,52308395,Private room,,Dovercourt-Wallace Emerson-Junction (93),1,0.0,2,1.0,31.0,,43.661004,-79.43621,2017-03-12 13:08:12.379148
12219932,43959373,Private room,,Dufferin Grove (83),33,4.5,2,1.0,27.0,,43.658317,-79.440361,2017-03-12 13:08:12.374315
10124283,51954619,Private room,,Oakwood Village (107),0,0.0,1,1.0,31.0,,43.679189,-79.442593,2017-03-12 13:08:11.811515
7036640,3893591,Private room,,Dovercourt-Wallace Emerson-Junction (93),1,0.0,2,1.0,34.0,,43.668164,-79.425737,2017-03-12 13:08:11.808829
7932941,22459555,Private room,,Corso Italia-Davenport (92),66,4.5,2,1.0,20.0,,43.682084,-79.444079,2017-03-12 13:08:11.790611
14125359,17305947,Private room,,Oakwood Village (107),12,5.0,2,1.0,23.0,,43.692759,-79.446696,2017-03-12 13:08:11.787652
5003079,10304305,Private room,,Dovercourt-Wallace Emerson-Junction (93),18,5.0,2,1.0,33.0,,43.661648,-79.438484,2017-03-12 13:08:11.785646
7124395,8252888,Private room,,Trinity-Bellwoods (81),24,4.5,1,1.0,31.0,,43.650838,-79.406891,2017-03-12 13:08:11.781338
13925894,82709101,Private room,,Oakwood Village (107),3,5.0,1,1.0,20.0,,43.679353,-79.440715,2017-03-12 13:08:11.777013
11096114,55458052,Private room,,Palmerston-Little Italy (80),15,4.5,3,1.0,25.0,,43.656616,-79.422894,2017-03-12 13:08:11.772622
14935918,31814201,Private room,,Trinity-Bellwoods (81),11,4.5,1,1.0,29.0,,43.650963,-79.410926,2017-03-12 13:08:10.209480
15418961,3426185,Private room,,Kensington-Chinatown (78),4,5.0,1,1.0,37.0,,43.653115,-79.397319,2017-03-12 13:08:10.206720
17176394,115071828,Private room,,Moss Park (73),2,0.0,2,1.0,31.0,,43.663183,-79.370403,2017-03-12 13:08:10.199496
17455244,52962004,Private room,,Dovercourt-Wallace Emerson-Junction (93),1,0.0,2,1.0,31.0,,43.664192,-79.442661,2017-03-12 13:08:10.189426
17259018,12010199,Private room,,Church-Yonge Corridor (75),2,0.0,2,1.0,38.0,,43.659947,-79.376769,2017-03-12 13:08:10.185896
12080044,61574112,Private room,,Oakwood Village (107),20,4.5,2,1.0,21.0,,43.682299,-79.437038,2017-03-12 13:08:10.178165
15821076,61162026,Private room,,Corso Italia-Davenport (92),8,5.0,2,1.0,24.0,,43.679619,-79.447336,2017-03-12 13:08:08.820822
17319766,45949537,Private room,,Dovercourt-Wallace Emerson-Junction (93),0,0.0,1,1.0,30.0,,43.665644,-79.442836,2017-03-12 13:08:06.273431
15898975,2816629,Private room,,Palmerston-Little Italy (80),13,5.0,2,1.0,38.0,,43.654604,-79.423268,2017-03-12 13:08:06.271167
8504942,44178614,Private room,,Annex (95),25,5.0,2,1.0,34.0,,43.666471,-79.414955,2017-03-12 13:08:06.263036
16464720,83105940,Private room,,Little Portugal (84),8,5.0,2,1.0,31.0,,43.652131,-79.431367,2017-03-12 13:08:06.259195
17256670,27442336,Private room,,North St.James Town (74),3,5.0,2,1.0,38.0,,43.671312,-79.380111,2017-03-12 13:08:06.236903
16909960,11578476,Private room,,Wychwood (94),1,0.0,2,1.0,31.0,,43.682771,-79.420175,2017-03-12 13:08:05.100712
12606939,49028111,Private room,,Annex (95),13,5.0,2,1.0,34.0,,43.666263,-79.411858,2017-03-12 13:08:05.093325
15820904,61162026,Private room,,Corso Italia-Davenport (92),21,4.5,2,1.0,27.0,,43.681178,-79.446873,2017-03-12 13:08:05.085720
13771929,16353118,Private room,,Kensington-Chinatown (78),27,5.0,1,1.0,38.0,,43.657443,-79.393347,2017-03-12 13:08:05.076211
13923142,1147946,Private room,,Palmerston-Little Italy (80),31,5.0,2,1.0,34.0,,43.656897,-79.426451,2017-03-12 13:08:05.069656
11624771,61574112,Private room,,Oakwood Village (107),9,5.0,2,1.0,20.0,,43.680307,-79.437263,2017-03-12 13:08:03.575540
6628792,13646872,Private room,,Palmerston-Little Italy (80),67,5.0,2,1.0,34.0,,43.65852,-79.41627,2017-03-12 13:08:02.152337
11921266,9584140,Private room,,Church-Yonge Corridor (75),8,5.0,2,1.0,38.0,,43.660001,-79.3806,2017-03-12 13:08:00.683678
12344558,66653255,Private room,,Dorset Park (126),2,0.0,2,1.0,34.0,,43.751421,-79.266443,2017-03-12 13:05:04.736418
13408371,76347875,Private room,,Bendale (127),0,0.0,2,1.0,41.0,,43.745016,-79.26538,2017-03-12 13:05:04.733494
14772720,76347875,Private room,,Bendale (127),1,0.0,6,1.0,38.0,,43.746787,-79.265391,2017-03-12 13:05:04.717425
17556310,7319291,Private room,,Birchcliffe-Cliffside (122),0,0.0,1,1.0,38.0,,43.702863,-79.246999,2017-03-12 13:05:04.714960
16439850,106772476,Private room,,Birchcliffe-Cliffside (122),1,0.0,1,1.0,20.0,,43.705603,-79.258484,2017-03-12 13:05:04.709012
12890504,70566813,Private room,,Eglinton East (138),1,0.0,2,1.0,28.0,,43.744725,-79.244173,2017-03-12 13:05:04.693120
2184003,9096123,Private room,,Cliffcrest (123),20,4.5,2,1.0,26.0,,43.727442,-79.241376,2017-03-12 13:05:03.447404
14086656,80588076,Private room,,Morningside (135),2,0.0,3,1.0,29.0,,43.787904,-79.195952,2017-03-12 13:05:03.440876
11492428,38334534,Private room,,Centennial Scarborough (133),4,5.0,1,1.0,23.0,,43.791926,-79.148975,2017-03-12 13:05:03.437445
9698874,47219710,Private room,,Woburn (137),1,0.0,2,1.0,34.0,,43.779098,-79.225911,2017-03-12 13:05:02.776272
10049876,51581508,Private room,,Birchcliffe-Cliffside (122),17,4.5,3,1.0,31.0,,43.713681,-79.25307,2017-03-12 13:05:02.773368
14857269,93032413,Private room,,Bendale (127),1,0.0,1,1.0,27.0,,43.75114,-79.263258,2017-03-12 13:05:02.764071
620965,897683,Private room,,Birchcliffe-Cliffside (122),13,4.5,1,1.0,23.0,,43.705195,-79.247738,2017-03-12 13:05:02.759553
16316014,106772476,Private room,,Birchcliffe-Cliffside (122),2,0.0,2,1.0,22.0,,43.705898,-79.258251,2017-03-12 13:05:02.754648
13756845,80641029,Private room,,Guildwood (140),0,0.0,2,1.0,34.0,,43.748582,-79.206328,2017-03-12 13:05:02.751626
11983579,64046929,Private room,,West Hill (136),1,0.0,1,1.0,28.0,,43.760972,-79.194191,2017-03-12 13:05:02.747070
15725338,8503149,Private room,,Birchcliffe-Cliffside (122),2,0.0,1,1.0,25.0,,43.704108,-79.255341,2017-03-12 13:05:02.742362
11973597,6781000,Private room,,Cliffcrest (123),6,5.0,1,1.0,22.0,,43.720456,-79.251432,2017-03-12 13:05:02.736772
16207215,105871638,Private room,,West Hill (136),0,0.0,1,1.0,23.0,,43.762442,-79.195478,2017-03-12 13:05:01.145174
5945960,22078032,Private room,,Highland Creek (134),12,4.0,1,1.0,23.0,,43.789089,-79.172847,2017-03-12 13:05:01.142841
7398171,4039666,Private room,,Kennedy Park (124),2,0.0,2,1.0,28.0,,43.71821,-79.255614,2017-03-12 13:05:01.133673
10405775,53581248,Private room,,Clairlea-Birchmount (120),0,0.0,2,1.0,27.0,,43.715408,-79.265815,2017-03-12 13:05:01.129762
10234031,32684623,Private room,,Highland Creek (134),4,4.0,1,1.0,34.0,,43.786462,-79.181284,2017-03-12 13:05:01.123914
17160890,115432315,Private room,,Woburn (137),0,0.0,1,0.0,38.0,,43.764064,-79.213452,2017-03-12 13:05:01.121486
4948754,25506191,Private room,,Scarborough Village (139),16,5.0,2,1.0,38.0,,43.740382,-79.226872,2017-03-12 13:05:01.113737
15475734,97788611,Private room,,Rouge (131),10,5.0,2,1.0,40.0,,43.781811,-79.131163,2017-03-12 13:04:59.769854
16813674,111834586,Private room,,Eglinton East (138),4,5.0,2,1.0,16.0,,43.740797,-79.233239,2017-03-12 13:04:58.592246
10319075,53098858,Private room,,Morningside (135),7,5.0,1,1.0,16.0,,43.76734,-79.206518,2017-03-12 13:04:58.586275
15043222,7036524,Private room,,Willowdale West (37),1,0.0,2,1.0,31.0,,43.77104,-79.415171,2017-03-12 13:04:56.225121
15468429,34923827,Private room,,Willowdale East (51),0,0.0,1,1.0,38.0,,43.768079,-79.403205,2017-03-12 13:04:56.216229
8082429,32083558,Private room,,Westminster-Branson (35),0,0.0,2,1.0,41.0,,43.780943,-79.447139,2017-03-12 13:04:56.210042
13299597,25062482,Private room,,Lansing-Westgate (38),1,0.0,1,1.0,28.0,,43.745097,-79.434701,2017-03-12 13:04:55.116991
13043318,72151321,Private room,,Westminster-Branson (35),0,0.0,1,1.0,31.0,,43.7894,-79.446592,2017-03-12 13:04:55.102035
16132399,105231077,Private room,,Willowdale West (37),0,0.0,2,1.0,38.0,,43.775578,-79.414576,2017-03-12 13:04:55.099921
14833643,5837720,Private room,,Westminster-Branson (35),0,0.0,1,1.0,34.0,,43.782447,-79.445911,2017-03-12 13:04:55.090098
12547600,68002537,Private room,,St.Andrew-Windfields (40),10,4.5,1,1.0,27.0,,43.762322,-79.38935,2017-03-12 13:04:52.883619
15461892,17301025,Private room,,Newtonbrook West (36),2,0.0,2,1.0,31.0,,43.789622,-79.424614,2017-03-12 13:04:52.881529
14626987,15136743,Private room,,Willowdale East (51),3,4.0,2,1.0,21.0,,43.762883,-79.410338,2017-03-12 13:04:52.876498
15370342,96982944,Private room,,Newtonbrook East (50),0,0.0,1,1.0,30.0,,43.788241,-79.406387,2017-03-12 13:04:52.856413
8772712,45990828,Private room,,Lansing-Westgate (38),7,5.0,2,1.0,28.0,,43.758039,-79.421362,2017-03-12 13:04:51.483620
13020597,30053002,Private room,,Newtonbrook West (36),27,5.0,2,1.0,31.0,,43.784688,-79.421633,2017-03-12 13:04:51.478267
4205747,21821768,Private room,,Lansing-Westgate (38),17,5.0,2,1.0,30.0,,43.762729,-79.42034,2017-03-12 13:04:50.222044
12707125,43659984,Private room,,Willowdale East (51),10,5.0,2,1.0,31.0,,43.767518,-79.411147,2017-03-12 13:04:50.216138
13730880,61051097,Private room,,Willowdale East (51),8,5.0,3,1.0,34.0,,43.765212,-79.397446,2017-03-12 13:04:50.207721
15334870,36137409,Private room,,St.Andrew-Windfields (40),2,0.0,2,1.0,37.0,,43.761252,-79.389635,2017-03-12 13:04:50.199028
15116547,2479385,Private room,,Willowdale East (51),4,4.0,1,1.0,23.0,,43.770235,-79.410241,2017-03-12 13:04:48.834086
14836065,2479385,Private room,,Willowdale East (51),2,0.0,2,1.0,23.0,,43.772004,-79.410622,2017-03-12 13:04:47.653165
14246866,2479385,Private room,,Willowdale East (51),25,5.0,4,1.0,27.0,,43.758735,-79.406267,2017-03-12 13:04:47.650993
15889013,2479385,Private room,,Willowdale East (51),2,0.0,2,1.0,25.0,,43.759559,-79.40643,2017-03-12 13:04:47.641128
11927021,63655883,Private room,,Lansing-Westgate (38),11,3.5,2,1.0,35.0,,43.759619,-79.420918,2017-03-12 13:04:46.618674
17543292,4741079,Private room,,Lansing-Westgate (38),1,0.0,1,1.0,30.0,,43.757916,-79.417869,2017-03-12 13:04:46.612688
10330822,52921252,Private room,,Lansing-Westgate (38),25,4.5,2,1.0,38.0,,43.75757,-79.417685,2017-03-12 13:04:45.553435
17545328,119028281,Private room,,Newtonbrook West (36),0,0.0,2,1.0,34.0,,43.793301,-79.427955,2017-03-12 13:04:45.527751
15581479,22747974,Private room,,Willowdale East (51),0,0.0,2,1.0,31.0,,43.76502,-79.409891,2017-03-12 13:04:44.448359
14137226,18882669,Private room,,Willowdale East (51),10,4.5,2,1.0,25.0,,43.777073,-79.412032,2017-03-12 13:04:44.429867
14593040,89843199,Private room,,Willowdale West (37),17,4.5,2,1.0,31.0,,43.778156,-79.421965,2017-03-12 13:04:44.423501
15833050,77601702,Private room,,Banbury-Don Mills (42),0,0.0,2,1.0,38.0,,43.745858,-79.368005,2017-03-12 13:04:42.182218
7463697,31304870,Private room,,Bayview Village (52),5,5.0,2,1.0,38.0,,43.770472,-79.369365,2017-03-12 13:04:39.461350
17224303,115993008,Private room,,Pleasant View (46),0,0.0,2,0.0,20.0,,43.788552,-79.341404,2017-03-12 13:04:39.455099
17225632,115993008,Private room,,Pleasant View (46),0,0.0,2,1.0,20.0,,43.789912,-79.341201,2017-03-12 13:04:38.078285
8882614,45308503,Private room,,Don Valley Village (47),16,4.5,2,1.0,36.0,,43.776414,-79.349844,2017-03-12 13:04:36.910207
14121279,1936899,Private room,,Newtonbrook West (36),0,0.0,1,1.0,23.0,,43.794704,-79.431191,2017-03-12 13:04:34.902527
6901602,35878579,Private room,,Hillcrest Village (48),0,0.0,2,1.0,40.0,,43.804128,-79.370993,2017-03-12 13:04:31.638158
16056725,25698183,Private room,,Bayview Woods-Steeles (49),0,0.0,2,1.0,34.0,,43.801,-79.373913,2017-03-12 13:04:28.152391
2571251,13165498,Private room,,Bayview Village (52),11,4.5,8,1.0,30.0,,43.766656,-79.376889,2017-03-12 13:04:25.388770
8957200,26207231,Private room,,Newtonbrook East (50),2,0.0,2,1.0,34.0,,43.783173,-79.415971,2017-03-12 13:04:25.386800
16270960,2638794,Private room,,Willowdale East (51),0,0.0,3,1.0,31.0,,43.780533,-79.407339,2017-03-12 13:04:25.384617
3775696,13165498,Private room,,Bayview Village (52),1,0.0,1,1.0,30.0,,43.767381,-79.377148,2017-03-12 13:04:25.377186
13140057,57678896,Private room,,Willowdale East (51),0,0.0,2,1.0,34.0,,43.769915,-79.402829,2017-03-12 13:04:25.375039
13855788,34923827,Private room,,Willowdale East (51),3,5.0,1,1.0,38.0,,43.772851,-79.404486,2017-03-12 13:04:25.370387
9163597,9816635,Private room,,Bayview Village (52),1,0.0,1,1.0,38.0,,43.764945,-79.383006,2017-03-12 13:04:25.364272
17108788,89517224,Private room,,Willowdale East (51),1,0.0,2,1.0,38.0,,43.762764,-79.410306,2017-03-12 13:04:24.383256
12144026,63968705,Private room,,Newtonbrook East (50),0,0.0,2,1.0,32.0,,43.800177,-79.407358,2017-03-12 13:04:24.366952
17341462,117128772,Private room,,Newtonbrook West (36),0,0.0,1,0.0,14.0,,43.7796,-79.41688,2017-03-12 13:04:24.364525
11913095,57678896,Private room,,Willowdale East (51),9,4.0,2,1.0,27.0,,43.770344,-79.402202,2017-03-12 13:04:24.360015
3372659,362145,Private room,,Don Valley Village (47),3,4.5,2,1.0,36.0,,43.781281,-79.353833,2017-03-12 13:04:23.604223
11570936,534666,Private room,,Newtonbrook East (50),0,0.0,2,1.0,20.0,,43.79895,-79.413658,2017-03-12 13:04:23.600507
14932431,15136743,Private room,,Lansing-Westgate (38),0,0.0,1,1.0,20.0,,43.761772,-79.412436,2017-03-12 13:04:23.596643
15740248,24344081,Private room,,Newtonbrook West (36),0,0.0,1,1.0,27.0,,43.779361,-79.42055,2017-03-12 13:04:23.594405
16114501,9546727,Private room,,Don Valley Village (47),0,0.0,1,1.0,38.0,,43.786369,-79.34809,2017-03-12 13:04:23.592273
10811079,1020512,Private room,,Newtonbrook West (36),0,0.0,1,1.0,41.0,,43.789918,-79.434166,2017-03-12 13:04:23.589717
3775605,13165498,Private room,,Bayview Village (52),3,4.5,2,1.0,30.0,,43.766586,-79.376011,2017-03-12 13:04:23.584946
14056609,84340912,Private room,,Henry Farm (53),0,0.0,2,1.0,38.0,,43.773259,-79.341283,2017-03-12 13:04:23.582606
14912775,56598592,Private room,,Lansing-Westgate (38),5,4.0,3,1.0,31.0,,43.760881,-79.411624,2017-03-12 13:04:23.575148
11244512,50836566,Private room,,Parkwoods-Donalda (45),0,0.0,3,1.0,31.0,,43.766255,-79.345199,2017-03-12 13:04:23.571908
10438875,39048868,Private room,,Don Valley Village (47),0,0.0,1,1.0,27.0,,43.777534,-79.350608,2017-03-12 13:04:22.658443
14056409,84339121,Private room,,St.Andrew-Windfields (40),2,0.0,1,1.0,35.0,,43.761564,-79.390188,2017-03-12 13:04:22.654489
5727005,29681364,Private room,,Newtonbrook East (50),5,4.5,1,1.0,38.0,,43.785783,-79.415117,2017-03-12 13:04:22.652456
3774155,13165498,Private room,,Bayview Village (52),2,0.0,2,1.0,30.0,,43.768795,-79.376959,2017-03-12 13:04:22.649846
5104237,20624389,Private room,,Willowdale East (51),1,0.0,2,1.0,31.0,,43.76307,-79.40627,2017-03-12 13:04:22.640308
6672762,34923827,Private room,,Willowdale East (51),5,4.0,2,1.0,38.0,,43.769876,-79.402258,2017-03-12 13:04:22.637791
16837680,888564,Private room,,Newtonbrook East (50),0,0.0,4,1.0,38.0,,43.790614,-79.417486,2017-03-12 13:04:22.634318
9863287,44760023,Private room,,Newtonbrook West (36),0,0.0,2,1.0,31.0,,43.786552,-79.421832,2017-03-12 13:04:20.973292
13002144,71686808,Private room,,Hillcrest Village (48),1,0.0,1,1.0,31.0,,43.800833,-79.350414,2017-03-12 13:04:20.969986
12812252,19299366,Private room,,Don Valley Village (47),0,0.0,1,1.0,34.0,,43.782337,-79.347101,2017-03-12 13:04:20.967417
10436404,41661534,Private room,,Newtonbrook West (36),2,0.0,1,1.0,20.0,,43.779651,-79.417313,2017-03-12 13:04:20.965006
14186370,2545397,Private room,,Bayview Village (52),0,0.0,1,1.0,29.0,,43.766009,-79.384252,2017-03-12 13:04:20.960868
3773854,13165498,Private room,,Bayview Village (52),4,5.0,2,1.0,37.0,,43.766806,-79.376317,2017-03-12 13:04:20.958067
3775607,13165498,Private room,,Bayview Village (52),1,0.0,1,1.0,30.0,,43.766965,-79.377701,2017-03-12 13:04:20.954803
15041874,33625605,Private room,,Parkwoods-Donalda (45),5,4.0,2,1.0,20.0,,43.766058,-79.342121,2017-03-12 13:04:20.950487
10155855,2479385,Private room,,Willowdale East (51),14,4.0,2,1.0,25.0,,43.758764,-79.405492,2017-03-12 13:04:20.947326
14932835,33055097,Private room,,Willowdale East (51),0,0.0,1,1.0,28.0,,43.768904,-79.412031,2017-03-12 13:04:20.935893
6210347,20624389,Private room,,Lansing-Westgate (38),3,5.0,2,1.0,31.0,,43.759898,-79.411886,2017-03-12 13:04:20.930383
14127075,20938233,Private room,,Bayview Village (52),14,5.0,2,1.0,41.0,,43.7668,-79.370375,2017-03-12 13:04:19.941741
5234666,27090951,Private room,,Henry Farm (53),2,0.0,2,1.0,38.0,,43.770266,-79.342806,2017-03-12 13:04:19.936476
15536701,99949003,Private room,,Willowdale East (51),1,0.0,2,1.0,38.0,,43.755567,-79.409121,2017-03-12 13:04:19.930844
2881137,14700210,Private room,,Newtonbrook West (36),11,4.5,1,1.0,38.0,,43.778112,-79.426364,2017-03-12 13:04:19.926642
13100961,72789698,Private room,,Hillcrest Village (48),0,0.0,1,1.0,22.0,,43.792809,-79.36826,2017-03-12 13:04:19.921606
16422963,47090418,Private room,,Willowdale East (51),4,5.0,2,1.0,34.0,,43.757446,-79.407508,2017-03-12 13:04:19.919624
17240322,83611462,Private room,,Newtonbrook West (36),0,0.0,2,1.0,38.0,,43.791364,-79.437408,2017-03-12 13:04:19.915928
14615734,60287835,Private room,,Hillcrest Village (48),0,0.0,3,3.0,31.0,,43.803528,-79.367494,2017-03-12 13:04:19.912087
5990341,31101343,Private room,,Newtonbrook East (50),6,5.0,1,1.0,38.0,,43.795414,-79.401824,2017-03-12 13:04:19.022278
16587697,104826031,Private room,,Willowdale East (51),0,0.0,1,1.0,23.0,,43.772515,-79.410153,2017-03-12 13:04:19.017624
16267449,106383317,Private room,,Willowdale East (51),0,0.0,1,1.0,31.0,,43.766947,-79.410212,2017-03-12 13:04:19.013694
6792671,21440173,Private room,,Newtonbrook West (36),0,0.0,1,1.0,31.0,,43.782195,-79.433552,2017-03-12 13:04:19.009583
5489928,21821768,Private room,,Lansing-Westgate (38),19,4.5,2,1.0,27.0,,43.762231,-79.418374,2017-03-12 13:04:19.001164
13190241,31252345,Private room,,Willowdale East (51),11,4.5,2,1.0,37.0,,43.759762,-79.40739,2017-03-12 13:04:17.868757
11211594,52921252,Private room,,Lansing-Westgate (38),10,4.5,2,1.0,34.0,,43.756964,-79.417593,2017-03-12 13:04:17.865948
15158837,18342450,Private room,,Newtonbrook West (36),4,5.0,1,1.0,31.0,,43.778805,-79.424339,2017-03-12 13:04:17.863565
17498508,118585661,Private room,,Newtonbrook West (36),0,0.0,1,1.0,34.0,,43.793154,-79.427542,2017-03-12 13:04:17.860246
4503824,21821768,Private room,,Lansing-Westgate (38),11,5.0,2,1.0,25.0,,43.763583,-79.419977,2017-03-12 13:04:17.857345
14311238,3877456,Private room,,Willowdale East (51),5,4.5,3,1.0,27.0,,43.758415,-79.40473,2017-03-12 13:04:17.851551
7912610,15705184,Private room,,Willowdale East (51),1,0.0,1,1.0,34.0,,43.7782,-79.414281,2017-03-12 13:04:16.965302
17482582,2479385,Private room,,Willowdale East (51),0,0.0,1,1.0,20.0,,43.7704,-79.411294,2017-03-12 13:04:16.961489
17327218,19650040,Private room,,Willowdale East (51),1,0.0,2,1.0,34.0,,43.760362,-79.408374,2017-03-12 13:04:16.957083
4930281,21821768,Private room,,Lansing-Westgate (38),12,5.0,1,1.0,21.0,,43.762142,-79.42007,2017-03-12 13:04:16.951282
14637437,2479385,Private room,,Willowdale East (51),5,4.0,1,1.0,24.0,,43.760173,-79.407889,2017-03-12 13:04:16.948974
12016340,63968705,Private room,,Newtonbrook East (50),3,4.5,2,1.0,32.0,,43.796938,-79.409873,2017-03-12 13:04:16.944725
16259726,106327097,Private room,,Bayview Woods-Steeles (49),0,0.0,2,1.0,34.0,,43.791085,-79.373015,2017-03-12 13:04:16.937546
15008251,94697158,Private room,,Willowdale East (51),3,4.5,2,1.0,22.0,,43.769274,-79.400981,2017-03-12 13:04:15.748274
11945387,534666,Private room,,Newtonbrook East (50),3,4.5,2,1.0,23.0,,43.800107,-79.409528,2017-03-12 13:04:15.743174
16999922,21737657,Private room,,Willowdale East (51),1,0.0,2,1.0,25.0,,43.759944,-79.405056,2017-03-12 13:04:15.735570
7095684,11206244,Private room,,Bayview Woods-Steeles (49),0,0.0,3,1.0,37.0,,43.791449,-79.372711,2017-03-12 13:04:15.720191
16781310,111465471,Private room,,Willowdale East (51),4,5.0,2,0.0,34.0,,43.761112,-79.410583,2017-03-12 13:04:15.717770
11901142,2479385,Private room,,Willowdale East (51),10,4.5,2,1.0,25.0,,43.758656,-79.406351,2017-03-12 13:04:15.714407
15157617,18342450,Private room,,Newtonbrook West (36),1,0.0,1,1.0,31.0,,43.779966,-79.424417,2017-03-12 13:04:14.156995
4671883,22301317,Private room,,Willowdale West (37),8,5.0,1,1.0,38.0,,43.769585,-79.418698,2017-03-12 13:04:14.152597
7301383,38244841,Private room,,Willowdale West (37),2,0.0,1,1.0,25.0,,43.775041,-79.428061,2017-03-12 13:04:14.145821
2524564,32044025,Private room,,Bayview Woods-Steeles (49),6,5.0,1,1.0,37.0,,43.793237,-79.371896,2017-03-12 13:04:10.542983
13531787,77796115,Private room,,Bayview Village (52),5,5.0,2,1.0,31.0,,43.771887,-79.375692,2017-03-12 13:04:08.535236
8513058,2696738,Private room,,Parkwoods-Donalda (45),0,0.0,4,1.0,31.0,,43.760155,-79.334784,2017-03-12 13:04:06.855198
8566904,2696738,Private room,,Parkwoods-Donalda (45),2,0.0,2,1.0,31.0,,43.761911,-79.334651,2017-03-12 13:04:06.852258
14316060,86125867,Private room,,Dorset Park (126),0,0.0,6,1.0,29.0,,43.766082,-79.275818,2017-03-12 13:04:06.846104
9734487,50227423,Private room,,Milliken (130),0,0.0,3,1.0,38.0,,43.827178,-79.290329,2017-03-12 13:04:06.843699
8007944,38819581,Private room,,Milliken (130),5,4.0,4,1.0,31.0,,43.82636,-79.289701,2017-03-12 13:04:06.841141
6783229,35463989,Private room,,L'Amoreaux (117),5,4.5,3,1.0,34.0,,43.788268,-79.308062,2017-03-12 13:04:06.838300
5095604,26329832,Private room,,L'Amoreaux (117),3,4.5,2,1.0,24.0,,43.798726,-79.311611,2017-03-12 13:04:06.835647
10368901,11567228,Private room,,Agincourt South-Malvern West (128),0,0.0,1,1.0,40.0,,43.778163,-79.28027,2017-03-12 13:04:06.830760
8957080,38819581,Private room,,Agincourt South-Malvern West (128),2,0.0,2,1.0,34.0,,43.794997,-79.283173,2017-03-12 13:04:06.826507
5469609,22027774,Private room,,Bendale (127),0,0.0,2,1.0,38.0,,43.764745,-79.255677,2017-03-12 13:04:05.368022
6777855,35440755,Private room,,L'Amoreaux (117),2,0.0,1,1.0,23.0,,43.799697,-79.305529,2017-03-12 13:04:05.362712
14255280,86422817,Private room,,Pleasant View (46),1,0.0,2,1.0,31.0,,43.794657,-79.338998,2017-03-12 13:04:05.352559
14255229,86422817,Private room,,Pleasant View (46),1,0.0,2,1.0,38.0,,43.793115,-79.338473,2017-03-12 13:04:05.348541
4096307,18023530,Private room,,L'Amoreaux (117),1,0.0,2,1.0,38.0,,43.79013,-79.311862,2017-03-12 13:04:05.345439
5189975,22735639,Private room,,Steeles (116),3,4.5,2,1.0,38.0,,43.812958,-79.332121,2017-03-12 13:04:05.341981
4520620,22735639,Private room,,Steeles (116),6,5.0,2,1.0,38.0,,43.813397,-79.332056,2017-03-12 13:04:05.334041
15107132,95685065,Private room,,Pleasant View (46),1,0.0,1,1.0,38.0,,43.778954,-79.329806,2017-03-12 13:04:04.452476
3775250,18023530,Private room,,L'Amoreaux (117),16,4.0,4,1.0,31.0,,43.791894,-79.310263,2017-03-12 13:04:04.449312
15541990,58109938,Private room,,Steeles (116),2,0.0,1,1.0,23.0,,43.816331,-79.331543,2017-03-12 13:04:04.438209
6757590,35082478,Private room,,Wexford/Maryvale (119),8,5.0,2,1.0,38.0,,43.760956,-79.311708,2017-03-12 13:04:04.430219
14194460,20378940,Private room,,Bendale (127),8,5.0,3,1.0,38.0,,43.76464,-79.255309,2017-03-12 13:04:04.427272
13830875,22735639,Private room,,Steeles (116),3,4.0,2,1.0,38.0,,43.813262,-79.333545,2017-03-12 13:04:04.422563
6702236,35082478,Private room,,Wexford/Maryvale (119),5,5.0,2,1.0,38.0,,43.760581,-79.312134,2017-03-12 13:04:04.409637
11462450,38819581,Private room,,Agincourt South-Malvern West (128),7,4.0,4,1.0,37.0,,43.794907,-79.282697,2017-03-12 13:04:02.989090
15080391,50535614,Private room,,Dorset Park (126),0,0.0,2,1.0,35.0,,43.76721,-79.28135,2017-03-12 13:04:02.983127
8256736,38819581,Private room,,Agincourt South-Malvern West (128),3,3.5,2,1.0,23.0,,43.789785,-79.287291,2017-03-12 13:04:02.973543
14303203,86125867,Private room,,Dorset Park (126),2,0.0,4,1.0,27.0,,43.76554,-79.274182,2017-03-12 13:04:02.960340
8212101,38819581,Private room,,Agincourt South-Malvern West (128),6,4.0,2,1.0,34.0,,43.796059,-79.286886,2017-03-12 13:04:01.407123
16455235,93772842,Private room,,Pleasant View (46),0,0.0,2,1.0,26.0,,43.782151,-79.329322,2017-03-12 13:04:01.398236
8017002,38819581,Private room,,Tam O'Shanter-Sullivan (118),8,4.5,2,1.0,23.0,,43.791982,-79.291153,2017-03-12 13:04:01.395037
8213363,36004716,Private room,,L'Amoreaux (117),5,4.5,2,1.0,25.0,,43.798076,-79.311259,2017-03-12 13:04:01.392363
9318609,38819581,Private room,,Agincourt South-Malvern West (128),4,4.5,2,1.0,34.0,,43.796805,-79.28464,2017-03-12 13:04:01.390125
1673134,65479,Private room,,Pleasant View (46),7,4.0,1,1.0,12.0,,43.779812,-79.329901,2017-03-12 13:04:01.386531
4733208,16853533,Private room,,Parkwoods-Donalda (45),82,5.0,2,1.0,34.0,,43.76589,-79.330685,2017-03-12 13:04:01.376818
8252402,38819581,Private room,,Agincourt South-Malvern West (128),8,4.0,2,1.0,23.0,,43.791094,-79.289347,2017-03-12 13:04:00.330346
9586806,22146449,Private room,,Wexford/Maryvale (119),15,5.0,1,1.0,21.0,,43.768269,-79.311805,2017-03-12 13:03:59.763966
8256701,38819581,Private room,,Agincourt South-Malvern West (128),10,4.5,4,1.0,34.0,,43.791121,-79.289364,2017-03-12 13:03:59.755564
17650698,120090437,Private room,,Dorset Park (126),0,0.0,11,9.0,20.0,,43.764533,-79.286497,2017-03-12 13:03:59.753278
10414700,49092095,Private room,,Milliken (130),14,4.0,2,1.0,20.0,,43.819453,-79.29267,2017-03-12 13:03:59.019038
8942648,38819581,Private room,,Agincourt South-Malvern West (128),1,0.0,2,1.0,38.0,,43.796593,-79.282573,2017-03-12 13:03:58.346745
6494121,22146449,Private room,,Wexford/Maryvale (119),23,5.0,1,1.0,26.0,,43.766832,-79.311561,2017-03-12 13:03:57.078655
15141628,95934687,Private room,,Agincourt North (129),2,0.0,2,1.0,25.0,,43.801798,-79.279796,2017-03-12 13:03:56.067424
16691632,110531651,Private room,,L'Amoreaux (117),0,0.0,2,1.0,21.0,,43.791971,-79.324497,2017-03-12 13:03:56.047213
17075476,111560686,Private room,,Milliken (130),1,0.0,2,1.0,20.0,,43.8191,-79.291395,2017-03-12 13:03:56.041303
17047267,6096034,Private room,,Tam O'Shanter-Sullivan (118),0,0.0,2,1.0,20.0,,43.777013,-79.2929,2017-03-12 13:03:55.118705
5396761,27977302,Private room,,Casa Loma (96),0,0.0,1,1.0,26.0,,43.683399,-79.401515,2017-03-12 13:07:07.068772
15911122,13818332,Private room,,Church-Yonge Corridor (75),9,5.0,2,1.0,38.0,,43.66137,-79.37864,2017-03-12 13:07:07.063078
15716276,40984205,Private room,,Cabbagetown-South St.James Town (71),5,3.5,2,1.0,29.0,,43.666014,-79.372015,2017-03-12 13:07:05.994074
14786091,24305456,Private room,,North St.James Town (74),3,5.0,1,1.0,23.0,,43.67015,-79.372988,2017-03-12 13:07:05.989256
17648526,120071058,Private room,,North St.James Town (74),0,0.0,1,1.0,34.0,,43.667976,-79.371511,2017-03-12 13:07:05.977868
16009955,26277092,Private room,,Mount Pleasant East (99),4,5.0,2,1.0,34.0,,43.707787,-79.387758,2017-03-12 13:07:05.970677
5248426,23127424,Private room,,North Riverdale (68),23,5.0,1,1.0,35.0,,43.667577,-79.350404,2017-03-12 13:07:04.685792
12799178,55136561,Private room,,Bay Street Corridor (76),56,4.5,1,1.0,34.0,,43.669226,-79.38715,2017-03-12 13:07:03.482876
12889162,49224579,Private room,,Lawrence Park South (103),54,4.5,1,1.0,34.0,,43.715694,-79.401903,2017-03-12 13:07:02.176580
16692320,1034922,Private room,,Cabbagetown-South St.James Town (71),3,5.0,1,1.0,23.0,,43.67,-79.364613,2017-03-12 13:07:02.152724
14168183,2085869,Private room,,Greenwood-Coxwell (65),1,0.0,1,1.0,31.0,,43.667275,-79.326466,2017-03-12 13:07:01.010316
4458094,9876434,Private room,,South Riverdale (70),0,0.0,1,1.0,27.0,,43.673078,-79.330278,2017-03-12 13:07:01.006093
10926971,52477674,Private room,,Woodbine Corridor (64),0,0.0,1,1.0,31.0,,43.683393,-79.317832,2017-03-12 13:06:59.830521
12871479,52477674,Private room,,Woodbine Corridor (64),4,4.0,1,1.0,31.0,,43.683522,-79.317034,2017-03-12 13:06:59.826390
13753091,52477674,Private room,,Danforth (66),0,0.0,1,1.0,28.0,,43.684977,-79.317889,2017-03-12 13:06:59.823702
10863636,52477674,Private room,,Woodbine Corridor (64),3,4.0,1,1.0,31.0,,43.683652,-79.316325,2017-03-12 13:06:59.821380
12667591,52477674,Private room,,Danforth (66),1,0.0,1,1.0,31.0,,43.685392,-79.317171,2017-03-12 13:06:59.818457
12158613,52477674,Private room,,Danforth (66),2,0.0,1,1.0,31.0,,43.685481,-79.316848,2017-03-12 13:06:59.816002
7293813,38201817,Private room,,Flemingdon Park (44),1,0.0,1,1.0,38.0,,43.71168,-79.32419,2017-03-12 13:06:59.812857
1459600,7823899,Private room,,Woodbine-Lumsden (60),17,5.0,1,1.0,34.0,,43.688889,-79.312063,2017-03-12 13:06:59.810055
11464990,53664205,Private room,,Victoria Village (43),0,0.0,1,1.0,38.0,,43.720921,-79.306715,2017-03-12 13:06:59.805392
7872706,32044025,Private room,,Oakridge (121),1,0.0,1,1.0,27.0,,43.699495,-79.276052,2017-03-12 13:06:58.550515
15173053,638992,Private room,,South Riverdale (70),0,0.0,1,1.0,38.0,,43.668679,-79.333656,2017-03-12 13:06:58.548358
5975145,26004541,Private room,,South Riverdale (70),13,5.0,2,1.0,41.0,,43.662714,-79.330184,2017-03-12 13:06:58.546151
15005711,6372930,Private room,,South Riverdale (70),1,0.0,1,1.0,38.0,,43.668338,-79.336281,2017-03-12 13:06:58.543873
12471653,58942255,Private room,,South Riverdale (70),3,4.0,1,1.0,38.0,,43.670011,-79.333794,2017-03-12 13:06:58.540990
11590250,61300147,Private room,,East End-Danforth (62),1,0.0,2,1.0,29.0,,43.682529,-79.305086,2017-03-12 13:06:58.532406
12933608,52477674,Private room,,Woodbine Corridor (64),3,4.0,1,1.0,23.0,,43.684051,-79.318494,2017-03-12 13:06:58.530181
11083114,57539400,Private room,,Greenwood-Coxwell (65),1,0.0,1,1.0,38.0,,43.669872,-79.32588,2017-03-12 13:06:58.523250
7114009,36213089,Private room,,Woodbine Corridor (64),15,5.0,1,1.0,40.0,,43.675111,-79.310555,2017-03-12 13:06:58.518489
3960088,16671493,Private room,,Woodbine Corridor (64),27,4.5,2,1.0,30.0,,43.679966,-79.317869,2017-03-12 13:06:57.595585
1194561,6527771,Private room,,South Riverdale (70),4,5.0,1,1.0,34.0,,43.663052,-79.332327,2017-03-12 13:06:57.588545
11271932,2748677,Private room,,Old East York (58),4,5.0,3,1.0,31.0,,43.699695,-79.318955,2017-03-12 13:06:57.586120
15479043,78834227,Private room,,Taylor-Massey (61),0,0.0,2,1.0,27.0,,43.695468,-79.291716,2017-03-12 13:06:57.583821
14552494,8324988,Private room,,South Riverdale (70),1,0.0,1,1.0,37.0,,43.660335,-79.338356,2017-03-12 13:06:57.581407
5679537,2748677,Private room,,Woodbine-Lumsden (60),6,3.5,3,1.0,29.0,,43.698662,-79.317781,2017-03-12 13:06:57.579316
8283942,10656346,Private room,,The Beaches (63),14,4.5,1,1.0,31.0,,43.66665,-79.311086,2017-03-12 13:06:57.570995
16122047,2118518,Private room,,Woodbine Corridor (64),0,0.0,1,1.0,20.0,,43.66804,-79.313922,2017-03-12 13:06:57.566706
4772897,4468277,Private room,,South Riverdale (70),7,4.5,3,1.0,37.0,,43.664657,-79.332063,2017-03-12 13:06:57.558565
1144283,6175788,Private room,,Danforth East York (59),10,5.0,1,1.0,37.0,,43.68961,-79.335023,2017-03-12 13:06:56.110876
14487901,931552,Private room,,The Beaches (63),3,5.0,2,1.0,16.0,,43.671619,-79.287262,2017-03-12 13:06:56.105861
12542966,875967,Private room,,Greenwood-Coxwell (65),10,5.0,1,1.0,38.0,,43.668751,-79.320057,2017-03-12 13:06:56.103241
14832965,78834227,Private room,,Taylor-Massey (61),0,0.0,3,1.0,27.0,,43.695963,-79.2917,2017-03-12 13:06:56.098931
13208881,25150804,Private room,,Clairlea-Birchmount (120),4,5.0,1,1.0,28.0,,43.700001,-79.286243,2017-03-12 13:06:56.093640
4137614,16671493,Private room,,Woodbine Corridor (64),17,5.0,2,1.0,36.0,,43.680084,-79.316727,2017-03-12 13:06:56.091044
14406068,52477674,Private room,,Woodbine Corridor (64),1,0.0,1,1.0,34.0,,43.683793,-79.317877,2017-03-12 13:06:56.088074
12422098,52477674,Private room,,Woodbine Corridor (64),3,4.5,1,1.0,31.0,,43.683804,-79.316498,2017-03-12 13:06:56.085332
12707221,49431346,Private room,,Danforth (66),3,5.0,2,1.0,26.0,,43.685829,-79.313197,2017-03-12 13:06:56.083094
16275182,52477674,Private room,,Danforth (66),0,0.0,1,1.0,31.0,,43.685518,-79.31789,2017-03-12 13:06:56.080845
8556102,45038008,Private room,,Woodbine Corridor (64),1,0.0,2,1.0,37.0,,43.6818,-79.313779,2017-03-12 13:06:56.076665
2191770,9096123,Private room,,Cliffcrest (123),14,4.5,2,1.0,26.0,,43.727162,-79.241698,2017-03-12 13:06:54.614438
9332582,48436274,Private room,,South Riverdale (70),0,0.0,1,1.0,38.0,,43.667302,-79.338063,2017-03-12 13:06:54.610007
6091145,31610747,Private room,,South Riverdale (70),1,0.0,1,1.0,38.0,,43.665339,-79.334295,2017-03-12 13:06:54.607171
15148236,30989367,Private room,,Danforth East York (59),4,5.0,3,1.0,23.0,,43.686309,-79.337237,2017-03-12 13:06:54.601673
7851918,41375304,Private room,,Dorset Park (126),2,0.0,1,1.0,31.0,,43.750746,-79.268957,2017-03-12 13:06:54.597847
16651445,16778231,Private room,,Blake-Jones (69),1,0.0,2,1.0,34.0,,43.674666,-79.338962,2017-03-12 13:06:54.595520
314459,1615944,Private room,,Blake-Jones (69),24,5.0,1,1.0,37.0,,43.677281,-79.33585,2017-03-12 13:06:54.592748
16100936,34140929,Private room,,Birchcliffe-Cliffside (122),0,0.0,2,1.0,38.0,,43.675171,-79.27995,2017-03-12 13:06:54.587041
14327860,87680846,Private room,,Taylor-Massey (61),1,0.0,1,1.0,14.0,,43.691556,-79.293584,2017-03-12 13:06:54.584725
3594503,1854872,Private room,,Flemingdon Park (44),6,4.0,2,1.0,36.0,,43.721526,-79.334111,2017-03-12 13:06:54.582474
17192647,3086093,Private room,,Ionview (125),0,0.0,1,1.0,40.0,,43.738132,-79.279033,2017-03-12 13:06:54.576433
8974679,32553627,Private room,,Clairlea-Birchmount (120),0,0.0,2,1.0,38.0,,43.718556,-79.296322,2017-03-12 13:06:54.570987
15500795,99566064,Private room,,Flemingdon Park (44),0,0.0,1,1.0,34.0,,43.71051,-79.334377,2017-03-12 13:06:53.061789
15942759,40998274,Private room,,The Beaches (63),2,0.0,2,1.0,34.0,,43.668219,-79.310977,2017-03-12 13:06:53.059356
13310015,75210814,Private room,,Clairlea-Birchmount (120),0,0.0,1,1.0,34.0,,43.708279,-79.27848,2017-03-12 13:06:53.054624
4097632,21253164,Private room,,East End-Danforth (62),5,5.0,1,1.0,34.0,,43.679846,-79.302697,2017-03-12 13:06:53.051284
16519011,107368378,Private room,,South Riverdale (70),0,0.0,4,2.0,28.0,,43.667013,-79.333627,2017-03-12 13:06:53.048791
10634620,27145064,Private room,,Danforth (66),0,0.0,2,1.0,38.0,,43.682726,-79.331922,2017-03-12 13:06:53.044659
8689594,39077706,Private room,,Flemingdon Park (44),0,0.0,1,1.0,38.0,,43.718709,-79.327904,2017-03-12 13:06:53.038594
17448990,45913425,Private room,,East End-Danforth (62),0,0.0,2,1.0,40.0,,43.684043,-79.298211,2017-03-12 13:06:53.036244
9637409,2150975,Private room,,Greenwood-Coxwell (65),34,5.0,2,1.0,37.0,,43.66498,-79.321114,2017-03-12 13:06:53.030227
13435322,76646212,Private room,,Woodbine Corridor (64),1,0.0,1,1.0,38.0,,43.684864,-79.313005,2017-03-12 13:06:53.025608
16846186,34140929,Private room,,Birchcliffe-Cliffside (122),0,0.0,2,1.0,38.0,,43.673977,-79.280636,2017-03-12 13:06:51.645904
7280853,22092077,Private room,,South Riverdale (70),36,4.5,2,1.0,28.0,,43.663343,-79.334435,2017-03-12 13:06:51.643739
13815302,81342792,Private room,,East End-Danforth (62),2,0.0,1,1.0,31.0,,43.686271,-79.306526,2017-03-12 13:06:51.641553
10568128,53226870,Private room,,Greenwood-Coxwell (65),8,5.0,1,1.0,34.0,,43.675917,-79.321533,2017-03-12 13:06:51.637600
5637397,3569171,Private room,,The Beaches (63),2,0.0,2,1.0,31.0,,43.677523,-79.289247,2017-03-12 13:06:51.632330
13632,2194,Private room,,Ionview (125),18,5.0,2,1.0,28.0,,43.726308,-79.27523,2017-03-12 13:06:51.628849
9328245,48414425,Private room,,The Beaches (63),0,0.0,1,1.0,34.0,,43.671452,-79.298053,2017-03-12 13:06:51.626372
16181301,105654800,Private room,,East End-Danforth (62),0,0.0,1,1.0,34.0,,43.688207,-79.300794,2017-03-12 13:06:51.624129
3131577,15902550,Private room,,Greenwood-Coxwell (65),49,4.5,2,1.0,28.0,,43.671078,-79.324202,2017-03-12 13:06:50.191014
14236447,75979727,Private room,,Clairlea-Birchmount (120),5,3.5,2,1.0,34.0,,43.716471,-79.260991,2017-03-12 13:06:50.188061
13797927,77111494,Private room,,O'Connor-Parkview (54),11,5.0,1,1.0,23.0,,43.706363,-79.298583,2017-03-12 13:06:50.177652
13936146,77111494,Private room,,O'Connor-Parkview (54),11,5.0,1,1.0,23.0,,43.708749,-79.301207,2017-03-12 13:06:50.171249
10433689,53153248,Private room,,Greenwood-Coxwell (65),0,0.0,2,1.0,27.0,,43.670527,-79.319183,2017-03-12 13:06:50.165211
17422944,117851995,Private room,,O'Connor-Parkview (54),0,0.0,1,1.0,21.0,,43.712041,-79.305073,2017-03-12 13:06:49.385939
6171161,29389698,Private room,,East End-Danforth (62),0,0.0,2,1.0,34.0,,43.682857,-79.30698,2017-03-12 13:06:49.383880
14852275,41741196,Private room,,South Riverdale (70),22,5.0,2,1.0,31.0,,43.662111,-79.330126,2017-03-12 13:06:49.378223
14692687,81485952,Private room,,Taylor-Massey (61),1,0.0,1,1.0,38.0,,43.691735,-79.300228,2017-03-12 13:06:49.374137
14077682,22092077,Private room,,South Riverdale (70),18,5.0,2,1.0,38.0,,43.662217,-79.333189,2017-03-12 13:06:49.368306
12185302,10533955,Private room,,Taylor-Massey (61),1,0.0,2,1.0,27.0,,43.692981,-79.296603,2017-03-12 13:06:49.359297
13615924,78834227,Private room,,Taylor-Massey (61),9,4.5,3,1.0,27.0,,43.695762,-79.292104,2017-03-12 13:06:48.002679
4032146,17331798,Private room,,Victoria Village (43),9,5.0,2,1.0,31.0,,43.718799,-79.301117,2017-03-12 13:06:47.993315
583263,2063396,Private room,,Woodbine-Lumsden (60),8,5.0,1,1.0,25.0,,43.693368,-79.310921,2017-03-12 13:06:47.987927
17572863,117851995,Private room,,O'Connor-Parkview (54),0,0.0,1,1.0,26.0,,43.712787,-79.306273,2017-03-12 13:06:47.975208
9173681,40609951,Private room,,Clairlea-Birchmount (120),6,4.5,2,1.0,34.0,,43.706168,-79.290786,2017-03-12 13:06:47.970626
6169759,29389698,Private room,,East End-Danforth (62),4,5.0,2,1.0,34.0,,43.682925,-79.306341,2017-03-12 13:06:47.269729
6719639,34863606,Private room,,Woodbine-Lumsden (60),17,4.5,2,1.0,36.0,,43.692913,-79.31503,2017-03-12 13:06:47.265550
8049960,6043992,Private room,,East End-Danforth (62),10,4.5,1,1.0,25.0,,43.686846,-79.306755,2017-03-12 13:06:47.260855
16195930,45553176,Private room,,Oakridge (121),1,0.0,3,1.0,23.0,,43.694608,-79.274364,2017-03-12 13:06:47.258709
7832790,33754120,Private room,,Birchcliffe-Cliffside (122),21,4.5,1,1.0,20.0,,43.677928,-79.281006,2017-03-12 13:06:47.255988
14991158,13893030,Private room,,Oakridge (121),6,4.5,1,1.0,34.0,,43.691859,-79.284808,2017-03-12 13:06:47.252447
3978411,11206244,Private room,,Oakridge (121),12,4.0,1,1.0,29.0,,43.699544,-79.275774,2017-03-12 13:06:45.951306
5669069,29389698,Private room,,East End-Danforth (62),12,5.0,2,1.0,38.0,,43.681499,-79.308341,2017-03-12 13:06:44.729872
14531183,89851512,Private room,,Woodbine Corridor (64),8,5.0,1,1.0,27.0,,43.671388,-79.311735,2017-03-12 13:06:44.720766
4424775,16626905,Private room,,Greenwood-Coxwell (65),17,5.0,2,1.0,38.0,,43.680985,-79.323707,2017-03-12 13:06:44.717992
17554026,119125257,Private room,,Oakridge (121),0,0.0,1,1.0,31.0,,43.696768,-79.2746,2017-03-12 13:06:44.714000
1177214,6441026,Private room,,Oakridge (121),1,0.0,1,1.0,39.0,,43.697927,-79.274454,2017-03-12 13:06:44.711617
14687526,91321166,Private room,,The Beaches (63),21,4.5,4,1.0,35.0,,43.673423,-79.285168,2017-03-12 13:06:44.706785
8050424,6043992,Private room,,East End-Danforth (62),8,5.0,1,1.0,23.0,,43.685857,-79.306526,2017-03-12 13:06:44.704062
16101077,34140929,Private room,,Birchcliffe-Cliffside (122),0,0.0,2,1.0,31.0,,43.675382,-79.281289,2017-03-12 13:06:43.605009
17619726,25520857,Private room,,Greenwood-Coxwell (65),0,0.0,1,0.0,20.0,,43.6814,-79.327249,2017-03-12 13:06:43.602855
15840224,75922613,Private room,,Clairlea-Birchmount (120),1,0.0,2,1.0,39.0,,43.705806,-79.277758,2017-03-12 13:06:43.599058
13167226,67345900,Private room,,Clairlea-Birchmount (120),1,0.0,2,1.0,38.0,,43.706334,-79.275463,2017-03-12 13:06:43.595210
7420846,30593040,Private room,,East End-Danforth (62),20,5.0,1,1.0,27.0,,43.683282,-79.298337,2017-03-12 13:06:43.589655
7202173,25913949,Private room,,East End-Danforth (62),30,4.5,1,1.0,23.0,,43.683428,-79.301031,2017-03-12 13:06:43.578969
4099200,21253164,Private room,,East End-Danforth (62),14,5.0,1,1.0,31.0,,43.681051,-79.302399,2017-03-12 13:06:42.420661
13316426,23818161,Private room,,Englemount-Lawrence (32),0,0.0,1,1.0,27.0,,43.721418,-79.435441,2017-03-12 13:06:41.301523
11872238,706785,Private room,,Willowdale East (51),0,0.0,1,1.0,38.0,,43.760446,-79.406091,2017-03-12 13:06:41.297390
15832449,17956476,Private room,,Lawrence Park South (103),1,0.0,3,1.0,38.0,,43.719594,-79.399976,2017-03-12 13:06:41.289548
17255359,113701340,Private room,,Clanton Park (33),0,0.0,2,1.0,25.0,,43.735691,-79.440661,2017-03-12 13:06:39.594279
13752641,36222126,Private room,,Lawrence Park South (103),0,0.0,2,1.0,38.0,,43.720429,-79.398553,2017-03-12 13:06:39.584407
8721479,16811022,Private room,,Clanton Park (33),23,4.5,2,1.0,33.0,,43.736813,-79.443904,2017-03-12 13:06:36.118316
16984512,113701340,Private room,,Clanton Park (33),0,0.0,2,1.0,25.0,,43.735855,-79.440629,2017-03-12 13:06:33.718776
9759024,50328841,Private room,,Lawrence Park North (105),4,5.0,1,1.0,25.0,,43.731233,-79.410018,2017-03-12 13:06:33.708533
14058273,84365584,Private room,,Flemingdon Park (44),13,4.0,1,1.0,25.0,,43.717431,-79.333471,2017-03-12 13:06:31.007868
4244359,22025684,Private room,,Flemingdon Park (44),23,4.0,2,1.0,29.0,,43.717182,-79.33065,2017-03-12 13:06:30.439163
13915283,34923827,Private room,,Willowdale East (51),2,0.0,2,1.0,38.0,,43.767976,-79.402242,2017-03-12 13:06:27.421769
1758574,9207487,Private room,,Willowdale East (51),0,0.0,1,1.0,27.0,,43.765398,-79.411089,2017-03-12 13:06:25.098483
14728724,15136743,Private room,,Newtonbrook East (50),0,0.0,1,1.0,30.0,,43.788473,-79.407475,2017-03-12 13:06:05.540460
14945875,76832937,Private room,,Englemount-Lawrence (32),2,0.0,2,1.0,27.0,,43.731031,-79.436641,2017-03-12 13:06:04.231275
15769716,101975841,Private room,,Don Valley Village (47),0,0.0,1,1.0,31.0,,43.777549,-79.34918,2017-03-12 13:06:03.030590
13451663,76832937,Private room,,Englemount-Lawrence (32),12,5.0,2,1.0,27.0,,43.732061,-79.438096,2017-03-12 13:06:00.438898
11244694,50836566,Private room,,Parkwoods-Donalda (45),5,5.0,2,1.0,27.0,,43.76481,-79.344097,2017-03-12 13:05:58.966201
8566258,16617638,Private room,,Banbury-Don Mills (42),3,5.0,1,1.0,36.0,,43.733203,-79.348682,2017-03-12 13:05:58.961181
15127653,95894915,Private room,,Lansing-Westgate (38),0,0.0,2,1.0,23.0,,43.765123,-79.414092,2017-03-12 13:05:57.698552
14135396,1802846,Private room,,Bridle Path-Sunnybrook-York Mills (41),8,5.0,2,1.0,34.0,,43.737489,-79.402514,2017-03-12 13:05:56.386491
12540595,21449763,Private room,,Bedford Park-Nortown (39),19,4.5,2,1.0,14.0,,43.737417,-79.425286,2017-03-12 13:05:55.130784
17014696,113733402,Private room,,Banbury-Don Mills (42),1,0.0,1,1.0,20.0,,43.74452,-79.345635,2017-03-12 13:05:54.063449
15397159,83828264,Private room,,Banbury-Don Mills (42),1,0.0,2,1.0,41.0,,43.725997,-79.328924,2017-03-12 13:05:45.601177
6105362,31631417,Private room,,Ionview (125),0,0.0,1,1.0,34.0,,43.72983,-79.270042,2017-03-12 13:05:45.596737
15007343,94686247,Private room,,Milliken (130),0,0.0,2,1.0,38.0,,43.826162,-79.271328,2017-03-12 13:03:50.199258
10283320,38819581,Private room,,Milliken (130),3,4.5,3,1.0,38.0,,43.826583,-79.291394,2017-03-12 13:03:49.478311
8247783,38819581,Private room,,Milliken (130),0,0.0,2,1.0,38.0,,43.825793,-79.291267,2017-03-12 13:03:49.475522
8016563,38819581,Private room,,Milliken (130),3,4.5,2,1.0,38.0,,43.825459,-79.290444,2017-03-12 13:03:49.466554
16368294,100969994,Private room,,Milliken (130),0,0.0,2,1.0,38.0,,43.827784,-79.287935,2017-03-12 13:03:47.422540
8234161,43421306,Private room,,Pleasant View (46),1,0.0,1,1.0,29.0,,43.793688,-79.339738,2017-03-12 13:03:43.540604
8105785,22146449,Private room,,Wexford/Maryvale (119),18,5.0,1,1.0,23.0,,43.76868,-79.311617,2017-03-12 13:03:43.526621
13234680,31755571,Private room,,Bayview Village (52),0,0.0,1,1.0,16.0,,43.786637,-79.367606,2017-03-12 13:03:43.522615
14240359,86422817,Private room,,Pleasant View (46),2,0.0,2,1.0,34.0,,43.793889,-79.340723,2017-03-12 13:03:43.513033
3585951,18023530,Private room,,L'Amoreaux (117),6,5.0,2,1.0,38.0,,43.792232,-79.309858,2017-03-12 13:03:43.506476
15188848,82337010,Private room,,Don Valley Village (47),3,4.5,1,1.0,27.0,,43.780711,-79.347706,2017-03-12 13:03:42.736452
7265542,18023530,Private room,,L'Amoreaux (117),8,4.0,2,1.0,27.0,,43.79029,-79.309682,2017-03-12 13:03:42.727376
17109101,112255259,Private room,,Tam O'Shanter-Sullivan (118),0,0.0,3,1.0,38.0,,43.784483,-79.291267,2017-03-12 13:03:42.722366
14430394,70849121,Private room,,Agincourt South-Malvern West (128),1,0.0,2,1.0,27.0,,43.796961,-79.282904,2017-03-12 13:03:42.719851
14016370,22735639,Private room,,Steeles (116),2,0.0,1,1.0,31.0,,43.811786,-79.334024,2017-03-12 13:03:42.716180
15362207,2479385,Private room,,Willowdale East (51),7,5.0,4,1.0,28.0,,43.780798,-79.407122,2017-03-12 13:03:42.713891
12911187,56598592,Private room,,Pleasant View (46),6,4.0,3,1.0,37.0,,43.798504,-79.338392,2017-03-12 13:03:41.678850
1545555,65479,Private room,,Pleasant View (46),5,4.5,1,1.0,19.0,,43.780489,-79.328038,2017-03-12 13:03:41.663152
11721224,534666,Private room,,Newtonbrook East (50),3,5.0,2,1.0,23.0,,43.799427,-79.408259,2017-03-12 13:03:41.659267
16691350,86820662,Private room,,Agincourt South-Malvern West (128),0,0.0,2,1.0,28.0,,43.783888,-79.28267,2017-03-12 13:03:41.656706
850246,65479,Private room,,Pleasant View (46),4,5.0,1,1.0,19.0,,43.779699,-79.328824,2017-03-12 13:03:41.651211
8420453,32044025,Private room,,Bayview Woods-Steeles (49),4,4.5,1,1.0,37.0,,43.791785,-79.371913,2017-03-12 13:03:40.134320
15378721,92357210,Private room,,Willowdale East (51),3,5.0,2,1.0,26.0,,43.770412,-79.405846,2017-03-12 13:03:40.132101
13994487,83547279,Private room,,L'Amoreaux (117),2,0.0,2,1.0,37.0,,43.786276,-79.322077,2017-03-12 13:03:40.127223
12655855,68754285,Private room,,Newtonbrook East (50),0,0.0,1,1.0,23.0,,43.79571,-79.395334,2017-03-12 13:03:40.124761
9407413,34194007,Private room,,Hillcrest Village (48),11,5.0,1,1.0,40.0,,43.802821,-79.364653,2017-03-12 13:03:40.121616
16082947,91208270,Private room,,Willowdale West (37),4,5.0,2,1.0,40.0,,43.771891,-79.421574,2017-03-12 13:03:40.118035
14428511,70849121,Private room,,Agincourt South-Malvern West (128),3,4.5,2,1.0,27.0,,43.79521,-79.284285,2017-03-12 13:03:40.115849
16992563,2479385,Private room,,Willowdale East (51),1,0.0,1,1.0,25.0,,43.770214,-79.408441,2017-03-12 13:03:40.113787
14961807,94202433,Private room,,Willowdale West (37),18,4.5,2,1.0,38.0,,43.778691,-79.41827,2017-03-12 13:03:40.108699
16882890,94697158,Private room,,Willowdale East (51),3,4.0,1,1.0,19.0,,43.768488,-79.401488,2017-03-12 13:03:40.102374
14314943,70849121,Private room,,Agincourt South-Malvern West (128),1,0.0,2,1.0,23.0,,43.79556,-79.285996,2017-03-12 13:03:40.099026
10523481,47011532,Private room,,Don Valley Village (47),1,0.0,2,1.0,35.0,,43.786583,-79.347092,2017-03-12 13:03:39.339256
16195189,44641762,Private room,,Newtonbrook East (50),1,0.0,2,1.0,34.0,,43.782644,-79.412413,2017-03-12 13:03:39.320104
16093646,2479385,Private room,,Willowdale East (51),4,4.5,2,1.0,25.0,,43.772726,-79.412705,2017-03-12 13:03:38.698276
17238868,116136365,Private room,,Woburn (137),0,0.0,2,1.0,34.0,,43.768007,-79.248927,2017-03-12 13:03:38.696120
17541825,2479385,Private room,,Willowdale East (51),0,0.0,2,1.0,22.0,,43.767852,-79.407992,2017-03-12 13:03:38.692086
14944149,2479385,Private room,,Willowdale East (51),7,4.0,4,1.0,27.0,,43.780076,-79.40857,2017-03-12 13:03:38.681880
17160679,21737657,Private room,,Willowdale East (51),0,0.0,2,1.0,31.0,,43.771721,-79.411357,2017-03-12 13:03:38.679053
16874091,83547279,Private room,,L'Amoreaux (117),0,0.0,2,1.0,34.0,,43.785931,-79.3199,2017-03-12 13:03:38.665036
14592955,89843199,Private room,,Newtonbrook West (36),22,4.5,2,1.0,19.0,,43.778063,-79.423678,2017-03-12 13:03:38.070579
16571386,6096034,Private room,,Tam O'Shanter-Sullivan (118),0,0.0,2,1.0,22.0,,43.776668,-79.292622,2017-03-12 13:03:38.068451
5051687,12483499,Private room,,Hillcrest Village (48),0,0.0,1,1.0,27.0,,43.800829,-79.365588,2017-03-12 13:03:38.059006
7362438,38565491,Private room,,Dorset Park (126),75,4.5,3,1.0,40.0,,43.770901,-79.284909,2017-03-12 13:03:38.053248
15858230,92357210,Private room,,Willowdale West (37),2,0.0,2,1.0,27.0,,43.777972,-79.421895,2017-03-12 13:03:38.049363
14789265,92357210,Private room,,Willowdale East (51),4,5.0,2,1.0,26.0,,43.771748,-79.406141,2017-03-12 13:03:38.043466
11477640,38819581,Private room,,Milliken (130),4,5.0,2,1.0,23.0,,43.827219,-79.290517,2017-03-12 13:03:37.086763
8522957,35463989,Private room,,L'Amoreaux (117),15,4.5,2,1.0,27.0,,43.789918,-79.308439,2017-03-12 13:03:37.081129
14556113,30053002,Private room,,Newtonbrook West (36),16,5.0,2,1.0,25.0,,43.784334,-79.423298,2017-03-12 13:03:37.077541
9586124,49620108,Private room,,Agincourt South-Malvern West (128),0,0.0,1,1.0,38.0,,43.783925,-79.283107,2017-03-12 13:03:37.068588
13891828,79434839,Private room,,Newtonbrook East (50),0,0.0,2,1.0,38.0,,43.799249,-79.397727,2017-03-12 13:03:37.066422
14488124,89394758,Private room,,Don Valley Village (47),2,0.0,1,1.0,38.0,,43.778397,-79.351002,2017-03-12 13:03:37.058723
12465306,32563638,Private room,,Newtonbrook East (50),5,4.5,2,1.0,31.0,,43.787672,-79.41532,2017-03-12 13:03:37.056345
14555500,89843199,Private room,,Willowdale West (37),32,4.5,3,1.0,19.0,,43.777932,-79.423677,2017-03-12 13:03:37.052475
12742233,21737657,Private room,,Willowdale East (51),20,4.5,2,1.0,27.0,,43.779594,-79.409171,2017-03-12 13:03:37.049389
15545774,94697158,Private room,,Willowdale East (51),5,4.5,2,1.0,29.0,,43.768547,-79.402797,2017-03-12 13:03:35.724260
16164105,68264654,Private room,,Newtonbrook East (50),1,0.0,2,1.0,19.0,,43.784996,-79.415453,2017-03-12 13:03:35.710311
7938896,22146449,Private room,,Wexford/Maryvale (119),0,0.0,1,1.0,31.0,,43.768423,-79.311859,2017-03-12 13:03:35.707492
4251406,22061469,Private room,,Henry Farm (53),22,5.0,2,1.0,35.0,,43.773806,-79.344946,2017-03-12 13:03:35.703487
12489556,2479385,Private room,,Willowdale East (51),15,5.0,1,1.0,26.0,,43.770271,-79.410132,2017-03-12 13:03:35.693228
11282188,10701654,Private room,,Willowdale East (51),13,5.0,1,1.0,34.0,,43.779609,-79.413941,2017-03-12 13:03:35.690536
15843503,22735639,Private room,,Steeles (116),0,0.0,2,1.0,38.0,,43.812973,-79.333674,2017-03-12 13:03:34.837514
6901834,35878579,Private room,,Hillcrest Village (48),14,4.5,3,1.0,38.0,,43.802493,-79.369961,2017-03-12 13:03:33.928123
12523599,2479385,Private room,,Newtonbrook East (50),18,4.5,1,1.0,25.0,,43.78363,-79.40305,2017-03-12 13:03:33.922199
11950170,2479385,Private room,,Newtonbrook East (50),12,4.5,2,1.0,25.0,,43.783534,-79.404866,2017-03-12 13:03:33.915281
15759094,97031391,Private room,,Hillcrest Village (48),0,0.0,2,1.0,23.0,,43.798707,-79.354115,2017-03-12 13:03:33.913197
13686065,77560691,Private room,,L'Amoreaux (117),6,5.0,2,1.0,29.0,,43.776968,-79.321193,2017-03-12 13:03:33.906870
15798296,25698183,Private room,,Bayview Woods-Steeles (49),1,0.0,1,1.0,23.0,,43.802384,-79.374086,2017-03-12 13:03:32.726009
16900718,112802789,Private room,,Pleasant View (46),1,0.0,1,1.0,20.0,,43.783529,-79.329427,2017-03-12 13:03:32.698362
14550396,38819581,Private room,,Milliken (130),0,0.0,2,1.0,38.0,,43.824684,-79.291545,2017-03-12 13:03:31.475493
15713404,26503215,Private room,,L'Amoreaux (117),1,0.0,2,1.0,31.0,,43.793784,-79.323992,2017-03-12 13:03:31.455765
16112447,49092095,Private room,,Agincourt South-Malvern West (128),11,4.0,2,1.0,19.0,,43.793159,-79.28332,2017-03-12 13:03:29.892197
10106570,6096034,Private room,,Pleasant View (46),35,4.5,2,1.0,20.0,,43.79228,-79.34113,2017-03-12 13:03:29.864377
7643805,33429610,Private room,,Bayview Woods-Steeles (49),26,4.5,1,1.0,24.0,,43.794733,-79.376325,2017-03-12 13:03:28.861060
16309882,89943803,Private room,,Hillcrest Village (48),4,5.0,2,1.0,25.0,,43.800809,-79.355487,2017-03-12 13:03:28.858774
15596826,100393231,Private room,,Steeles (116),1,0.0,2,1.0,28.0,,43.818065,-79.316358,2017-03-12 13:03:28.854320
15409703,65790124,Private room,,Steeles (116),3,5.0,2,1.0,28.0,,43.816059,-79.305144,2017-03-12 13:03:28.840648
8234216,43421306,Private room,,Pleasant View (46),4,2.5,1,1.0,27.0,,43.791543,-79.339532,2017-03-12 13:03:28.830497
8595638,645000,Private room,,Henry Farm (53),25,5.0,2,1.0,36.0,,43.773741,-79.339792,2017-03-12 13:03:28.025059
3309673,16667436,Private room,,Steeles (116),12,5.0,1,1.0,25.0,,43.814431,-79.327892,2017-03-12 13:03:26.754047
15436342,25278998,Private room,,Agincourt North (129),7,5.0,2,1.0,16.0,,43.814514,-79.270486,2017-03-12 13:03:25.569876
14266680,65383919,Private room,,Bayview Woods-Steeles (49),10,4.0,1,1.0,22.0,,43.801766,-79.378669,2017-03-12 13:03:25.562107
16101316,64517266,Private room,,Bayview Village (52),0,0.0,1,1.0,20.0,,43.779426,-79.369186,2017-03-12 13:03:05.582968
16975758,21402806,Private room,,Clairlea-Birchmount (120),1,0.0,2,1.0,27.0,,43.715897,-79.278891,2017-03-12 13:03:05.564240
15303230,2479385,Private room,,Willowdale East (51),6,4.5,2,1.0,25.0,,43.759755,-79.40505,2017-03-12 13:03:05.561640
7149880,37443371,Private room,,Banbury-Don Mills (42),33,5.0,1,1.0,29.0,,43.731211,-79.334564,2017-03-12 13:03:05.554869
17572875,117851995,Private room,,O'Connor-Parkview (54),0,0.0,1,1.0,26.0,,43.712025,-79.306347,2017-03-12 13:03:05.552345
16678108,86820662,Private room,,Agincourt South-Malvern West (128),1,0.0,2,1.0,23.0,,43.783678,-79.282914,2017-03-12 13:03:05.549802
954475,1854872,Private room,,Flemingdon Park (44),11,5.0,1,1.0,30.0,,43.721067,-79.336044,2017-03-12 13:03:04.432666
7288804,37443371,Private room,,Banbury-Don Mills (42),23,4.5,1,1.0,29.0,,43.72954,-79.332932,2017-03-12 13:03:04.429598
559178,2748677,Private room,,Wexford/Maryvale (119),78,4.5,3,1.0,29.0,,43.766936,-79.318964,2017-03-12 13:03:04.426677
16428955,25278998,Private room,,Agincourt North (129),0,0.0,2,1.0,31.0,,43.815935,-79.270324,2017-03-12 13:03:04.424325
14833729,6432903,Private room,,Bendale (127),1,0.0,2,1.0,24.0,,43.761575,-79.25931,2017-03-12 13:03:04.420127
13908116,27090951,Private room,,Henry Farm (53),15,4.5,2,1.0,30.0,,43.771148,-79.3457,2017-03-12 13:03:04.416274
16013706,104125177,Private room,,Parkwoods-Donalda (45),2,0.0,2,1.0,21.0,,43.758661,-79.32203,2017-03-12 13:03:04.413677
16781447,6096034,Private room,,Tam O'Shanter-Sullivan (118),0,0.0,2,1.0,20.0,,43.777757,-79.292271,2017-03-12 13:03:04.401587
10299241,49092095,Private room,,Milliken (130),5,4.5,2,1.0,20.0,,43.819127,-79.292995,2017-03-12 13:03:04.399287
15201900,96543010,Private room,,Banbury-Don Mills (42),12,5.0,2,1.0,31.0,,43.7385,-79.344847,2017-03-12 13:03:04.394763
9477855,49092095,Private room,,Milliken (130),5,4.0,2,1.0,20.0,,43.817973,-79.294713,2017-03-12 13:03:04.391905
14336460,70045953,Private room,,Wexford/Maryvale (119),4,4.5,1,1.0,27.0,,43.752875,-79.293429,2017-03-12 13:03:04.389448
9551521,49092095,Private room,,Milliken (130),5,4.0,2,1.0,31.0,,43.817657,-79.293788,2017-03-12 13:03:03.367210
13752147,58109938,Private room,,Steeles (116),9,5.0,2,1.0,34.0,,43.814834,-79.332372,2017-03-12 13:03:03.361664
6835713,35339282,Private room,,Ionview (125),14,5.0,2,1.0,29.0,,43.737165,-79.269043,2017-03-12 13:03:03.357929
17132887,60687763,Private room,,Milliken (130),0,0.0,2,1.0,34.0,,43.827368,-79.276286,2017-03-12 13:03:03.355814
11849176,63123409,Private room,,Bendale (127),7,4.5,1,1.0,38.0,,43.772663,-79.258403,2017-03-12 13:03:03.353095
16975734,21402806,Private room,,Clairlea-Birchmount (120),2,0.0,2,1.0,23.0,,43.71666,-79.277556,2017-03-12 13:03:03.350869
11941107,35082478,Private room,,Wexford/Maryvale (119),3,4.5,1,1.0,31.0,,43.761225,-79.312228,2017-03-12 13:03:03.346689
14404315,70849121,Private room,,Agincourt South-Malvern West (128),2,0.0,2,1.0,27.0,,43.796497,-79.283373,2017-03-12 13:03:03.344562
15323679,78807015,Private room,,Dorset Park (126),3,4.5,2,1.0,28.0,,43.766296,-79.280535,2017-03-12 13:03:03.339085
16603767,6096034,Private room,,Tam O'Shanter-Sullivan (118),0,0.0,2,1.0,31.0,,43.778341,-79.292162,2017-03-12 13:03:03.330701
15049970,39229191,Private room,,Steeles (116),5,4.5,2,1.0,37.0,,43.807703,-79.321212,2017-03-12 13:03:03.328335
14907189,43532534,Private room,,Rouge (131),14,5.0,2,1.0,23.0,,43.789625,-79.13259,2017-03-12 13:03:01.971077
17604688,32443948,Private room,,Dorset Park (126),0,0.0,2,0.0,30.0,,43.764027,-79.291244,2017-03-12 13:03:01.968040
15044368,39229191,Private room,,Steeles (116),5,4.0,3,1.0,29.0,,43.806182,-79.322623,2017-03-12 13:03:01.965282
11626491,29395026,Private room,,Rouge (131),3,5.0,2,1.0,31.0,,43.818797,-79.201301,2017-03-12 13:03:01.954789
9906411,6096034,Private room,,Pleasant View (46),26,4.5,4,1.0,34.0,,43.792427,-79.340272,2017-03-12 13:03:01.952003
16673645,97043405,Private room,,Henry Farm (53),1,0.0,2,1.0,27.0,,43.774197,-79.345266,2017-03-12 13:03:01.949758
8672295,6000171,Private room,,Agincourt North (129),10,4.5,1,1.0,21.0,,43.807426,-79.258991,2017-03-12 13:03:01.945824
9472192,49092095,Private room,,Milliken (130),9,4.0,2,1.0,23.0,,43.817699,-79.293122,2017-03-12 13:03:01.942880
15469629,99278675,Private room,,Malvern (132),0,0.0,1,1.0,30.0,,43.793561,-79.237158,2017-03-12 13:03:01.940020
12175805,6096034,Private room,,Pleasant View (46),5,4.0,2,1.0,13.0,,43.791452,-79.339797,2017-03-12 13:03:01.937900
15917095,93038781,Private room,,Rouge (131),2,0.0,2,1.0,16.0,,43.806925,-79.18654,2017-03-12 13:03:01.935579
14952826,93942730,Private room,,Victoria Village (43),4,5.0,2,1.0,31.0,,43.737769,-79.308205,2017-03-12 13:03:01.930143
16873436,111560686,Private room,,Milliken (130),1,0.0,2,1.0,24.0,,43.818193,-79.291264,2017-03-12 13:03:00.821153
13751091,80563298,Private room,,Woburn (137),0,0.0,2,1.0,13.0,,43.767732,-79.210872,2017-03-12 13:03:00.817637
6466766,22146449,Private room,,Wexford/Maryvale (119),26,5.0,1,1.0,23.0,,43.768233,-79.310417,2017-03-12 13:03:00.813698
10835980,56113527,Private room,,West Hill (136),22,5.0,2,1.0,37.0,,43.770686,-79.156908,2017-03-12 13:03:00.809413
16789553,111560686,Private room,,Milliken (130),3,3.5,4,1.0,20.0,,43.819575,-79.292294,2017-03-12 13:03:00.807160
13798532,81126924,Private room,,Cliffcrest (123),12,5.0,1,1.0,34.0,,43.72808,-79.231062,2017-03-12 13:03:00.805248
14712940,49224579,Private room,,Ionview (125),10,4.5,1,1.0,25.0,,43.737683,-79.267299,2017-03-12 13:03:00.803258
13857381,32768681,Private room,,Parkwoods-Donalda (45),9,5.0,1,1.0,23.0,,43.759006,-79.316605,2017-03-12 13:03:00.799217
17573295,117851995,Private room,,O'Connor-Parkview (54),0,0.0,1,1.0,26.0,,43.713022,-79.30656,2017-03-12 13:03:00.793908
16766445,22731871,Private room,,Eglinton East (138),0,0.0,1,1.0,23.0,,43.739117,-79.261195,2017-03-12 13:03:00.791576
12760830,49224579,Private room,,Ionview (125),20,4.5,1,1.0,29.0,,43.735539,-79.266482,2017-03-12 13:03:00.786862
9616875,6096034,Private room,,Pleasant View (46),15,5.0,2,1.0,22.0,,43.792332,-79.340874,2017-03-12 13:03:00.784262
15597460,100393231,Private room,,Steeles (116),3,4.5,1,1.0,25.0,,43.816367,-79.316286,2017-03-12 13:03:00.781755
9551600,49092095,Private room,,Milliken (130),10,4.0,2,1.0,20.0,,43.819003,-79.292924,2017-03-12 13:02:59.431026
16781194,6096034,Private room,,Tam O'Shanter-Sullivan (118),1,0.0,2,1.0,20.0,,43.777584,-79.292855,2017-03-12 13:02:59.428774
11261338,49092095,Private room,,Milliken (130),13,4.0,2,1.0,20.0,,43.817443,-79.294199,2017-03-12 13:02:59.425974
10732815,6096034,Private room,,Pleasant View (46),33,4.5,2,1.0,20.0,,43.792589,-79.341395,2017-03-12 13:02:59.423838
16261187,49092095,Private room,,Agincourt South-Malvern West (128),2,0.0,2,1.0,22.0,,43.790033,-79.285544,2017-03-12 13:02:59.421626
15565578,49092095,Private room,,Agincourt South-Malvern West (128),5,4.5,2,1.0,19.0,,43.793621,-79.28168,2017-03-12 13:02:59.417338
13193677,20842616,Private room,,Willowdale West (37),10,5.0,1,1.0,37.0,,43.776606,-79.414781,2017-03-12 13:04:14.143567
16396052,107410684,Private room,,Bayview Woods-Steeles (49),0,0.0,1,1.0,27.0,,43.789061,-79.39243,2017-03-12 13:04:14.141450
8308935,32044025,Private room,,Bayview Woods-Steeles (49),3,5.0,1,1.0,37.0,,43.792607,-79.371622,2017-03-12 13:04:14.134393
16486593,35518063,Private room,,Hillcrest Village (48),1,0.0,3,1.0,24.0,,43.807806,-79.36105,2017-03-12 13:04:12.764676
6448990,32964826,Private room,,Newtonbrook West (36),48,5.0,2,1.0,31.0,,43.783463,-79.416773,2017-03-12 13:04:12.760214
13361733,2479385,Private room,,Willowdale East (51),21,4.5,2,1.0,24.0,,43.759549,-79.404935,2017-03-12 13:04:12.757863
11211367,52921252,Private room,,Lansing-Westgate (38),6,5.0,2,1.0,38.0,,43.757258,-79.416495,2017-03-12 13:04:12.753408
16578947,106327097,Private room,,Bayview Woods-Steeles (49),0,0.0,2,1.0,34.0,,43.791145,-79.371936,2017-03-12 13:04:12.751007
15229640,15136743,Private room,,Newtonbrook East (50),0,0.0,1,1.0,18.0,,43.783724,-79.407032,2017-03-12 13:04:12.743607
17499264,21737657,Private room,,Willowdale East (51),0,0.0,2,1.0,27.0,,43.760832,-79.404715,2017-03-12 13:04:11.541362
17634709,2479385,Private room,,Willowdale East (51),0,0.0,1,1.0,22.0,,43.767133,-79.407188,2017-03-12 13:04:10.557834
10573722,47652141,Private room,,Milliken (130),42,4.5,2,1.0,23.0,,43.819302,-79.291539,2017-03-12 13:02:59.415137
15423762,49092095,Private room,,Agincourt South-Malvern West (128),13,4.5,2,1.0,20.0,,43.793119,-79.282182,2017-03-12 13:02:59.410644
10275352,49092095,Private room,,Milliken (130),27,4.5,2,1.0,20.0,,43.816599,-79.292652,2017-03-12 13:02:59.403482
15083846,78807015,Private room,,Dorset Park (126),3,5.0,2,1.0,37.0,,43.76678,-79.280023,2017-03-12 13:02:59.396454
15068068,49092095,Private room,,Agincourt South-Malvern West (128),14,4.5,2,1.0,22.0,,43.79316,-79.283829,2017-03-12 13:02:59.393949
15340701,50535614,Private room,,Dorset Park (126),4,5.0,2,1.0,35.0,,43.767257,-79.28104,2017-03-12 13:02:59.390756
15073923,78807015,Private room,,Dorset Park (126),25,4.5,2,1.0,31.0,,43.763803,-79.290544,2017-03-12 13:02:58.704531
15084104,50535614,Private room,,Dorset Park (126),4,5.0,2,1.0,35.0,,43.766715,-79.279929,2017-03-12 13:02:58.700638
8546395,35564550,Private room,,Guildwood (140),28,5.0,2,1.0,27.0,,43.754294,-79.181693,2017-03-12 13:02:58.696471
16948526,90913310,Private room,,Morningside (135),1,0.0,2,1.0,15.0,,43.787276,-79.211224,2017-03-12 13:02:58.692222
15568866,77919672,Private room,,Bendale (127),1,0.0,2,1.0,31.0,,43.768641,-79.262008,2017-03-12 13:02:58.686712
16242696,49527135,Private room,,Agincourt South-Malvern West (128),0,0.0,2,1.0,20.0,,43.786158,-79.260024,2017-03-12 13:02:58.680086
16917308,108333353,Private room,,Tam O'Shanter-Sullivan (118),1,0.0,1,1.0,27.0,,43.77607,-79.317511,2017-03-12 13:02:58.674359
13026457,71953386,Private room,,Banbury-Don Mills (42),9,4.5,2,1.0,34.0,,43.729843,-79.335985,2017-03-12 13:02:57.237816
15595990,100393231,Private room,,Steeles (116),1,0.0,2,1.0,30.0,,43.816138,-79.315427,2017-03-12 13:02:57.233869
11100177,22731871,Private room,,Eglinton East (138),14,4.5,1,1.0,21.0,,43.740831,-79.260029,2017-03-12 13:02:57.228442
16987118,40059652,Private room,,Clairlea-Birchmount (120),0,0.0,2,1.0,23.0,,43.707569,-79.295134,2017-03-12 13:02:57.219987
16806974,93772842,Private room,,Pleasant View (46),2,0.0,2,1.0,27.0,,43.781036,-79.329641,2017-03-12 13:02:57.217301
17512847,118720350,Private room,,Parkwoods-Donalda (45),0,0.0,4,1.0,23.0,,43.758028,-79.316808,2017-03-12 13:02:57.214763
17155553,101066224,Private room,,Don Valley Village (47),3,5.0,2,1.0,28.0,,43.775586,-79.34896,2017-03-12 13:02:57.206614
15937407,103438816,Private room,,Kennedy Park (124),4,4.0,2,1.0,23.0,,43.722425,-79.259239,2017-03-12 13:02:57.194584
7774184,8290461,Private room,,Steeles (116),16,4.5,1,1.0,33.0,,43.816165,-79.324924,2017-03-12 13:02:56.456518
14968966,33429610,Private room,,Bayview Woods-Steeles (49),18,4.5,1,1.0,22.0,,43.796497,-79.377694,2017-03-12 13:02:56.454568
17587570,119476920,Private room,,Highland Creek (134),0,0.0,2,0.0,21.0,,43.79541,-79.185982,2017-03-12 13:02:56.452412
14800586,85744952,Private room,,Cliffcrest (123),13,4.5,3,1.0,20.0,,43.735544,-79.235119,2017-03-12 13:02:56.449571
14093292,84791479,Private room,,Agincourt North (129),0,0.0,2,1.0,38.0,,43.810782,-79.258268,2017-03-12 13:02:56.445804
7065223,37044918,Private room,,Malvern (132),35,4.5,2,1.0,32.0,,43.803215,-79.202669,2017-03-12 13:02:56.443376
17239049,90913310,Private room,,Morningside (135),0,0.0,1,1.0,22.0,,43.786397,-79.212316,2017-03-12 13:02:56.438673
6783451,35463989,Private room,,L'Amoreaux (117),28,5.0,2,1.0,27.0,,43.787906,-79.308377,2017-03-12 13:02:56.435258
9920637,47652141,Private room,,Milliken (130),32,4.5,2,1.0,20.0,,43.818157,-79.288914,2017-03-12 13:02:56.432270
16790165,111560686,Private room,,Milliken (130),4,3.0,2,1.0,20.0,,43.820315,-79.29138,2017-03-12 13:02:56.430102
11985947,4802738,Private room,,Taylor-Massey (61),30,5.0,2,1.0,31.0,,43.693011,-79.300769,2017-03-12 13:02:56.426986
15774808,49224579,Private room,,Ionview (125),6,4.5,1,1.0,22.0,,43.736466,-79.267815,2017-03-12 13:02:55.194907
15080401,50535614,Private room,,Dorset Park (126),10,5.0,2,1.0,35.0,,43.763237,-79.290797,2017-03-12 13:02:55.192509
7093099,35564550,Private room,,Guildwood (140),52,4.5,2,1.0,26.0,,43.753517,-79.182582,2017-03-12 13:02:55.183382
15056269,92885934,Private room,,Wexford/Maryvale (119),27,5.0,1,1.0,23.0,,43.739661,-79.308129,2017-03-12 13:02:55.180915
8994349,46116579,Private room,,Agincourt South-Malvern West (128),26,5.0,1,1.0,20.0,,43.791537,-79.242682,2017-03-12 13:02:55.178681
9464012,6096034,Private room,,Pleasant View (46),27,4.5,2,1.0,23.0,,43.79148,-79.341049,2017-03-12 13:02:55.172725
16991761,87151363,Private room,,Woburn (137),2,0.0,1,1.0,15.0,,43.762711,-79.243161,2017-03-12 13:02:55.166935
9634299,49482784,Private room,,Mount Pleasant East (99),42,5.0,2,1.0,31.0,,43.712256,-79.377861,2017-03-12 13:02:51.596846
13020569,30053002,Private room,,Newtonbrook West (36),33,5.0,2,1.0,23.0,,43.785848,-79.422539,2017-03-12 13:02:51.594672
12009851,28559655,Private room,,Black Creek (24),16,5.0,2,1.0,28.0,,43.762093,-79.521336,2017-03-12 13:02:51.592572
17339517,117106414,Private room,,Trinity-Bellwoods (81),2,0.0,2,1.0,38.0,,43.646585,-79.407141,2017-03-12 13:02:51.590446
14088661,55605658,Private room,,Eglinton East (138),13,4.5,2,1.0,20.0,,43.735278,-79.25772,2017-03-12 13:02:51.588444
13815423,7153656,Private room,,Regent Park (72),8,4.5,1,1.0,36.0,,43.659312,-79.363786,2017-03-12 13:02:51.582953
4917789,25327859,Private room,,South Parkdale (85),2,0.0,2,1.0,33.0,,43.639392,-79.434992,2017-03-12 13:02:51.579269
5683702,16853533,Private room,,Parkwoods-Donalda (45),88,5.0,2,1.0,36.0,,43.760891,-79.332089,2017-03-12 13:02:51.577085
16465288,35438481,Private room,,Roncesvalles (86),1,0.0,2,1.0,28.0,,43.642378,-79.447304,2017-03-12 13:02:51.575092
16957274,64937522,Private room,,Bay Street Corridor (76),1,0.0,1,1.0,31.0,,43.661395,-79.385421,2017-03-12 13:02:51.572587
615466,2774870,Private room,,Kensington-Chinatown (78),62,4.5,1,1.0,19.0,,43.653368,-79.402268,2017-03-12 13:02:51.570019
15536428,21737657,Private room,,Willowdale East (51),5,5.0,2,1.0,27.0,,43.772051,-79.412373,2017-03-12 13:02:51.564897
12751155,69355113,Private room,,Henry Farm (53),15,4.0,1,1.0,31.0,,43.768276,-79.341918,2017-03-12 13:02:51.561631
4500261,17412262,Private room,,High Park-Swansea (87),51,5.0,2,1.0,25.0,,43.652947,-79.457855,2017-03-12 13:02:50.160503
13404507,57054213,Private room,,Trinity-Bellwoods (81),41,4.5,2,1.0,34.0,,43.647226,-79.408562,2017-03-12 13:02:50.156878
16423968,11553361,Private room,,Trinity-Bellwoods (81),14,5.0,1,1.0,38.0,,43.647537,-79.407643,2017-03-12 13:02:50.153207
16148325,95023036,Private room,,Hillcrest Village (48),10,4.5,2,1.0,23.0,,43.800784,-79.347053,2017-03-12 13:02:50.151102
9226176,47968254,Private room,,Bathurst Manor (34),20,5.0,2,1.0,31.0,,43.760366,-79.456682,2017-03-12 13:02:50.148490
4925824,19194757,Private room,,Kensington-Chinatown (78),113,5.0,2,1.0,36.0,,43.648505,-79.399654,2017-03-12 13:02:50.145396
818228,4297691,Private room,,Dovercourt-Wallace Emerson-Junction (93),123,5.0,2,1.0,32.0,,43.658537,-79.443228,2017-03-12 13:02:50.142467
16692488,95610903,Private room,,Clairlea-Birchmount (120),4,5.0,1,1.0,37.0,,43.715057,-79.282675,2017-03-12 13:02:50.139977
13864819,81954610,Private room,,Church-Yonge Corridor (75),21,4.5,2,1.0,37.0,,43.653712,-79.374031,2017-03-12 13:02:50.135127
15188033,15495101,Private room,,Dovercourt-Wallace Emerson-Junction (93),5,5.0,2,1.0,25.0,,43.669442,-79.428733,2017-03-12 13:02:50.132774
14730239,25193923,Private room,,Kensington-Chinatown (78),28,5.0,2,1.0,33.0,,43.6534,-79.389577,2017-03-12 13:02:50.130051
14887126,49380886,Private room,,Wexford/Maryvale (119),3,5.0,4,1.0,29.0,,43.761553,-79.302045,2017-03-12 13:02:50.125383
17155412,115370593,Private room,,Dovercourt-Wallace Emerson-Junction (93),1,0.0,2,1.0,28.0,,43.666007,-79.445856,2017-03-12 13:02:48.873406
15424403,2479385,Private room,,Newtonbrook East (50),7,4.5,2,1.0,22.0,,43.78156,-79.407481,2017-03-12 13:02:48.870041
12496373,45172809,Private room,,Annex (95),4,5.0,1,1.0,25.0,,43.668018,-79.412878,2017-03-12 13:02:48.858639
6853669,7960722,Private room,,Pleasant View (46),19,4.5,1,1.0,27.0,,43.781291,-79.332005,2017-03-12 13:02:48.855446
11608327,46024106,Private room,,Dovercourt-Wallace Emerson-Junction (93),12,4.5,1,1.0,31.0,,43.662929,-79.436291,2017-03-12 13:02:48.851994
15459585,84550800,Private room,,Danforth (66),16,5.0,1,1.0,34.0,,43.684409,-79.325082,2017-03-12 13:02:48.849612
7438312,12056221,Private room,,Dovercourt-Wallace Emerson-Junction (93),5,5.0,2,1.0,21.0,,43.661036,-79.43254,2017-03-12 13:02:48.846682
12334721,21737657,Private room,,Willowdale East (51),24,4.5,2,1.0,28.0,,43.7807,-79.407371,2017-03-12 13:02:48.843439
16601456,108852288,Private room,,Glenfield-Jane Heights (25),3,5.0,2,1.0,20.0,,43.745693,-79.501194,2017-03-12 13:02:48.840773
8238835,30753730,Private room,,York University Heights (27),16,4.5,1,1.0,30.0,,43.76874,-79.502254,2017-03-12 13:02:48.836407
13646675,9304768,Private room,,Palmerston-Little Italy (80),19,5.0,1,1.0,31.0,,43.659516,-79.418367,2017-03-12 13:02:48.834079
8484974,30561914,Private room,,Niagara (82),72,5.0,2,1.0,37.0,,43.642537,-79.408128,2017-03-12 13:02:48.827375
15026929,78807015,Private room,,Dorset Park (126),29,5.0,2,1.0,31.0,,43.762879,-79.290913,2017-03-12 13:02:48.824783
1246912,2440089,Private room,,Dovercourt-Wallace Emerson-Junction (93),79,4.5,1,1.0,38.0,,43.662339,-79.439198,2017-03-12 13:02:48.817865
17023515,17356780,Private room,,Roncesvalles (86),0,0.0,1,1.0,22.0,,43.646265,-79.448618,2017-03-12 13:02:47.446060
12493046,45034679,Private room,,Bay Street Corridor (76),0,0.0,2,1.0,23.0,,43.666394,-79.388984,2017-03-12 13:02:47.443901
7621569,39977536,Private room,,Woburn (137),11,4.5,2,1.0,23.0,,43.743253,-79.229383,2017-03-12 13:02:47.440798
7948423,30593040,Private room,,East End-Danforth (62),11,5.0,1,1.0,25.0,,43.682354,-79.295814,2017-03-12 13:02:47.437397
15280415,57225398,Private room,,Bendale (127),29,5.0,2,1.0,38.0,,43.773567,-79.25409,2017-03-12 13:02:47.434924
12988297,30593040,Private room,,East End-Danforth (62),10,5.0,2,1.0,25.0,,43.684682,-79.296993,2017-03-12 13:02:47.432587
16756695,62228852,Private room,,Yorkdale-Glen Park (31),0,0.0,1,1.0,23.0,,43.724078,-79.458951,2017-03-12 13:02:47.430359
7025686,10857758,Private room,,Dovercourt-Wallace Emerson-Junction (93),18,5.0,1,1.0,34.0,,43.663487,-79.425358,2017-03-12 13:02:47.427729
14836072,2479385,Private room,,Willowdale East (51),5,4.0,2,1.0,25.0,,43.771771,-79.410956,2017-03-12 13:02:47.425664
10970162,25816620,Private room,,Church-Yonge Corridor (75),62,5.0,1,1.0,37.0,,43.6514,-79.374402,2017-03-12 13:02:47.423132
12924888,2479385,Private room,,Willowdale East (51),16,4.5,2,1.0,25.0,,43.779866,-79.407099,2017-03-12 13:02:47.420527
9494501,6096034,Private room,,Pleasant View (46),8,4.5,1,1.0,20.0,,43.790848,-79.341217,2017-03-12 13:02:47.416743
15322037,92357210,Private room,,Willowdale West (37),5,5.0,2,1.0,23.0,,43.776325,-79.422091,2017-03-12 13:02:47.412933
15027540,19990671,Private room,,Clanton Park (33),14,5.0,2,1.0,28.0,,43.73501,-79.45093,2017-03-12 13:02:47.409106
12312940,22731871,Private room,,Eglinton East (138),10,4.5,1,1.0,21.0,,43.739232,-79.261632,2017-03-12 13:02:47.405889
12812598,69801262,Private room,,Little Portugal (84),19,5.0,2,1.0,33.0,,43.65139,-79.432722,2017-03-12 13:02:45.476214
17137395,115071828,Private room,,Cabbagetown-South St.James Town (71),2,0.0,2,1.0,34.0,,43.664302,-79.371418,2017-03-12 13:02:45.474301
17175506,115071828,Private room,,Cabbagetown-South St.James Town (71),2,0.0,2,1.0,31.0,,43.663743,-79.372406,2017-03-12 13:02:45.472440
1643417,1427329,Private room,,High Park-Swansea (87),9,5.0,2,1.0,32.0,,43.651434,-79.455314,2017-03-12 13:02:45.470192
10861425,4010627,Private room,,Little Portugal (84),65,4.5,4,1.0,27.0,,43.652298,-79.430808,2017-03-12 13:02:45.467883
14842829,92885934,Private room,,Wexford/Maryvale (119),13,5.0,2,1.0,37.0,,43.739674,-79.307456,2017-03-12 13:02:45.465548
12082687,27243616,Private room,,Willowdale East (51),8,5.0,1,1.0,31.0,,43.768907,-79.41012,2017-03-12 13:02:45.460433
15097290,30989367,Private room,,Danforth East York (59),5,5.0,3,1.0,30.0,,43.686877,-79.338566,2017-03-12 13:02:45.456730
16811872,1415681,Private room,,Cabbagetown-South St.James Town (71),3,4.5,2,1.0,23.0,,43.668817,-79.36929,2017-03-12 13:02:45.454651
10573353,47652141,Private room,,Milliken (130),22,4.5,2,1.0,20.0,,43.816387,-79.289248,2017-03-12 13:02:45.452555
16228390,106049008,Private room,,South Parkdale (85),7,4.5,1,1.0,37.0,,43.640397,-79.423611,2017-03-12 13:02:45.450372
12712138,69110308,Private room,,Bay Street Corridor (76),0,0.0,1,1.0,38.0,,43.666341,-79.389892,2017-03-12 13:02:45.448175
17030898,114257898,Private room,,Newtonbrook West (36),2,0.0,1,1.0,38.0,,43.779724,-79.416182,2017-03-12 13:02:45.445957
5631396,29185641,Private room,,Waterfront Communities-The Island (77),151,5.0,2,1.0,37.0,,43.643321,-79.401756,2017-03-12 13:02:43.786657
12927213,58499207,Private room,,Oakridge (121),1,0.0,2,1.0,10.0,,43.692244,-79.283571,2017-03-12 13:02:43.783903
16502294,2571682,Private room,,Dufferin Grove (83),0,0.0,2,1.0,31.0,,43.6515,-79.440948,2017-03-12 13:02:43.781719
17096476,113147806,Private room,,Oakwood Village (107),6,5.0,2,1.0,15.0,,43.69682,-79.443129,2017-03-12 13:02:43.779518
2434313,970712,Private room,,Dovercourt-Wallace Emerson-Junction (93),84,4.5,2,1.0,25.0,,43.665464,-79.447137,2017-03-12 13:02:43.774283
15512968,38273000,Private room,,Newtonbrook East (50),1,0.0,3,1.0,32.0,,43.780521,-79.412221,2017-03-12 13:02:43.769947
2817835,14405518,Private room,,Kensington-Chinatown (78),88,5.0,2,1.0,31.0,,43.650882,-79.401412,2017-03-12 13:02:43.763512
11648476,2479385,Private room,,Willowdale East (51),11,4.5,1,1.0,25.0,,43.759536,-79.405212,2017-03-12 13:02:43.760676
17126120,114257898,Private room,,Newtonbrook West (36),1,0.0,1,1.0,38.0,,43.779672,-79.416563,2017-03-12 13:02:43.755348
17670574,2479385,Private room,,Willowdale East (51),0,0.0,1,1.0,19.0,,43.767838,-79.408057,2017-03-12 13:02:43.753350
14068572,4526461,Private room,,South Parkdale (85),24,4.5,1,1.0,31.0,,43.637223,-79.445141,2017-03-12 13:02:43.751294
17136768,20232735,Private room,,University (79),2,0.0,2,1.0,34.0,,43.661888,-79.40351,2017-03-12 13:02:43.749081
15866670,85848553,Private room,,Henry Farm (53),5,4.5,2,1.0,23.0,,43.774124,-79.338036,2017-03-12 13:02:43.746912
15518429,2479385,Private room,,Willowdale East (51),1,0.0,2,1.0,20.0,,43.773011,-79.412576,2017-03-12 13:02:43.744673
16952250,60074525,Private room,,Lawrence Park South (103),2,0.0,2,1.0,23.0,,43.723005,-79.402529,2017-03-12 13:02:42.874788
3229735,2966839,Private room,,Palmerston-Little Italy (80),11,4.5,2,1.0,28.0,,43.659724,-79.425334,2017-03-12 13:02:42.872344
16299813,61168311,Private room,,New Toronto (18),6,5.0,2,1.0,37.0,,43.599652,-79.504992,2017-03-12 13:02:42.870098
9586519,24085234,Private room,,Caledonia-Fairbank (109),3,5.0,1,1.0,34.0,,43.686771,-79.459004,2017-03-12 13:02:42.867985
6953962,36358123,Private room,,North Riverdale (68),15,5.0,2,1.0,36.0,,43.666453,-79.352456,2017-03-12 13:02:42.864767
14041874,84147907,Private room,,Henry Farm (53),8,5.0,1,1.0,18.0,,43.769109,-79.351806,2017-03-12 13:02:42.862247
15522751,4010627,Private room,,North St.James Town (74),22,5.0,3,1.0,27.0,,43.669547,-79.372106,2017-03-12 13:02:42.858304
16315235,89943803,Private room,,Hillcrest Village (48),3,5.0,2,1.0,24.0,,43.801043,-79.354468,2017-03-12 13:02:42.855766
14661474,29191212,Private room,,Little Portugal (84),18,5.0,2,1.0,35.0,,43.649622,-79.431091,2017-03-12 13:02:42.852762
17282582,112763175,Private room,,Church-Yonge Corridor (75),0,0.0,1,1.0,34.0,,43.658036,-79.377189,2017-03-12 13:02:42.850190
16630396,105476124,Private room,,Trinity-Bellwoods (81),6,4.5,2,1.0,31.0,,43.64589,-79.421244,2017-03-12 13:02:42.844877
15272653,18716767,Private room,,Danforth (66),4,5.0,1,1.0,34.0,,43.682587,-79.340962,2017-03-12 13:02:42.837514
15998244,5264859,Private room,,Church-Yonge Corridor (75),11,5.0,2,1.0,40.0,,43.669133,-79.381849,2017-03-12 13:02:42.831271
14266637,65383919,Private room,,Bayview Woods-Steeles (49),9,4.5,2,1.0,34.0,,43.802494,-79.376819,2017-03-12 13:02:42.826488
17605642,119655854,Private room,,Danforth (66),0,0.0,4,3.0,31.0,,43.685538,-79.316921,2017-03-12 13:02:42.822690
14780741,26848763,Private room,,South Parkdale (85),4,5.0,2,1.0,29.0,,43.637378,-79.441438,2017-03-12 13:02:41.558462
15746063,47895200,Private room,,Casa Loma (96),0,0.0,1,1.0,31.0,,43.676817,-79.412236,2017-03-12 13:02:41.553228
12830492,53233267,Private room,,Scarborough Village (139),6,4.0,1,1.0,22.0,,43.743899,-79.215647,2017-03-12 13:02:41.550452
6912912,33429610,Private room,,Bayview Woods-Steeles (49),33,4.5,1,1.0,23.0,,43.794499,-79.376641,2017-03-12 13:02:41.547231
17665852,65394410,Private room,,Downsview-Roding-CFB (26),0,0.0,2,1.0,23.0,,43.729332,-79.504078,2017-03-12 13:02:41.543394
15802081,102246462,Private room,,Oakwood Village (107),1,0.0,1,1.0,23.0,,43.688886,-79.442167,2017-03-12 13:02:41.541283
9487278,21253164,Private room,,East End-Danforth (62),2,0.0,2,1.0,31.0,,43.682122,-79.300086,2017-03-12 13:02:41.537059
1639953,2741400,Private room,,Palmerston-Little Italy (80),56,4.5,3,1.0,37.0,,43.656521,-79.417921,2017-03-12 13:02:41.534327
17284016,87364912,Private room,,East End-Danforth (62),3,3.0,2,1.0,32.0,,43.686372,-79.290191,2017-03-12 13:02:41.532452
15783666,69355113,Private room,,Henry Farm (53),4,4.5,1,1.0,34.0,,43.768243,-79.34075,2017-03-12 13:02:41.530453
12751535,69358188,Private room,,South Riverdale (70),29,5.0,2,1.0,29.0,,43.658608,-79.342094,2017-03-12 13:02:41.525833
11531274,4010627,Private room,,Little Portugal (84),35,4.5,3,1.0,27.0,,43.651504,-79.431518,2017-03-12 13:02:41.523589
677355,2741400,Private room,,Palmerston-Little Italy (80),55,4.5,2,1.0,35.0,,43.658059,-79.41356,2017-03-12 13:02:41.520655
17184710,22929016,Private room,,Moss Park (73),4,4.5,2,1.0,28.0,,43.656982,-79.36832,2017-03-12 13:02:41.518617
15565595,49092095,Private room,,Agincourt South-Malvern West (128),8,5.0,2,1.0,20.0,,43.792338,-79.283805,2017-03-12 13:02:40.094435
16268689,2479385,Private room,,Willowdale East (51),0,0.0,3,1.0,27.0,,43.773429,-79.412713,2017-03-12 13:02:40.091637
15223941,47895200,Private room,,Casa Loma (96),3,4.5,2,1.0,20.0,,43.67661,-79.412684,2017-03-12 13:02:40.089446
9153709,47652141,Private room,,Milliken (130),42,4.5,2,1.0,23.0,,43.816759,-79.290575,2017-03-12 13:02:40.086736
14667672,34507819,Private room,,Willowdale West (37),14,4.5,2,1.0,23.0,,43.768326,-79.417983,2017-03-12 13:02:40.079661
17284282,87364912,Private room,,East End-Danforth (62),5,5.0,2,1.0,32.0,,43.686785,-79.292175,2017-03-12 13:02:40.076763
17175959,115071828,Private room,,Cabbagetown-South St.James Town (71),5,5.0,2,1.0,34.0,,43.664074,-79.367182,2017-03-12 13:02:40.073747
16053558,70230117,Private room,,Palmerston-Little Italy (80),3,3.5,2,1.0,25.0,,43.662056,-79.425017,2017-03-12 13:02:40.068135
15480284,21737657,Private room,,Willowdale East (51),4,5.0,2,1.0,28.0,,43.773434,-79.410503,2017-03-12 13:02:40.065135
5891703,30597584,Private room,,East End-Danforth (62),10,4.5,1,1.0,22.0,,43.689122,-79.307249,2017-03-12 13:02:40.061891
11356585,52409264,Private room,,Corso Italia-Davenport (92),13,4.5,2,1.0,28.0,,43.673928,-79.44878,2017-03-12 13:02:40.055812
8248491,19461277,Private room,,Church-Yonge Corridor (75),119,4.5,4,1.0,37.0,,43.655672,-79.375819,2017-03-12 13:02:40.052731
14077062,84593226,Private room,,Roncesvalles (86),18,4.5,2,1.0,32.0,,43.644576,-79.447557,2017-03-12 13:02:38.583625
15918765,21737657,Private room,,Willowdale East (51),12,5.0,2,1.0,31.0,,43.758066,-79.407275,2017-03-12 13:02:38.581463
4257150,22092077,Private room,,South Riverdale (70),91,4.5,2,1.0,34.0,,43.661921,-79.333453,2017-03-12 13:02:38.572371
4187372,21724217,Private room,,O'Connor-Parkview (54),16,5.0,1,1.0,22.0,,43.710191,-79.324814,2017-03-12 13:02:38.569344
14836149,92814068,Private room,,Cabbagetown-South St.James Town (71),13,5.0,1,1.0,40.0,,43.666496,-79.371663,2017-03-12 13:02:38.567278
15485032,17560633,Private room,,Newtonbrook West (36),12,5.0,4,1.0,34.0,,43.779013,-79.421209,2017-03-12 13:02:38.565273
12806778,69801262,Private room,,Dufferin Grove (83),7,5.0,2,1.0,33.0,,43.653477,-79.433188,2017-03-12 13:02:38.563001
15342503,65383919,Private room,,Bayview Woods-Steeles (49),14,4.5,2,1.0,31.0,,43.80402,-79.377172,2017-03-12 13:02:38.556468
15257382,97043617,Private room,,Yorkdale-Glen Park (31),12,5.0,2,1.0,23.0,,43.70733,-79.464865,2017-03-12 13:02:38.552857
14126875,76645687,Private room,,Mimico (includes Humber Bay Shores) (17),17,5.0,2,1.0,31.0,,43.619206,-79.500215,2017-03-12 13:02:38.550192
6558509,8540894,Private room,,Annex (95),39,5.0,2,1.0,35.0,,43.669613,-79.405379,2017-03-12 13:02:38.544468
1631386,4297691,Private room,,Dovercourt-Wallace Emerson-Junction (93),61,5.0,2,1.0,32.0,,43.663807,-79.439599,2017-03-12 13:02:36.788520
6831764,24346665,Private room,,York University Heights (27),11,5.0,1,1.0,30.0,,43.768738,-79.497132,2017-03-12 13:02:36.785505
13396981,76222237,Private room,,Dovercourt-Wallace Emerson-Junction (93),15,4.0,2,1.0,27.0,,43.665275,-79.427884,2017-03-12 13:02:36.782721
12916702,51076793,Private room,,York University Heights (27),14,4.0,1,1.0,27.0,,43.766496,-79.497288,2017-03-12 13:02:36.778691
16915746,2134070,Private room,,Kensington-Chinatown (78),7,5.0,2,1.0,37.0,,43.654566,-79.406436,2017-03-12 13:02:36.776136
14298268,32857505,Private room,,South Riverdale (70),6,5.0,1,1.0,30.0,,43.660634,-79.335358,2017-03-12 13:02:36.772274
16290343,33901928,Private room,,Waterfront Communities-The Island (77),5,4.5,1,1.0,31.0,,43.639249,-79.396999,2017-03-12 13:02:36.769800
7499427,16081015,Private room,,Dovercourt-Wallace Emerson-Junction (93),31,5.0,2,1.0,26.0,,43.668438,-79.448116,2017-03-12 13:02:36.767609
15530165,60343105,Private room,,South Riverdale (70),3,5.0,2,1.0,31.0,,43.671135,-79.329635,2017-03-12 13:02:36.765313
9714889,18060228,Private room,,North St.James Town (74),55,5.0,2,1.0,34.0,,43.668343,-79.376986,2017-03-12 13:02:36.760044
15888913,21737657,Private room,,Willowdale East (51),8,5.0,2,1.0,27.0,,43.771332,-79.410657,2017-03-12 13:02:36.757702
13388488,26848763,Private room,,Roncesvalles (86),7,5.0,1,1.0,27.0,,43.644218,-79.443695,2017-03-12 13:02:36.750778
6406028,20667851,Private room,,Regent Park (72),125,4.5,1,1.0,38.0,,43.657599,-79.362458,2017-03-12 13:02:36.748355
8568412,16617638,Private room,,Banbury-Don Mills (42),9,5.0,2,1.0,32.0,,43.731297,-79.348396,2017-03-12 13:02:35.218795
16301292,61168311,Private room,,New Toronto (18),6,5.0,1,1.0,33.0,,43.597821,-79.506492,2017-03-12 13:02:35.216457
15060055,71465348,Private room,,Little Portugal (84),7,4.0,2,1.0,28.0,,43.647166,-79.430411,2017-03-12 13:02:35.214381
15916624,99414569,Private room,,Downsview-Roding-CFB (26),8,5.0,1,1.0,20.0,,43.726681,-79.510791,2017-03-12 13:02:35.210717
16387194,75008823,Private room,,Little Portugal (84),2,0.0,2,1.0,23.0,,43.650552,-79.432516,2017-03-12 13:02:35.208336
16381568,71712947,Private room,,High Park North (88),5,5.0,2,1.0,30.0,,43.65888,-79.462668,2017-03-12 13:02:35.206050
10161682,4010627,Private room,,Little Portugal (84),63,4.5,3,1.0,28.0,,43.652082,-79.430696,2017-03-12 13:02:35.201655
12972399,53820166,Private room,,Edenbridge-Humber Valley (9),79,5.0,2,1.0,26.0,,43.682158,-79.511304,2017-03-12 13:02:35.199142
11508705,43043325,Private room,,High Park-Swansea (87),82,5.0,2,1.0,36.0,,43.648186,-79.45048,2017-03-12 13:02:35.193452
14836060,2479385,Private room,,Newtonbrook East (50),8,5.0,1,1.0,25.0,,43.783779,-79.403517,2017-03-12 13:02:35.189417
9536310,49092095,Private room,,Milliken (130),18,4.0,2,1.0,25.0,,43.817258,-79.29424,2017-03-12 13:02:35.186562
13912181,7966057,Private room,,Dovercourt-Wallace Emerson-Junction (93),23,5.0,3,1.0,27.0,,43.66192,-79.431452,2017-03-12 13:02:35.184449
17097334,21737657,Private room,,Willowdale East (51),0,0.0,2,1.0,22.0,,43.759375,-79.402817,2017-03-12 13:02:35.180907
15956122,21737657,Private room,,Willowdale East (51),10,4.5,2,1.0,27.0,,43.75817,-79.407097,2017-03-12 13:02:35.178274
16704291,86009017,Private room,,Junction Area (90),4,4.5,2,1.0,23.0,,43.662033,-79.479324,2017-03-12 13:02:33.944958
10752751,17412262,Private room,,Roncesvalles (86),29,4.5,2,1.0,22.0,,43.64979,-79.449637,2017-03-12 13:02:33.942719
10528350,53098858,Private room,,Morningside (135),4,5.0,1,1.0,16.0,,43.76849,-79.205923,2017-03-12 13:03:23.712655
11087074,57563617,Private room,,Highland Creek (134),0,0.0,2,1.0,38.0,,43.7856,-79.177497,2017-03-12 13:03:23.702800
12322452,66479287,Private room,,West Hill (136),9,5.0,1,1.0,25.0,,43.773368,-79.17276,2017-03-12 13:03:23.699997
3043322,15497065,Private room,,Woburn (137),0,0.0,1,1.0,38.0,,43.781309,-79.229879,2017-03-12 13:03:23.697250
15925730,103336540,Private room,,Rouge (131),0,0.0,2,1.0,21.0,,43.796741,-79.142849,2017-03-12 13:03:23.691971
13752602,80588076,Private room,,Morningside (135),4,3.5,2,1.0,22.0,,43.787648,-79.195806,2017-03-12 13:03:23.689784
15543916,100015662,Private room,,Highland Creek (134),2,0.0,2,1.0,38.0,,43.786307,-79.167218,2017-03-12 13:03:23.683733
14398733,88500861,Private room,,Bendale (127),11,5.0,4,1.0,34.0,,43.769016,-79.260581,2017-03-12 13:03:22.547300
10496433,46116579,Private room,,Agincourt South-Malvern West (128),13,5.0,2,1.0,25.0,,43.792462,-79.242211,2017-03-12 13:03:22.545134
16846122,67544227,Private room,,Agincourt South-Malvern West (128),0,0.0,2,1.0,22.0,,43.786761,-79.260225,2017-03-12 13:03:22.542928
16725255,110876598,Private room,,Woburn (137),0,0.0,1,1.0,31.0,,43.780908,-79.246577,2017-03-12 13:03:22.529181
14108866,84976627,Private room,,Rouge (131),1,0.0,2,1.0,27.0,,43.808092,-79.164437,2017-03-12 13:03:21.746522
9227493,47973512,Private room,,Morningside (135),0,0.0,2,1.0,34.0,,43.79024,-79.212161,2017-03-12 13:03:21.730779
17459266,32375184,Private room,,Centennial Scarborough (133),0,0.0,2,1.0,34.0,,43.785949,-79.143056,2017-03-12 13:03:20.435744
15377556,39022711,Private room,,Rouge (131),2,0.0,1,1.0,27.0,,43.801163,-79.143433,2017-03-12 13:03:20.433158
13970541,83057596,Private room,,Malvern (132),0,0.0,2,1.0,31.0,,43.81331,-79.210036,2017-03-12 13:03:20.428881
14593432,38334534,Private room,,Centennial Scarborough (133),1,0.0,1,1.0,27.0,,43.790861,-79.149227,2017-03-12 13:03:20.424941
16795971,3355936,Private room,,West Hill (136),0,0.0,2,1.0,22.0,,43.771962,-79.188788,2017-03-12 13:03:20.420823
12916643,66837657,Private room,,Bayview Woods-Steeles (49),4,5.0,1,1.0,20.0,,43.803735,-79.380512,2017-03-12 13:03:17.572288
13676080,79592122,Private room,,Oakridge (121),0,0.0,2,1.0,38.0,,43.694093,-79.286055,2017-03-12 13:03:17.568058
17565514,119250515,Private room,,Steeles (116),0,0.0,3,3.0,23.0,,43.806481,-79.329319,2017-03-12 13:03:17.564487
10705905,49224579,Private room,,Ionview (125),33,4.5,1,1.0,22.0,,43.737551,-79.266798,2017-03-12 13:03:17.560180
14111846,70045953,Private room,,Wexford/Maryvale (119),1,0.0,1,1.0,27.0,,43.744512,-79.296103,2017-03-12 13:03:17.556363
8309118,32044025,Private room,,Bayview Woods-Steeles (49),5,5.0,1,1.0,30.0,,43.793178,-79.372778,2017-03-12 13:03:17.552222
15239062,70849121,Private room,,Agincourt South-Malvern West (128),1,0.0,2,1.0,23.0,,43.794233,-79.282243,2017-03-12 13:03:17.550064
14670531,45898635,Private room,,Birchcliffe-Cliffside (122),4,5.0,2,1.0,23.0,,43.691509,-79.274139,2017-03-12 13:03:17.541682
14388546,71953386,Private room,,Banbury-Don Mills (42),3,4.5,2,1.0,34.0,,43.730787,-79.33601,2017-03-12 13:03:16.181911
6783405,35463989,Private room,,L'Amoreaux (117),4,5.0,2,1.0,27.0,,43.788717,-79.308117,2017-03-12 13:03:16.179941
9514620,49092095,Private room,,Milliken (130),14,3.5,4,1.0,20.0,,43.819229,-79.293378,2017-03-12 13:03:16.177132
7194765,10734585,Private room,,Agincourt South-Malvern West (128),0,0.0,1,1.0,41.0,,43.779506,-79.274633,2017-03-12 13:03:16.173177
17408112,21737657,Private room,,Willowdale East (51),0,0.0,2,1.0,28.0,,43.760702,-79.404956,2017-03-12 13:03:16.168859
7872877,32044025,Private room,,Oakridge (121),5,5.0,1,1.0,23.0,,43.699501,-79.276511,2017-03-12 13:03:16.166240
14436694,70849121,Private room,,Agincourt South-Malvern West (128),5,4.0,2,1.0,23.0,,43.79745,-79.284407,2017-03-12 13:03:16.164056
4084975,3377580,Private room,,Ionview (125),5,4.0,2,1.0,38.0,,43.732323,-79.274304,2017-03-12 13:03:16.158081
9684449,1541602,Private room,,Dorset Park (126),2,0.0,1,1.0,27.0,,43.744884,-79.273788,2017-03-12 13:03:16.154133
17099870,99807446,Private room,,Highland Creek (134),0,0.0,1,1.0,20.0,,43.791035,-79.184705,2017-03-12 13:03:16.150593
6768725,35440755,Private room,,L'Amoreaux (117),7,5.0,1,1.0,22.0,,43.80066,-79.304908,2017-03-12 13:03:15.365311
14452406,70849121,Private room,,Agincourt North (129),6,5.0,4,1.0,38.0,,43.798263,-79.283448,2017-03-12 13:03:15.363068
14760111,71585376,Private room,,Cliffcrest (123),1,0.0,2,1.0,38.0,,43.717841,-79.249335,2017-03-12 13:03:15.360922
6039427,7960722,Private room,,Pleasant View (46),48,4.5,2,1.0,37.0,,43.781075,-79.332049,2017-03-12 13:03:15.357704
12916228,66837657,Private room,,Bayview Woods-Steeles (49),3,5.0,2,1.0,25.0,,43.805222,-79.380211,2017-03-12 13:03:15.355060
15214702,49380886,Private room,,Wexford/Maryvale (119),1,0.0,4,1.0,29.0,,43.761792,-79.304003,2017-03-12 13:03:15.350195
15877462,102948990,Private room,,Steeles (116),1,0.0,2,1.0,37.0,,43.811557,-79.329805,2017-03-12 13:03:15.345817
16231882,50209294,Private room,,Clairlea-Birchmount (120),0,0.0,1,1.0,38.0,,43.719959,-79.300513,2017-03-12 13:03:15.338500
5276090,2748677,Private room,,Woodbine-Lumsden (60),32,4.5,3,1.0,29.0,,43.698614,-79.317594,2017-03-12 13:03:15.333744
16406591,107490688,Private room,,Malvern (132),4,5.0,4,1.0,31.0,,43.795828,-79.221228,2017-03-12 13:03:15.329235
15237703,62286854,Private room,,Agincourt South-Malvern West (128),0,0.0,2,1.0,38.0,,43.778628,-79.280336,2017-03-12 13:03:13.912472
14336726,87784713,Private room,,Ionview (125),2,0.0,2,1.0,31.0,,43.734871,-79.268617,2017-03-12 13:03:13.907984
14210864,86125867,Private room,,Dorset Park (126),3,5.0,5,1.0,27.0,,43.766844,-79.275603,2017-03-12 13:03:13.904702
14475118,60634211,Private room,,Parkwoods-Donalda (45),1,0.0,2,1.0,33.0,,43.763845,-79.347011,2017-03-12 13:03:13.900881
13155894,53098858,Private room,,Morningside (135),2,0.0,3,1.0,16.0,,43.76784,-79.206849,2017-03-12 13:03:13.898723
13379327,68101823,Private room,,Pleasant View (46),11,4.0,2,1.0,20.0,,43.79023,-79.341883,2017-03-12 13:03:13.889403
16783384,21737657,Private room,,Willowdale East (51),0,0.0,2,1.0,27.0,,43.761505,-79.403621,2017-03-12 13:03:13.887244
14452544,70849121,Private room,,Tam O'Shanter-Sullivan (118),0,0.0,1,1.0,31.0,,43.793656,-79.290744,2017-03-12 13:03:13.884995
17361546,43266988,Private room,,Bendale (127),0,0.0,2,1.0,34.0,,43.754259,-79.259188,2017-03-12 13:03:13.879278
10552810,54429478,Private room,,West Hill (136),13,4.5,3,1.0,25.0,,43.767489,-79.179544,2017-03-12 13:03:13.877203
5029470,25960834,Private room,,Woburn (137),16,5.0,3,1.0,23.0,,43.759178,-79.212218,2017-03-12 13:03:13.869946
13063013,66479287,Private room,,West Hill (136),7,4.5,1,1.0,23.0,,43.773538,-79.170739,2017-03-12 13:03:12.417345
16897556,95023036,Private room,,Hillcrest Village (48),0,0.0,2,1.0,23.0,,43.800941,-79.346194,2017-03-12 13:03:12.415056
10591333,54644072,Private room,,Kennedy Park (124),6,5.0,1,1.0,19.0,,43.722645,-79.252159,2017-03-12 13:03:12.412440
10393173,2479385,Private room,,Newtonbrook East (50),16,4.5,2,1.0,28.0,,43.782341,-79.40496,2017-03-12 13:03:12.408749
5234649,27090951,Private room,,Henry Farm (53),26,5.0,2,1.0,34.0,,43.769044,-79.343015,2017-03-12 13:03:12.406298
14979419,70849121,Private room,,Agincourt South-Malvern West (128),1,0.0,2,1.0,23.0,,43.792728,-79.286364,2017-03-12 13:03:12.403654
17241114,115993008,Private room,,Pleasant View (46),1,0.0,2,1.0,20.0,,43.790329,-79.34065,2017-03-12 13:03:12.401497
4164402,16471038,Private room,,Clairlea-Birchmount (120),37,5.0,2,1.0,35.0,,43.702861,-79.274634,2017-03-12 13:03:12.398273
6847321,35878579,Private room,,Hillcrest Village (48),20,4.5,2,1.0,29.0,,43.804225,-79.36988,2017-03-12 13:03:12.388152
15343781,44439006,Private room,,Dorset Park (126),2,0.0,2,1.0,37.0,,43.745917,-79.27567,2017-03-12 13:03:11.004357
16323682,105506146,Private room,,Morningside (135),0,0.0,1,1.0,38.0,,43.78493,-79.196663,2017-03-12 13:03:10.999012
16180756,8503149,Private room,,Birchcliffe-Cliffside (122),2,0.0,2,1.0,27.0,,43.706106,-79.25476,2017-03-12 13:03:10.993190
5666776,16853533,Private room,,Parkwoods-Donalda (45),57,5.0,2,1.0,40.0,,43.760602,-79.332225,2017-03-12 13:03:10.990261
7851349,32044025,Private room,,Oakridge (121),7,4.5,1,1.0,27.0,,43.698139,-79.276468,2017-03-12 13:03:10.985115
10947512,2479385,Private room,,Newtonbrook East (50),18,5.0,2,1.0,27.0,,43.783539,-79.404395,2017-03-12 13:03:10.978078
13551125,32307248,Private room,,O'Connor-Parkview (54),0,0.0,1,1.0,34.0,,43.702838,-79.303063,2017-03-12 13:03:10.975776
12731142,43533857,Private room,,Tam O'Shanter-Sullivan (118),2,0.0,1,1.0,33.0,,43.774486,-79.320018,2017-03-12 13:03:10.970410
16366769,22533021,Private room,,Woburn (137),1,0.0,1,1.0,10.0,,43.781927,-79.246123,2017-03-12 13:03:10.965597
13370813,75922613,Private room,,Clairlea-Birchmount (120),11,5.0,2,1.0,34.0,,43.705419,-79.276933,2017-03-12 13:03:10.962846
13165935,66479287,Private room,,West Hill (136),10,4.5,1,1.0,24.0,,43.774972,-79.172204,2017-03-12 13:03:10.960737
13992788,83547279,Private room,,L'Amoreaux (117),2,0.0,2,1.0,37.0,,43.786151,-79.321469,2017-03-12 13:03:10.958073
11845860,63123409,Private room,,Bendale (127),1,0.0,1,1.0,38.0,,43.772747,-79.259082,2017-03-12 13:03:09.656510
238713,2194,Private room,,Clairlea-Birchmount (120),10,4.5,1,1.0,31.0,,43.724537,-79.275722,2017-03-12 13:03:09.647461
16735501,86820662,Private room,,Agincourt South-Malvern West (128),2,0.0,2,1.0,20.0,,43.783225,-79.284528,2017-03-12 13:03:09.645331
11477768,38819581,Private room,,Milliken (130),0,0.0,1,1.0,23.0,,43.825808,-79.291944,2017-03-12 13:03:09.639652
17239046,100085266,Private room,,Ionview (125),0,0.0,1,1.0,31.0,,43.726259,-79.272924,2017-03-12 13:03:09.637191
3300125,16667436,Private room,,Steeles (116),13,5.0,1,1.0,28.0,,43.815693,-79.325941,2017-03-12 13:03:09.632447
17653899,111443841,Private room,,Hillcrest Village (48),0,0.0,2,1.0,34.0,,43.800661,-79.364825,2017-03-12 13:03:09.627565
17526858,118841322,Private room,,Guildwood (140),0,0.0,1,1.0,27.0,,43.742905,-79.203146,2017-03-12 13:03:09.625503
10793280,13893030,Private room,,Taylor-Massey (61),11,4.5,2,1.0,34.0,,43.690985,-79.288728,2017-03-12 13:03:09.621164
14991391,94282491,Private room,,Pleasant View (46),2,0.0,1,1.0,23.0,,43.791805,-79.335215,2017-03-12 13:03:09.612086
15793090,38334534,Private room,,Centennial Scarborough (133),0,0.0,2,1.0,34.0,,43.790804,-79.148031,2017-03-12 13:03:08.299287
17032723,107490688,Private room,,Malvern (132),0,0.0,1,1.0,27.0,,43.797178,-79.221848,2017-03-12 13:03:08.297018
14655584,73054393,Private room,,Clairlea-Birchmount (120),3,4.5,2,1.0,34.0,,43.717112,-79.276964,2017-03-12 13:03:08.294248
9717308,14589464,Private room,,Eglinton East (138),1,0.0,1,1.0,23.0,,43.739936,-79.259917,2017-03-12 13:03:08.291417
14076530,35460541,Private room,,Don Valley Village (47),8,4.5,2,1.0,23.0,,43.790385,-79.344155,2017-03-12 13:03:08.283459
15738513,101699316,Private room,,Guildwood (140),1,0.0,1,1.0,27.0,,43.749836,-79.192008,2017-03-12 13:03:08.279658
13020835,56598592,Private room,,Pleasant View (46),18,4.0,4,1.0,34.0,,43.799982,-79.336954,2017-03-12 13:03:08.268883
2274060,1854872,Private room,,Flemingdon Park (44),12,4.0,1,1.0,31.0,,43.721226,-79.335851,2017-03-12 13:03:08.255940
14910037,93645776,Private room,,Birchcliffe-Cliffside (122),3,4.5,1,1.0,23.0,,43.705126,-79.258938,2017-03-12 13:03:08.253334
15303362,78807015,Private room,,Dorset Park (126),2,0.0,2,1.0,35.0,,43.765966,-79.281297,2017-03-12 13:03:06.878038
14788481,92202843,Private room,,West Hill (136),13,4.5,2,1.0,37.0,,43.756961,-79.199656,2017-03-12 13:03:06.869682
2183976,9096123,Private room,,Ionview (125),7,4.0,2,1.0,29.0,,43.741413,-79.274189,2017-03-12 13:03:06.867553
15726593,100353662,Private room,,Clairlea-Birchmount (120),3,5.0,2,1.0,30.0,,43.710735,-79.291898,2017-03-12 13:03:06.859208
4580887,20363967,Private room,,Danforth East York (59),54,5.0,2,1.0,38.0,,43.694111,-79.327046,2017-03-12 13:03:06.856364
14915775,93697568,Private room,,Clairlea-Birchmount (120),5,5.0,2,1.0,34.0,,43.704062,-79.274485,2017-03-12 13:03:06.851042
16555813,5907967,Private room,,L'Amoreaux (117),0,0.0,2,1.0,38.0,,43.798556,-79.290983,2017-03-12 13:03:06.847010
17443445,107273982,Private room,,Moss Park (73),4,5.0,2,1.0,31.0,,43.658114,-79.371157,2017-03-12 13:02:33.940619
13733748,8065467,Private room,,Oakridge (121),18,5.0,1,1.0,30.0,,43.69391,-79.274882,2017-03-12 13:02:33.936202
406646,1854872,Private room,,Flemingdon Park (44),12,4.5,1,1.0,31.0,,43.720288,-79.334727,2017-03-12 13:02:33.932554
17652579,109532973,Private room,,South Parkdale (85),0,0.0,2,1.0,28.0,,43.640702,-79.424599,2017-03-12 13:02:33.930593
1571119,2741400,Private room,,Palmerston-Little Italy (80),77,5.0,2,1.0,34.0,,43.656267,-79.413145,2017-03-12 13:02:33.928357
1053838,2741400,Private room,,Palmerston-Little Italy (80),60,4.5,2,1.0,34.0,,43.655212,-79.416538,2017-03-12 13:02:33.926007
17610649,94690393,Private room,,Henry Farm (53),0,0.0,2,1.0,31.0,,43.773479,-79.341315,2017-03-12 13:02:33.923797
16287979,106543781,Private room,,Corso Italia-Davenport (92),7,5.0,2,1.0,27.0,,43.675925,-79.442844,2017-03-12 13:02:33.920129
9551697,47652141,Private room,,Milliken (130),43,4.5,2,1.0,23.0,,43.817666,-79.290564,2017-03-12 13:02:33.917745
13315917,21148215,Private room,,Trinity-Bellwoods (81),46,5.0,1,1.0,30.0,,43.64867,-79.408163,2017-03-12 13:02:33.914789
17669423,120286956,Private room,,Willowdale West (37),0,0.0,2,1.0,25.0,,43.777297,-79.421813,2017-03-12 13:02:33.912503
5884147,28559655,Private room,,Black Creek (24),26,4.5,2,1.0,28.0,,43.763198,-79.52181,2017-03-12 13:02:33.907783
15791457,21737657,Private room,,Willowdale East (51),5,5.0,2,1.0,27.0,,43.77358,-79.411601,2017-03-12 13:02:32.307260
17610436,33901928,Private room,,Waterfront Communities-The Island (77),0,0.0,2,1.0,34.0,,43.640325,-79.397455,2017-03-12 13:02:32.305105
10749631,17412262,Private room,,Roncesvalles (86),24,4.5,1,1.0,22.0,,43.651204,-79.450259,2017-03-12 13:02:32.302118
14421919,88741933,Private room,,East End-Danforth (62),19,5.0,1,1.0,23.0,,43.681831,-79.291924,2017-03-12 13:02:32.299104
13751646,80572624,Private room,,Cabbagetown-South St.James Town (71),11,4.5,1,1.0,27.0,,43.668061,-79.369396,2017-03-12 13:02:32.297029
10650849,5417741,Private room,,Broadview North (57),44,5.0,1,1.0,21.0,,43.68477,-79.351297,2017-03-12 13:02:32.294965
1958709,7430545,Private room,,Willowdale East (51),200,5.0,2,1.0,37.0,,43.779112,-79.414324,2017-03-12 13:02:32.290767
9823587,50589991,Private room,,Kensington-Chinatown (78),12,5.0,2,1.0,23.0,,43.654959,-79.398956,2017-03-12 13:02:32.288357
13699960,32427114,Private room,,South Riverdale (70),23,4.5,2,1.0,34.0,,43.663629,-79.347103,2017-03-12 13:02:32.177135
15533980,53069911,Private room,,Niagara (82),18,5.0,2,1.0,37.0,,43.637903,-79.404676,2017-03-12 13:02:32.173292
6196536,30221116,Private room,,Greenwood-Coxwell (65),77,5.0,1,1.0,23.0,,43.665855,-79.325746,2017-03-12 13:02:32.170218
15023139,36454361,Private room,,Dufferin Grove (83),12,5.0,2,1.0,34.0,,43.656907,-79.440974,2017-03-12 13:02:32.167384
17133287,114257898,Private room,,Willowdale West (37),6,5.0,1,1.0,38.0,,43.778432,-79.417979,2017-03-12 13:02:32.165215
14975256,94338453,Private room,,Roncesvalles (86),4,5.0,2,1.0,34.0,,43.644454,-79.435849,2017-03-12 13:02:32.162702
16986849,113701340,Private room,,Clanton Park (33),0,0.0,2,1.0,24.0,,43.73438,-79.441862,2017-03-12 13:02:31.000397
15597602,2479385,Private room,,Willowdale East (51),8,5.0,1,1.0,19.0,,43.765724,-79.406704,2017-03-12 13:02:30.997224
16934036,113147806,Private room,,Oakwood Village (107),10,4.5,2,1.0,20.0,,43.696924,-79.442437,2017-03-12 13:02:30.994788
14303663,80572624,Private room,,Cabbagetown-South St.James Town (71),45,5.0,1,1.0,23.0,,43.669104,-79.36972,2017-03-12 13:02:30.992438
11775116,62687078,Private room,,Mount Pleasant West (104),28,4.5,1,1.0,23.0,,43.698821,-79.389772,2017-03-12 13:02:30.989453
13753373,80599856,Private room,,Dovercourt-Wallace Emerson-Junction (93),10,4.5,2,1.0,20.0,,43.66541,-79.424796,2017-03-12 13:02:30.986851
11659086,61877044,Private room,,Yonge-St.Clair (97),48,4.5,2,1.0,27.0,,43.686434,-79.394652,2017-03-12 13:02:30.983913
14978340,46945259,Private room,,Briar Hill-Belgravia (108),6,4.5,2,1.0,18.0,,43.698175,-79.447868,2017-03-12 13:02:30.980769
15019824,66668209,Private room,,Clanton Park (33),15,4.5,2,1.0,34.0,,43.738217,-79.448555,2017-03-12 13:02:30.977586
4092339,875035,Private room,,Trinity-Bellwoods (81),184,5.0,2,1.0,34.0,,43.647019,-79.409646,2017-03-12 13:02:30.974687
15397118,35521457,Private room,,Downsview-Roding-CFB (26),12,4.5,2,1.0,27.0,,43.726647,-79.481576,2017-03-12 13:02:30.972263
10967980,54644072,Private room,,Kennedy Park (124),39,5.0,1,1.0,16.0,,43.724523,-79.252856,2017-03-12 13:02:30.964793
12990882,71578764,Private room,,Dovercourt-Wallace Emerson-Junction (93),33,5.0,3,1.0,26.0,,43.667095,-79.447238,2017-03-12 13:02:30.961822
16303795,2568295,Private room,,University (79),11,5.0,2,1.0,38.0,,43.664809,-79.404388,2017-03-12 13:02:30.959296
9423034,26584155,Private room,,Dovercourt-Wallace Emerson-Junction (93),127,5.0,4,1.0,31.0,,43.669815,-79.432327,2017-03-12 13:02:30.954902
17541702,105654800,Private room,,East End-Danforth (62),1,0.0,1,1.0,16.0,,43.688741,-79.299291,2017-03-12 13:02:30.952159
15742387,101733449,Private room,,L'Amoreaux (117),8,5.0,2,1.0,31.0,,43.786537,-79.309427,2017-03-12 13:02:29.586394
15523207,4010627,Private room,,North St.James Town (74),23,5.0,3,1.0,27.0,,43.672257,-79.375116,2017-03-12 13:02:29.584150
16207713,105874590,Private room,,St.Andrew-Windfields (40),22,5.0,2,1.0,34.0,,43.750458,-79.379572,2017-03-12 13:02:29.581695
14117244,85081487,Private room,,Church-Yonge Corridor (75),18,4.5,1,1.0,29.0,,43.659868,-79.382448,2017-03-12 13:02:29.577699
16962519,31549562,Private room,,South Riverdale (70),3,5.0,2,1.0,31.0,,43.671097,-79.334743,2017-03-12 13:02:29.575067
14141907,63959924,Private room,,Waterfront Communities-The Island (77),4,5.0,2,1.0,30.0,,43.639989,-79.399472,2017-03-12 13:02:29.572533
15040384,71465348,Private room,,Little Portugal (84),25,4.0,2,1.0,28.0,,43.648322,-79.429882,2017-03-12 13:02:29.568335
7697165,34702454,Private room,,Leaside-Bennington (56),37,5.0,3,1.0,28.0,,43.701069,-79.366081,2017-03-12 13:02:29.564825
14592847,17602026,Private room,,Moss Park (73),23,5.0,1,1.0,28.0,,43.662632,-79.375468,2017-03-12 13:02:29.560266
14263377,49378194,Private room,,North St.James Town (74),59,4.5,3,1.0,35.0,,43.669302,-79.373545,2017-03-12 13:02:29.557804
16631425,36642234,Private room,,Mount Pleasant West (104),3,4.5,2,1.0,25.0,,43.711198,-79.395965,2017-03-12 13:02:29.555418
13666348,69355113,Private room,,Henry Farm (53),17,4.0,1,1.0,31.0,,43.775306,-79.345018,2017-03-12 13:02:29.549930
16933931,113147806,Private room,,Oakwood Village (107),5,4.0,2,1.0,22.0,,43.69629,-79.443032,2017-03-12 13:02:29.547818
7486942,18946002,Private room,,Niagara (82),79,4.5,2,1.0,27.0,,43.637825,-79.402667,2017-03-12 13:02:29.545619
16255623,68470112,Private room,,High Park North (88),6,5.0,2,1.0,27.0,,43.6563,-79.471739,2017-03-12 13:02:28.293186
17047306,107157336,Private room,,Kensington-Chinatown (78),2,0.0,2,1.0,31.0,,43.654392,-79.392947,2017-03-12 13:02:28.291001
11909687,63534646,Private room,,Weston (113),17,5.0,2,1.0,27.0,,43.697182,-79.51882,2017-03-12 13:02:28.288886
494140,2440089,Private room,,Dufferin Grove (83),73,4.5,1,1.0,38.0,,43.658112,-79.43415,2017-03-12 13:02:28.286272
5291029,2774870,Private room,,Kensington-Chinatown (78),83,4.5,1,1.0,20.0,,43.653134,-79.402927,2017-03-12 13:02:28.283739
3884821,13171467,Private room,,Oakwood Village (107),17,5.0,1,1.0,23.0,,43.692015,-79.443189,2017-03-12 13:02:28.278611
14585271,88741933,Private room,,East End-Danforth (62),22,5.0,1,1.0,23.0,,43.680692,-79.292648,2017-03-12 13:02:28.276536
12609494,33402072,Private room,,South Parkdale (85),38,5.0,2,1.0,25.0,,43.634946,-79.4339,2017-03-12 13:02:28.274020
14485406,4077029,Private room,,Kensington-Chinatown (78),25,4.5,1,1.0,27.0,,43.655183,-79.398929,2017-03-12 13:02:28.271604
6635679,31866491,Private room,,Palmerston-Little Italy (80),78,4.5,2,1.0,31.0,,43.658534,-79.42178,2017-03-12 13:02:28.266778
12434630,67261365,Private room,,Bedford Park-Nortown (39),28,4.5,2,1.0,22.0,,43.725164,-79.430716,2017-03-12 13:02:28.264830
14859789,41741196,Private room,,South Riverdale (70),31,5.0,2,1.0,31.0,,43.659987,-79.330297,2017-03-12 13:02:28.260296
13845515,81729044,Private room,,Dovercourt-Wallace Emerson-Junction (93),20,5.0,1,1.0,23.0,,43.668612,-79.436837,2017-03-12 13:02:28.257476
13367412,75883224,Private room,,Mount Pleasant West (104),15,5.0,2,1.0,32.0,,43.711091,-79.398265,2017-03-12 13:02:28.254409
15522373,49092095,Private room,,Agincourt South-Malvern West (128),14,5.0,2,1.0,20.0,,43.792005,-79.283831,2017-03-12 13:02:28.251762
14850988,113204,Private room,,Church-Yonge Corridor (75),41,5.0,1,1.0,28.0,,43.669335,-79.386065,2017-03-12 13:02:28.249081
15805110,60643616,Private room,,Dovercourt-Wallace Emerson-Junction (93),21,5.0,1,1.0,25.0,,43.668821,-79.423878,2017-03-12 13:02:26.780534
10521272,50681713,Private room,,Broadview North (57),94,5.0,2,1.0,38.0,,43.684903,-79.353579,2017-03-12 13:02:26.777615
15512289,21737657,Private room,,Willowdale East (51),7,4.5,2,1.0,27.0,,43.772872,-79.411739,2017-03-12 13:02:26.775479
16383256,2479385,Private room,,Willowdale East (51),0,0.0,1,1.0,22.0,,43.771524,-79.410071,2017-03-12 13:02:26.773295
13524767,27042758,Private room,,Greenwood-Coxwell (65),44,5.0,1,1.0,24.0,,43.676052,-79.32785,2017-03-12 13:02:26.771174
14340935,18345344,Private room,,Cabbagetown-South St.James Town (71),69,5.0,2,1.0,38.0,,43.670304,-79.369364,2017-03-12 13:02:26.767839
15549284,142682,Private room,,Old East York (58),34,5.0,2,1.0,29.0,,43.696244,-79.329914,2017-03-12 13:02:26.764975
16112024,59204259,Private room,,Dufferin Grove (83),18,5.0,3,1.0,28.0,,43.65331,-79.433336,2017-03-12 13:02:26.761935
17141311,45172809,Private room,,Annex (95),3,4.5,1,1.0,27.0,,43.667055,-79.411967,2017-03-12 13:02:26.759810
15604471,17794094,Private room,,Forest Hill North (102),5,5.0,1,1.0,31.0,,43.703839,-79.418203,2017-03-12 13:02:26.757522
5968455,30982599,Private room,,Palmerston-Little Italy (80),89,4.5,3,1.0,33.0,,43.658819,-79.422249,2017-03-12 13:02:26.754546
17478687,80572624,Private room,,North St.James Town (74),3,5.0,1,1.0,24.0,,43.668207,-79.372184,2017-03-12 13:02:26.752444
16830322,111834586,Private room,,Eglinton East (138),11,5.0,2,1.0,18.0,,43.740905,-79.233142,2017-03-12 13:02:26.750401
16933235,113147806,Private room,,Oakwood Village (107),12,5.0,1,1.0,21.0,,43.696256,-79.440924,2017-03-12 13:02:26.747867
14612719,62687078,Private room,,Mount Pleasant West (104),4,5.0,1,1.0,20.0,,43.698512,-79.387327,2017-03-12 13:02:26.745698
16205583,23976940,Private room,,Cabbagetown-South St.James Town (71),14,4.5,2,1.0,34.0,,43.665723,-79.372581,2017-03-12 13:02:26.743355
17404153,22525269,Private room,,Roncesvalles (86),1,0.0,2,1.0,25.0,,43.640658,-79.438029,2017-03-12 13:02:26.741182
16462815,35096547,Private room,,North St.James Town (74),17,4.5,2,1.0,34.0,,43.668846,-79.376139,2017-03-12 13:02:25.337876
